805
902
198
1271
189
1288
171
222
278
146
213
663
166
848
898
1255
213
213
1261
820
268
245
898
1260
823
208
722
260
276
879
194
1259
212
917
898
1265
252
685
1155
902
1257
791
836
1513
689
859
1248
917
695
783
1251
275
916
1222
661
222
291
916
222
1279
268
246
1250
866
1218
898
1543
1250
1265
293
789
252
263
1533
279
898
247
282
668
1246
659
243
815
723
887
829
661
283
1258
273
286
1262
922
1251
1251
697
280
694
284
290
675
249
249
1250
872
1266
295
1538
1260
296
722
919
288
291
211
877
252
263
653
701
236
723
257
259
899
675
275
868
685
702
848
233
674
899
1247
789
693
834
833
652
664
722
241
260
885
675
1260
704
661
652
284
856
1544
274
662
1537
292
290
722
1790
1538
290
1547
1255
1251
244
260
295
699
898
1268
1218
899
2005
860
1265
844
884
814
288
1266
288
852
287
694
680
898
1538
294
697
1223
279
846
1260
291
833
699
808
289
722
703
920
788
657
809
1222
288
681
268
271
1944
1259
1269
287
293
865
292
678
819
662
823
1539
869
852
902
801
1261
722
676
688
820
849
1224
258
1534
690
1251
666
722
1224
295
1259
840
1543
1526
722
288
668
680
1251
1226
1257
289
294
1251
296
1251
722
679
704
1545
795
289
1941
683
1529
1250
1224
1529
844
287
297
704
722
831
722
656
1533
876
1253
660
1521
659
1260
679
286
813
280
3266
667
293
692
290
286
653
819
898
824
1264
922
922
295
687
1650
1528
867
267
1535
1223
2595
2004
1218
677
1266
669
1221
294
857
1534
916
297
1263
1218
805
1640
851
674
294
1264
671
1260
697
293
294
692
853
899
1250
919
722
695
669
298
722
722
1223
1257
1257
884
852
812
681
297
667
675
677
882
854
293
866
3266
1251
796
671
1242
671
1261
295
296
1645
297
1653
3266
1266
804
1225
294
1225
916
871
297
702
1551
802
701
1264
1552
250
1255
873
898
1780
1256
703
3266
1541
919
664
3266
1225
294
1253
1778
2598
887
1250
1264
1225
682
291
668
703
840
1537
843
681
2005
673
294
294
296
689
1256
1257
1552
1545
1250
2005
881
809
703
660
847
869
722
1250
898
2403
1218
722
702
864
2600
722
819
2741
867
808
1264
665
1554
296
2004
670
693
723
722
663
292
290
659
293
2003
662
1534
803
2005
296
682
1943
2601
876
665
2006
1267
722
796
1526
1225
1534
2005
294
802
2005
1526
1548
861
2003
1536
666
1636
802
1536
802
1536
799
1223
2005
2946
1535
687
1263
815
661
1529
294
670
831
1546
846
297
281
1536
2005
722
1778
1537
296
899
1246
922
886
898
293
1536
722
799
683
2850
1219
807
805
2962
722
1262
723
866
2946
1256
1261
1250
848
1218
2913
1267
2004
919
2003
798
2915
2599
1224
1550
795
1942
722
2740
1224
683
1539
1654
2007
879
2005
2595
2946
1251
662
803
1779
1259
295
808
2978
2466
2008
1779
1507
2006
2403
806
1543
2747
801
1263
1532
898
690
824
722
678
295
918
876
1265
858
805
2403
1267
295
1507
2914
2607
881
1540
923
294
2002
802
1653
860
2947
1547
296
806
1554
806
2979
877
685
2005
2962
1250
806
806
2003
1262
1509
2009
1537
802
2179
680
723
808
2930
2004
805
1251
799
2914
2914
2004
2607
700
1223
2005
2005
2930
806
806
880
296
795
899
295
2403
2178
2978
820
2004
2602
289
295
1225
1533
296
723
2915
294
2007
723
1546
807
2914
834
2403
1781
669
1225
1780
806
2930
1527
1262
2403
2003
2007
837
1534
1250
2179
809
809
848
722
2004
684
722
679
803
2004
2601
2005
827
1540
2914
806
2004
799
722
2179
802
2402
2402
2962
2914
2403
805
1251
688
2930
2003
2003
2403
801
678
799
2604
806
802
883
2930
2930
2600
1266
2179
2402
2602
2403
1655
878
1251
806
2403
2914
689
2605
2928
2602
1512
806
2003
802
1250
2005
295
2403
681
806
1528
2004
2003
2403
886
2004
806
2003
2005
2006
806
805
1250
2914
2004
2006
806
806
2851
806
1509
2005
799
2914
2179
2930
806
2003
1223
2005
806
806
899
807
881
846
802
1522
871
723
806
2914
2914
702
806
2914
2005
799
2004
1241
2005
2004
2403
815
2005
806
806
822
2914
2403
2179
2179
1542
2005
806
2914
1223
806
805
2003
2914
2403
806
2179
848
2179
2179
806
2003
2003
2179
2179
850
806
806
806
806
804
806
295
723
806
723
2003
2616
808
2403
2179
2179
799
2912
2275
2005
806
2403
678
806
806
2004
806
806
2003
806
1529
2914
2914
2179
806
2003
2179
806
858
818
1225
806
2179
806
704
2179
806
2005
2179
2485
806
2006
804
870
802
806
2005
806
2898
2005
1780
806
806
899
2003
806
799
2179
1536
295
295
1225
687
843
1225
295
683
295
2542
2602
806
806
807
806
806
806
2179
806
806
806
806
799
806
806
795
806
2402
2179
831
806
808
806
704
879
799
834
806
806
806
2179
806
2003
806
845
805
806
2005
1656
806
806
809
2003
806
806
2179
806
2179
806
806
2914
2179
806
2179
2179
806
810
2179
704
806
2004
806
806
2403
806
806
806
806
2402
2179
806
806
802
2403
806
806
806
2004
805
805
2914
2850
806
806
806
2003
1958
898
2005
806
806
806
806
806
806
806
812
806
806
2249
881
806
806
806
806
806
806
806
678
2403
2403
2179
805
799
805
806
806
2005
806
806
2403
1258
2914
2179
2403
806
878
806
806
806
799
799
2004
2403
2403
806
806
2179
2914
2005
805
799
2179
2006
806
2914
2003
2179
1526
2403
810
2179
806
2179
2179
2914
2004
806
806
881
2179
806
806
806
806
843
806
806
806
807
806
806
722
806
806
806
2004
2403
2004
2403
2179
806
2179
2005
806
806
2179
806
2403
806
878
1538
808
806
2179
806
1492
805
2403
2403
2179
1540
2179
2179
2403
806
2004
806
2402
2403
2179
806
806
806
922
806
806
806
2179
806
806
806
806
2850
806
2403
806
806
2403
2179
806
806
1940
2914
2003
806
722
806
2403
806
2179
1782
806
806
799
806
806
806
722
806
2403
2402
806
806
806
2005
2179
2003
806
881
806
2403
2179
2180
1528
804
806
806
806
1259
860
722
828
800
916
805
806
843
2005
806
2179
2179
2403
806
2005
2003
804
806
806
806
802
2005
857
806
2179
804
806
806
806
2006
722
806
805
806
2006
805
2914
2179
806
2914
2179
2402
806
2179
806
806
844
2005
2005
2179
1508
806
806
2758
2403
2403
799
1258
873
806
2914
2403
2914
881
806
806
801
806
2898
2179
2003
2005
806
806
2005
806
2403
806
2004
295
1258
806
806
2914
2403
806
806
2005
723
806
806
2179
799
2403
806
2004
881
806
834
804
806
806
806
2179
2179
806
857
806
806
806
806
2179
806
806
805
2005
806
878
806
798
878
806
2004
805
2914
2179
2899
2005
806
806
2179
2179
295
806
806
703
834
2179
794
806
2402
2403
1522
2003
2403
806
806
2004
2005
806
806
2005
806
805
806
805
806
806
2403
2003
806
2179
806
806
806
806
2402
799
808
806
806
1265
806
806
806
806
2403
881
2577
806
806
806
806
2914
2004
659
881
2179
2179
2403
805
806
806
806
805
806
2005
2005
2179
2179
806
1528
2403
806
806
806
2004
795
722
806
2179
2403
2179
2004
806
799
806
806
806
806
2403
2004
806
704
806
805
1535
806
2403
2004
806
806
806
806
806
806
1656
808
2914
2179
806
806
806
806
806
2403
2403
2005
1942
2466
806
806
806
806
2403
2179
806
806
2179
2179
806
806
2179
2179
806
1782
806
1251
2179
806
2179
806
2003
806
2003
2005
806
886
820
806
802
795
806
2914
2402
2403
806
2403
2004
2005
2179
1260
806
2179
806
806
806
2403
2179
2004
806
806
806
2179
806
2403
2403
799
2914
2005
295
2598
806
806
806
2403
2005
1250
805
1257
881
806
1534
806
806
806
2005
806
806
806
2403
2179
2179
2005
2004
806
806
2007
806
806
2005
795
806
1549
802
806
806
2179
805
806
809
799
806
806
806
806
703
806
2403
2005
806
2403
2403
2403
844
806
806
806
2179
806
806
806
805
806
2179
2179
2179
799
806
795
824
806
2179
2005
1941
799
806
2004
806
806
806
2179
2179
2403
2005
806
806
881
2003
806
805
806
881
806
806
1223
799
806
806
806
806
1655
806
2402
806
806
806
806
2179
799
806
806
2402
2402
2403
2403
806
806
834
802
806
2403
806
799
806
2914
806
806
2914
2403
2179
2402
1250
806
851
806
1250
295
806
802
899
806
2005
2005
806
2179
806
2179
806
806
806
806
2005
806
829
2403
1656
809
806
2603
806
2004
799
2602
806
2179
2005
2403
799
2403
2179
806
2914
2005
806
806
806
806
806
799
841
806
821
806
2402
2947
2898
2004
806
806
2403
806
806
805
2003
806
1655
806
2003
806
2179
841
2004
702
809
806
806
806
795
806
806
2179
1548
806
809
806
795
2180
2179
2914
2179
806
806
2179
723
806
806
802
806
806
2899
2403
1251
1939
806
2179
805
2005
804
806
799
2179
2005
2899
1945
2403
806
806
2179
806
2179
722
806
806
799
806
1257
806
808
2179
806
806
806
806
878
806
806
2403
806
806
2179
1526
871
2403
802
806
2403
2227
806
806
806
2004
806
806
806
804
806
1250
1941
806
2403
295
806
2179
806
2403
2004
2403
805
722
805
2004
806
2403
806
2914
2403
2179
2403
2179
806
806
294
806
806
2005
834
1512
802
806
806
806
2179
806
806
806
2403
704
806
806
806
1549
806
806
806
806
806
806
806
806
806
806
2179
806
805
2403
806
2403
2962
2403
806
2179
806
806
806
806
2179
1781
806
2003
806
806
806
2599
806
806
1266
806
806
806
806
806
1265
806
806
886
2914
2403
2179
806
806
2849
806
2914
2179
2004
806
806
806
2005
806
806
2179
806
806
806
806
2179
806
806
806
2179
2602
806
806
2005
806
806
806
2914
2930
2004
2914
806
806
806
2179
806
806
805
2914
799
799
2179
2179
884
806
2004
806
806
1263
2003
2179
2179
802
2608
806
2403
2179
805
806
881
805
2179
2914
805
802
806
2007
806
806
2403
2179
2179
806
886
2403
799
899
2403
806
806
807
2403
808
806
2403
805
805
2005
806
806
804
805
806
806
806
2005
2005
806
806
2179
2179
806
2005
806
806
806
806
805
2179
2005
806
806
806
2001
806
806
806
806
806
806
806
2403
806
806
809
806
806
806
802
805
2005
806
2005
2179
806
808
806
2005
806
805
806
806
803
2004
2179
886
806
2005
806
2179
806
806
806
834
806
2179
799
806
806
810
2403
2005
795
806
806
2403
2403
297
806
2411
806
2003
806
2003
806
2179
2179
2403
805
295
806
806
2403
2402
2004
806
806
2001
806
2179
806
806
2914
806
806
806
2914
2179
2005
884
806
2403
2403
2179
1223
806
806
2179
806
2005
806
806
2403
2179
2179
806
806
806
2403
2005
806
806
808
2179
806
296
2179
847
806
805
2403
806
806
805
806
806
806
806
805
806
795
2403
806
2914
1541
2403
2179
2402
806
806
878
806
806
1509
2006
806
2179
806
2005
826
806
806
2179
804
806
818
806
806
806
802
797
806
884
2005
2005
806
1257
2403
802
703
806
2005
806
806
806
2005
806
806
2003
806
806
809
806
806
806
805
806
1522
2004
806
2179
806
703
806
296
2403
2179
2179
806
806
2179
806
806
2179
2179
805
2179
723
806
1507
806
2403
1250
2179
2179
2403
806
806
806
2005
806
834
841
2003
806
2179
2179
881
2007
806
806
806
2403
1250
1785
806
2005
2403
806
806
806
2914
2004
295
2005
295
806
2003
806
806
806
806
2180
806
806
2607
2004
2928
2003
2179
2003
1656
806
806
2004
806
2930
2403
805
2005
806
806
806
2403
806
806
806
1942
805
806
2003
2006
799
806
806
2006
2914
2179
2005
806
2179
806
663
2179
2179
1507
806
806
702
808
806
887
2914
2005
1506
2179
806
2403
1507
806
806
806
805
806
2003
2003
880
2403
2179
2004
2179
806
806
802
806
2004
2004
806
806
806
806
806
806
683
806
806
2899
811
831
2003
806
295
806
806
806
806
868
806
806
1223
2179
806
806
2179
806
2403
806
2003
2914
2403
806
2403
806
806
806
804
806
806
2914
922
806
806
799
805
2403
1528
805
806
2914
2403
722
806
2179
2179
806
806
806
806
1253
2003
2005
806
806
806
804
806
2005
806
806
806
2179
1223
2403
806
806
806
2003
806
806
806
2005
806
881
806
806
2403
2403
806
806
805
2179
806
806
2931
2402
806
806
2403
2403
806
806
297
2403
705
888
806
806
806
806
806
806
806
2179
805
2403
2005
806
2180
2005
2179
806
806
806
806
806
806
806
806
806
799
806
1781
806
1540
806
2403
2005
2004
806
806
805
1943
806
806
806
2004
2914
2899
2898
2403
806
806
805
2179
1251
2179
806
806
806
2179
2179
1547
806
806
2005
2003
806
805
806
2004
2914
798
806
2005
809
806
2003
806
704
806
815
2179
799
2914
1656
2003
806
806
806
2179
1654
806
806
806
1653
806
1512
2179
2004
806
806
806
805
799
806
806
1522
2403
1256
806
806
1553
806
799
806
2403
2179
2003
2403
2403
2005
806
799
2403
2179
1250
806
2179
806
806
2179
806
806
873
795
1554
806
806
806
2179
806
1657
806
806
806
2403
1250
2930
2179
806
2005
806
806
806
806
2005
806
806
806
806
806
2179
2403
2403
2403
2179
2402
806
2403
2179
2004
806
806
795
806
806
1536
2402
2179
2403
2179
806
806
723
1933
806
806
806
806
806
1538
2004
806
806
806
806
2403
806
2403
2403
806
2004
806
881
2179
2403
2005
2914
795
806
806
806
2005
2179
806
806
806
806
806
806
806
806
805
2402
1554
2914
2179
2179
1223
2179
806
1781
2403
806
806
806
806
806
806
1258
2179
2402
2179
806
806
806
806
806
822
806
806
806
806
806
806
2602
806
805
2403
804
795
2005
806
806
2004
806
806
806
1250
2403
806
805
806
2003
799
2403
806
802
806
806
2403
806
703
1223
1531
672
1656
806
2403
806
806
806
802
806
2403
800
806
1256
806
2410
1218
806
806
809
806
2005
2179
799
806
2004
806
806
806
887
806
2179
806
2179
2006
807
806
2179
2179
822
805
809
2179
2004
806
806
806
799
2005
2179
806
2914
2403
1781
806
806
806
806
806
888
806
2005
806
2008
2179
806
806
2004
899
806
806
806
2179
2403
806
806
806
806
806
2614
806
806
2402
806
806
687
704
2003
2003
809
795
806
806
806
806
806
2179
2179
2004
2179
799
2004
806
805
806
799
806
806
797
723
806
806
2403
806
2179
2403
806
806
2004
2179
2004
806
806
2003
810
806
806
2003
2179
806
2179
806
799
2914
2179
2179
2179
806
806
2007
2914
2403
2179
723
2402
2179
899
2179
2004
2179
806
2403
2914
1263
1541
806
2004
809
807
806
1223
2002
806
2005
1656
806
2403
805
806
806
806
806
806
806
2179
2765
806
2179
806
806
799
806
806
2179
806
2004
2005
881
1225
2403
802
806
2402
2005
2402
806
2403
684
2403
2003
806
806
806
2403
806
2403
2403
881
2004
1493
806
2179
2005
802
806
806
806
806
1551
806
806
806
898
806
806
801
806
806
806
806
2402
806
2403
806
806
806
2183
806
2179
806
799
806
2179
1223
2928
2403
2914
2179
2915
2004
1551
2179
806
722
806
2005
2428
805
2005
2179
2403
805
806
806
806
1261
2403
2914
1223
2006
806
1533
2179
2005
806
2899
2898
806
806
806
802
2179
2403
2403
2403
2179
805
806
2004
2403
1525
2914
806
2403
806
2914
2005
806
806
297
2402
881
806
2899
2007
806
798
806
2403
806
806
806
806
806
2003
1535
2402
2179
806
806
2006
2179
799
1534
806
2403
806
806
2914
2179
2403
2005
806
806
806
1507
806
806
2179
2403
806
806
806
2179
806
806
2914
831
806
806
806
806
2914
2914
1250
802
806
806
806
806
2179
1507
805
806
806
2004
806
2005
2914
2914
881
806
2179
2899
2004
2179
2179
806
2004
296
806
809
806
806
806
806
806
806
806
806
806
2914
2402
2403
806
1509
806
2179
2004
805
2003
722
806
806
806
806
806
806
806
806
806
806
723
2403
899
2003
1223
878
806
2179
2179
2004
806
806
805
806
806
2005
2914
2005
806
806
806
806
2914
2402
806
806
807
806
806
2179
1533
2005
2403
2402
2179
2403
916
806
806
806
806
2179
1524
294
805
806
898
2179
2402
2005
2403
806
846
2179
798
806
2914
2004
806
806
2403
2403
842
806
799
1508
806
1250
806
1543
806
806
2179
805
806
2914
2005
806
806
2003
2403
806
2179
806
806
2179
2899
2403
2179
805
806
806
2005
295
2006
806
2914
2403
806
806
806
681
806
806
806
1218
806
2402
2179
2004
799
806
806
806
806
806
2005
2005
2402
799
806
806
2179
2179
806
2616
2179
2402
2403
806
2179
2402
2403
2403
295
802
806
806
806
878
2179
806
2403
806
2599
806
2005
806
806
806
806
806
806
806
806
806
806
806
2005
806
806
2179
799
806
845
811
2914
2179
2179
2915
2005
827
1261
2003
805
806
2914
1538
295
806
2179
2402
853
2403
2403
2179
2005
806
804
701
806
806
2403
806
806
806
2616
2898
2003
806
806
806
805
1534
806
2179
2914
2179
2179
806
841
806
2403
799
1550
799
2179
806
2914
2005
815
806
806
844
2003
2403
2179
2179
2005
806
806
806
806
806
2179
2004
1531
1531
804
2914
806
2179
806
2179
2179
858
806
806
806
806
806
2914
2005
2179
806
1945
2850
806
799
806
686
809
806
805
806
806
806
806
806
806
806
806
1264
806
722
2179
806
806
806
806
2914
2338
2179
848
806
2005
2003
2226
1264
806
806
805
806
2179
806
806
806
806
2179
2616
2899
806
806
806
806
2914
2403
2005
806
2403
296
2914
798
2179
2003
806
2402
2403
805
806
2179
805
806
806
2005
806
806
881
806
806
1941
799
2179
806
1655
1509
2179
2179
1545
1655
809
722
2179
1533
2403
2403
2742
2403
722
2007
2744
2740
2179
2403
2403
2599
1534
2607
2741
2740
2179
806
1654
2007
1253
2403
2403
1655
2179
2179
2180
2744
722
2403
2742
879
1655
2744
2179
2618
2179
2179
2179
806
2003
2742
722
1538
2403
1656
2402
1783
2740
1535
806
2403
2742
2179
2403
806
834
2179
2740
2179
2744
2742
2914
2179
2179
722
2179
2179
806
2403
2179
2403
2740
2179
1250
848
1259
2403
2742
2403
880
295
2470
722
1655
2179
2005
1655
2744
2005
723
1536
2179
2179
2179
2744
2403
1655
2178
834
2179
2740
2004
2619
2402
806
1656
1218
2403
2744
1549
2403
2179
2179
2179
2003
2402
702
2005
1655
2007
2179
886
2179
806
802
806
1655
806
2403
2179
2744
2898
2403
1258
2403
1224
2179
2007
2179
795
807
2742
2403
2179
2403
1654
2744
2179
799
2403
2179
1252
877
806
1655
2602
2005
2740
2403
806
2403
2179
2179
2179
2744
2741
2403
806
799
2179
923
2402
1655
2456
2179
2179
2179
2003
2005
2612
806
2179
2179
2402
2179
2403
2742
2403
807
722
2744
806
2403
795
2402
2179
806
2740
2179
2403
2226
868
2403
704
1266
2402
2403
2179
1656
881
2179
2179
1258
2179
806
2179
844
831
2402
795
2403
1542
1224
858
2003
704
1655
2403
2744
2179
806
2179
2179
2719
1535
2403
1262
2403
2403
2744
2227
1543
2403
1256
1528
2403
2740
2179
2403
2006
722
802
806
2403
2005
2741
798
2179
806
1657
2179
806
805
2179
806
2179
2403
2403
848
2403
296
802
2744
2403
2403
722
2179
2403
2180
806
2744
2179
799
2179
2005
2403
1535
2742
2006
2179
806
2006
2180
2179
2403
2403
2179
2179
2180
2403
2179
806
2179
1252
2403
2179
2006
2744
2179
2179
1655
2003
789
806
2740
2744
801
849
2005
2740
2403
2179
1656
2179
2005
2403
2179
2402
1527
806
2179
2179
799
2403
2005
1654
2608
806
2403
805
1526
1534
2403
2403
2179
2403
2403
806
2403
1655
2179
806
2179
2179
2403
874
1534
695
697
2179
1655
2179
2739
2403
2740
1656
2740
1256
2179
1655
1655
2179
806
2179
2179
806
1513
2403
2179
2179
1250
2403
2402
1781
2005
2179
1655
2402
2180
2403
806
1656
2742
799
1655
806
2740
2403
806
883
799
1263
2742
1654
2179
1535
2403
2744
1268
1655
2005
2744
806
2179
2179
1655
2180
2179
806
2744
2404
2179
806
818
2403
2179
2403
2179
1550
2744
1227
2403
2403
806
2403
854
2005
2179
1536
2403
1655
2744
2179
2179
2403
858
2178
922
2742
799
1655
2744
2403
2179
857
806
1538
883
1655
1655
2179
2744
808
2741
295
2179
2179
2179
2179
2403
806
2179
2179
2403
847
881
2179
806
2403
1259
2740
2403
1655
1250
2179
722
2742
2179
2179
2402
722
2179
806
2003
2179
1253
1654
1541
2403
898
2425
2179
795
2742
1498
2226
2742
2005
1654
1655
806
2179
834
2403
2742
1654
882
2403
2402
1526
1655
2005
799
2741
806
881
2403
2403
1658
2179
834
2403
2179
2403
2179
2179
2402
2179
2179
1227
2005
2402
806
2744
1653
806
2179
806
2403
806
1657
1655
2179
1655
1258
2744
1545
2403
827
2403
2179
2179
2744
2403
2387
799
2639
881
806
1655
2179
2403
2179
1638
2005
2179
2596
1522
799
2179
2179
2179
701
2742
2403
2179
1655
2403
806
2179
704
1655
858
2403
806
1655
2740
881
1655
864
2403
1654
1654
1654
899
899
1655
899
899
899
899
899
1657
1264
1654
899
1654
1654
798
899
1654
899
899
1656
899
802
1654
1657
1655
1658
899
2179
1655
899
899
899
1657
899
1654
1657
1658
1653
899
1654
1655
899
899
1654
899
1658
295
2179
2179
1658
1655
899
899
898
1658
899
1657
281
899
1655
899
1658
1654
899
1655
1654
899
1654
808
899
1658
1654
1527
899
1655
899
1655
1655
899
295
1252
899
1657
899
1654
1537
1655
704
1655
1658
1267
295
1654
2179
1656
1654
1655
1654
899
1655
1657
899
1658
1535
1492
899
1655
1658
1250
1654
1654
899
1655
1655
1654
899
899
1655
899
1657
899
1656
899
1658
1655
899
1533
899
1655
899
1654
899
899
899
916
1655
1655
899
1526
1658
899
1656
1250
1658
1654
899
899
1655
899
1657
899
1654
1655
899
1218
1657
1654
1532
899
1656
1654
1654
899
899
899
1656
1654
675
899
899
1657
899
1655
899
1654
899
295
1218
1654
899
1654
1535
1654
806
1657
899
1658
1654
899
1655
1655
1655
1658
1654
1654
899
1656
1654
1654
2744
899
1657
701
899
899
1656
899
899
1654
899
899
899
899
1655
1657
899
899
899
899
1658
1657
1655
2179
1656
899
899
899
899
1657
1654
1656
1538
701
1654
666
2178
899
899
1657
1656
295
1657
1218
1657
899
899
1654
1655
1654
899
1657
1655
899
1655
1655
899
899
1657
899
1654
1538
899
1654
899
1654
899
899
899
899
899
1657
898
899
899
899
1654
899
829
1656
1654
1655
1655
899
1654
1654
899
1658
899
1264
899
2004
899
899
899
899
1655
1654
1657
1657
1658
1654
1654
1655
1261
1654
2003
1655
1655
1655
899
1656
1654
1654
1658
295
899
1655
1654
1657
899
899
899
899
899
899
899
899
1501
899
1654
2403
899
899
1655
1657
899
898
1658
1655
1654
899
1657
899
1655
1658
899
899
899
1658
899
1658
1654
1655
1658
899
1657
1658
899
1657
1657
1658
1654
1655
899
899
1218
1658
1655
1658
899
899
2004
1655
1655
899
1654
899
899
1654
899
1655
1655
899
899
899
1658
899
1658
899
899
1654
899
1654
899
1657
1226
899
827
899
1654
1654
1649
1655
1654
1547
1654
1658
1656
899
1656
899
1654
899
899
1658
1657
899
1657
1654
1654
899
899
1657
1658
1654
2742
899
1654
1657
899
899
899
899
1657
1654
899
1658
899
1652
1531
899
899
899
1654
1654
2403
1542
899
899
1654
1655
899
899
2005
899
899
1654
1655
899
899
899
1655
1655
899
899
1654
1657
1218
899
899
899
1655
899
1656
899
1655
899
1656
1655
899
1658
899
1511
899
1657
1656
2744
899
1655
1655
1654
899
899
1655
1657
1654
1655
2005
899
1657
899
899
899
899
695
1654
899
899
899
1654
1655
1655
899
1655
1657
1654
1654
1657
899
899
1658
1657
899
1657
1658
899
1223
899
1658
1655
899
899
1655
1657
1656
899
1657
899
1654
1654
899
1654
899
899
899
1658
899
1655
1657
899
899
1657
1654
1654
1655
1658
1655
2003
2403
1654
899
1655
899
899
1657
1654
1658
1654
899
1657
899
1654
899
899
1650
899
1655
899
1655
1658
1657
899
899
1654
1658
1654
675
899
1657
1656
1654
1655
899
899
899
1654
1658
1542
899
899
1657
1655
1656
899
1654
1654
1218
1654
2003
1654
1250
1657
1654
1657
899
1656
899
899
916
1655
1656
899
899
1655
899
899
1657
1655
1655
1655
1654
1255
899
899
1654
898
899
899
899
899
899
1257
899
1654
1258
1655
695
899
899
1654
899
1657
1655
1657
1654
1655
1655
1654
899
1654
899
899
899
1655
899
899
899
1654
899
1654
2739
899
1654
1654
1658
1657
1656
1653
1654
899
1657
1654
899
1657
899
899
899
1646
899
1654
701
2741
899
899
1655
1658
899
899
1530
899
1657
1655
1658
806
1658
899
899
899
899
899
899
899
1655
2602
1658
1658
899
1655
1652
1654
899
899
1654
1658
899
1656
899
899
899
899
1655
899
1655
899
899
1654
1655
1658
696
1657
2179
1655
1654
1657
1509
899
899
899
899
899
899
1657
1657
1225
1654
899
294
1655
1658
899
899
1656
1658
899
1251
899
1654
1654
1655
899
1656
828
1655
695
899
1657
1656
1657
899
1657
899
1655
899
899
1536
1654
1258
1654
899
1534
899
1657
1654
1658
899
899
1658
1553
1654
899
1657
1654
704
899
1543
899
899
899
1658
1655
1549
899
1656
1655
1654
1655
1654
1654
899
1655
899
899
899
1550
2744
682
1542
2742
1655
899
899
1656
1654
805
899
1654
899
899
899
1655
1656
1657
1658
1654
899
899
899
1654
899
899
1654
899
1654
899
899
899
899
1655
899
1655
1655
899
899
899
2403
1655
899
1657
1654
899
673
899
1657
899
899
1654
1654
899
899
899
899
899
899
899
1655
899
899
899
1655
1658
832
802
1655
899
899
899
899
1655
704
899
1256
899
1658
1654
1655
899
899
1655
899
899
899
899
1655
1655
1658
1654
1658
899
899
1655
1655
295
899
1658
899
1654
1654
899
1654
899
1657
1654
1658
1654
1655
1657
899
1655
899
1654
899
1658
1657
1654
1655
899
899
1658
1654
899
1655
1658
899
1658
2179
2602
899
295
899
899
1656
1655
1655
1654
899
1655
723
1656
1654
899
1654
899
899
1655
899
899
899
899
1654
1658
1655
899
1655
1658
1654
899
1657
1654
899
1655
899
899
899
1654
1655
1218
1658
899
1656
1654
1657
899
1657
899
1498
899
899
1655
1656
1658
1654
1491
899
1658
1533
1655
899
1655
1655
1655
899
1654
295
1657
1530
1657
1654
1654
1655
695
1654
1655
1654
1658
1655
1655
1657
1655
899
1654
899
1658
899
2403
899
899
899
1654
899
1658
1655
1654
1658
2402
899
1657
1261
899
1657
899
899
695
1655
1654
1656
1549
899
295
1268
1654
899
899
1656
899
899
899
1657
899
1655
898
1655
899
1655
1654
1658
899
663
2179
1655
1654
1655
1655
1654
1656
1658
1656
1509
899
1654
1655
807
1655
1509
1654
1654
1657
701
1539
1657
899
899
1655
1655
1655
1654
1657
1658
1657
2179
1655
1654
1655
899
899
802
899
1657
1657
295
1658
899
1656
899
1654
1527
899
1654
1654
899
899
899
1655
1655
899
1657
899
1654
1655
1654
1253
899
1657
1658
1655
1656
1657
899
899
899
899
1658
899
1655
899
1655
1654
1657
1655
1654
1654
804
1655
1654
1655
899
1657
899
899
899
1655
1655
899
899
1654
1657
899
899
899
899
899
1654
703
899
1655
2179
1657
899
1655
1264
1654
1654
1657
2742
1656
1655
899
899
1654
1655
1654
899
295
1655
1656
899
899
1658
899
899
1655
1654
899
1654
899
899
1250
1658
899
1654
1658
1654
899
899
1656
1534
1657
899
1655
899
1218
1654
899
899
899
1656
1658
899
1655
1658
899
1655
899
1655
1654
1658
1655
899
899
899
1654
1654
1654
1656
1656
1658
1654
704
1655
1655
899
1637
1654
1654
1943
1257
899
899
899
899
1656
899
899
1657
899
1654
1658
1655
1654
899
1654
1654
899
899
1657
1654
899
1645
899
1655
1654
1655
295
899
899
899
1655
1637
899
1654
1257
1658
1654
1655
1657
899
1654
899
1655
899
899
1656
1658
1655
899
1656
899
899
1655
899
899
1657
1654
899
1657
899
899
1247
899
1658
899
1960
295
1658
671
899
1654
899
899
1657
1658
899
1655
899
899
899
1654
2606
899
898
1658
1654
1655
899
1656
1250
704
1258
1655
899
899
1655
1657
899
899
1658
1658
1656
1658
899
1656
1654
899
899
1656
1657
1656
899
1657
899
1654
899
1657
898
1658
899
1654
1656
899
1536
2179
1654
899
899
899
899
1654
899
1656
1654
1654
899
899
899
1655
899
899
1654
1657
1658
899
1655
899
295
1657
1658
1655
899
899
1655
1655
704
1657
899
2003
899
899
1657
1657
1656
1658
1654
899
295
1655
899
1657
899
899
899
1658
899
1658
1655
918
1657
1656
1657
899
1658
703
1657
899
899
899
899
899
1656
1654
1658
899
1655
899
1250
1654
899
2741
1654
1655
1525
1655
1654
899
1658
899
1654
1658
899
1655
1658
1654
899
899
1654
899
899
1655
899
1657
899
1655
899
1655
899
1654
1654
1654
899
1655
1655
1251
899
899
899
2403
1658
899
1657
1655
1655
2179
1654
1656
1657
1509
1655
1655
1654
1654
899
899
295
1656
899
1658
1657
899
1658
1654
1657
899
1654
899
899
1654
899
1657
899
1655
899
899
899
802
899
899
1658
1658
899
1654
1654
1267
1656
899
899
899
1655
899
1655
1499
1556
1257
899
899
1657
800
1658
1658
1655
899
1658
1654
899
899
1654
1218
1655
1655
851
899
2003
1655
899
1656
899
899
899
1655
1250
899
899
899
1257
899
1657
1657
1261
1250
1656
899
899
899
1657
2003
899
1657
899
1657
1656
1654
899
1657
899
1657
899
899
679
1655
1656
1657
1657
1655
1657
1658
899
1654
1507
1541
1657
899
899
1658
899
899
899
1656
1655
899
899
899
1241
1657
899
899
1658
1657
1654
899
1658
899
899
899
673
1658
899
899
1654
899
899
1655
1656
1655
899
1657
899
1655
899
899
1656
899
899
1658
899
1655
899
1658
1655
1655
1654
899
1654
899
1259
1250
899
1223
899
899
1654
1654
1654
1658
1657
1657
899
829
899
1654
899
899
1657
899
1656
899
1657
1654
1657
899
2179
1658
1533
1654
663
899
2003
1654
1655
899
1251
1653
899
1657
1657
1657
1655
295
1655
899
1654
1655
899
1655
1655
1657
899
1534
1655
1658
899
1658
1654
899
1656
1654
1260
899
1655
1654
899
1658
701
1658
295
1658
1654
899
899
899
899
1656
1657
1655
1655
899
1658
1655
1658
1655
1656
899
1654
899
1250
899
899
899
899
899
2403
899
899
1658
1655
899
1529
1655
899
1251
1655
1654
899
899
899
899
899
1261
899
899
1655
1655
1655
1657
899
1656
1654
2179
1655
899
899
1656
1657
1654
723
1655
1655
899
899
1654
1654
1655
1657
1657
899
899
1655
1654
899
899
1656
1654
899
1657
899
1655
1655
1657
899
1654
1657
1657
899
899
1655
1655
899
1655
827
1654
899
1657
1658
1658
1654
295
1658
899
1226
1657
899
899
1654
1655
1657
2003
899
899
899
1654
899
899
899
899
899
1658
1655
899
1657
1546
899
899
899
899
899
1657
899
1654
899
1657
1654
1654
1654
1657
1540
899
1654
899
899
295
899
295
1658
899
1218
899
1654
1656
899
1658
899
806
851
899
899
899
1656
899
899
1654
899
899
2179
899
1655
2004
899
1654
899
1655
899
1658
1655
1654
1654
899
899
1656
899
899
1658
899
295
1654
1655
1658
1658
899
1657
1654
1654
899
1530
1654
1656
1656
899
1251
295
1654
663
1654
899
899
1654
806
1655
899
704
1655
1658
1539
1250
1657
899
1655
899
1656
295
1658
1657
1654
1654
297
899
1512
899
1657
1656
899
899
899
797
1658
1218
899
899
899
1658
1507
1654
899
899
1655
899
1655
899
1509
1657
899
899
2740
899
899
2003
899
899
1658
899
899
899
1658
1656
1655
899
1657
899
899
1257
899
1655
899
899
1658
1656
1658
1658
899
1657
295
899
1256
1536
829
1656
1658
899
899
1654
1658
1655
1658
899
1654
918
899
899
899
1654
899
899
899
899
899
1536
899
899
799
1654
295
1658
899
1656
1655
899
1655
899
1657
899
1654
1263
899
1654
1658
899
899
1644
899
1655
1658
1657
899
1654
1536
1654
1655
899
899
2744
1655
1656
899
899
1656
1655
899
899
696
1658
1655
899
1655
1254
1654
899
899
1654
1654
899
1655
1656
826
899
1657
899
1656
1529
1655
899
1262
1655
1553
1656
899
899
899
899
1657
1658
1655
1658
899
899
1655
899
899
899
1658
1530
899
899
1654
1264
899
1655
899
1656
1657
899
899
1548
1256
1657
1655
899
1657
1658
1655
899
802
899
1529
1658
1655
1658
899
1655
1654
1653
1654
1654
1654
899
1658
1654
899
1654
1655
1654
1654
1654
899
1655
899
899
899
1654
1654
899
2403
1543
1655
899
1654
899
1658
1657
1658
1655
1655
1657
1658
899
899
899
898
1656
899
1654
1654
899
899
899
899
1533
899
1657
899
899
899
899
1655
899
1658
1658
899
899
1655
899
1654
701
1655
899
1658
899
1507
899
899
1654
899
1529
1658
899
1656
899
1658
899
899
1654
899
899
1533
899
899
899
899
1654
1655
899
1258
1657
899
899
1654
899
899
1656
1265
1657
1654
295
1548
673
899
1654
1655
1657
899
899
1656
1654
1654
1655
899
1654
1655
1658
1654
1657
1655
1657
802
899
1658
899
1547
899
701
1654
899
898
899
899
1534
899
1655
899
1657
1654
1506
1655
1657
1655
922
1654
1655
899
899
1533
899
899
682
1654
1655
899
1655
1654
1527
1654
1655
899
899
899
1655
899
899
1655
1656
899
899
1657
1657
1657
1654
1656
1656
899
1657
1263
295
1654
1654
1655
1532
1655
1655
899
899
899
899
899
1657
1654
899
899
899
899
1657
899
899
2403
899
1535
899
1251
899
1657
802
899
1658
899
295
1655
899
1657
899
1657
899
1655
899
1654
703
1654
1655
1657
899
1655
295
1654
899
899
899
1654
899
899
1534
899
1535
1658
899
1654
899
1658
899
295
899
1656
1658
899
295
1657
2005
899
1655
899
899
1657
899
1658
899
899
899
1654
899
1654
2402
899
1658
1655
899
1655
1658
1658
899
1657
899
899
899
1654
1657
1655
899
1657
899
899
1655
1656
899
899
1654
1658
1654
899
1655
1654
899
1655
1226
899
899
1658
1655
899
899
1657
1654
1654
899
899
899
1657
899
1658
899
899
899
899
1658
899
1655
1658
1654
899
899
899
1655
827
295
1658
899
899
899
1655
1654
1654
1654
1654
899
704
899
899
899
1657
899
1657
1655
1654
1658
1657
899
1658
899
1225
899
899
1657
899
1658
1655
1536
899
1654
899
899
1654
899
899
899
899
1658
1657
1654
899
899
1654
899
899
899
899
1543
680
899
1658
1654
1654
899
899
1263
899
899
899
899
1656
1656
899
1655
1655
899
1657
2402
1654
1657
899
1658
1657
1654
1654
1654
899
899
899
1654
899
899
1218
1656
1654
1656
1655
1657
899
899
1655
1655
1656
899
1655
1656
899
1654
1658
899
1654
899
899
1654
1658
1655
1656
1655
899
1655
295
1657
1657
1656
899
1654
899
1654
1654
1654
899
899
295
1224
1655
899
1656
899
294
1656
1655
1656
1655
1656
2600
899
1657
1655
1654
899
1655
1655
1654
1657
1654
1654
1655
899
1654
2179
1656
1655
1654
1658
2403
1655
1655
1654
1655
899
1654
899
899
1654
899
899
899
799
1658
1654
1257
1656
1654
1655
1654
899
899
1655
1657
2600
899
703
1654
899
899
1654
1546
1658
899
899
1256
1656
899
1655
899
1654
1655
899
899
899
899
899
1658
1654
899
899
899
899
899
899
899
1658
1554
899
899
899
1657
1655
899
1655
1658
295
1658
1655
1656
899
1655
899
899
1645
899
899
899
899
899
1655
899
1657
899
1655
295
1655
1654
899
899
1263
899
899
1655
899
1656
1654
1260
899
899
1655
1654
1655
1655
899
1655
1653
1655
1658
899
899
899
1644
899
1655
899
704
1654
1655
899
899
899
1657
899
899
899
1655
899
2179
1654
1654
899
899
899
899
899
899
899
1223
295
1256
899
899
1655
1654
1655
899
1657
1657
1658
1223
1657
1656
1250
1655
1226
1658
1654
1654
1656
899
1658
1654
899
1657
899
899
899
1654
1655
1657
1654
898
899
899
1554
899
899
704
899
899
899
1656
1657
1658
295
1657
1654
1654
1654
1655
802
1655
1654
899
899
899
899
899
1655
899
1654
899
1655
1527
1655
1654
899
1654
899
899
899
1655
1657
899
899
1654
1655
1655
899
899
899
899
899
1506
899
1655
1536
1654
899
899
899
1657
1654
899
899
1656
1657
899
899
1250
1656
899
1655
1655
1654
1654
1655
899
1655
899
899
899
899
1657
1658
899
899
1655
1655
899
899
1657
899
1654
1654
899
1655
1655
1506
899
701
1654
1655
899
899
1539
899
899
899
1656
1656
899
1655
1657
1658
1508
859
1654
1656
1655
899
899
899
1658
1654
1657
1654
1654
899
1658
899
1656
899
899
899
899
899
899
899
1509
899
295
1658
899
899
1654
899
1657
2179
833
899
1655
899
1655
899
899
1655
1655
899
1657
1655
899
1654
1655
899
899
1657
1655
899
1648
1654
1262
899
1655
899
899
1655
1657
899
899
1654
899
899
1655
802
899
899
899
1534
1654
1654
899
899
899
899
1658
899
1655
1655
1658
899
1656
1262
899
1655
899
899
899
1657
899
899
1656
899
899
2742
899
1656
1654
899
899
899
899
297
899
1654
1658
858
899
899
899
1658
1654
899
899
899
1654
899
1654
1654
899
1533
899
2007
1538
1655
1656
899
1655
899
899
899
1657
899
899
899
1654
899
899
899
899
899
899
899
1654
1658
1655
899
1257
1658
1654
1654
899
899
899
1654
899
1656
1657
899
1654
1657
1658
919
1658
704
1657
899
1656
899
1656
2003
1646
1654
1250
899
1654
1657
899
1658
899
1655
1654
899
1655
899
899
1654
1654
1656
899
1658
899
1657
800
1654
899
899
1654
1656
1655
1654
899
1655
899
1654
2005
1535
723
1654
1658
899
1657
1655
1532
1658
899
899
2600
1654
899
1654
899
1658
1658
1655
899
1655
899
1655
1655
899
899
1656
1656
1654
1655
1654
1654
899
1658
1535
1537
1655
899
899
1658
1654
1657
1655
1655
1655
1656
1658
899
1657
899
899
899
1658
899
1656
1656
1657
899
899
2742
701
899
1658
899
899
1654
899
1654
1655
1657
1223
1657
1263
1654
1657
899
800
899
1543
899
899
1654
1655
1656
1657
1654
899
899
899
1658
899
1655
1654
1657
899
1654
899
899
1656
1654
1658
1654
1657
1655
899
899
801
899
1657
1654
1781
899
899
1656
1657
1656
1658
1658
1264
1655
899
1655
899
1538
899
899
899
899
1655
899
899
899
899
1657
1658
899
899
899
1656
1655
1654
2179
666
1655
899
1550
899
1657
899
899
1654
1654
899
1251
899
899
294
1657
1654
294
899
1655
701
1527
2179
899
899
1658
899
1654
1537
899
1655
1656
1658
1655
1654
1654
1654
1657
899
1656
1656
899
1656
899
899
899
1658
1657
1655
1658
1264
1658
899
1658
1545
1654
1658
899
1655
1658
899
1658
683
899
1654
899
1658
1657
1654
1656
899
1655
1655
899
899
1656
1654
1657
899
1658
899
1513
1655
899
1658
1654
1658
899
295
1657
2004
899
701
1654
899
1657
1654
1654
899
1657
1655
899
1654
1658
1657
899
899
1655
1252
1654
899
1655
899
899
899
1654
1640
1654
1654
1655
1656
1654
899
1654
1655
899
899
899
898
899
808
1658
1658
899
1655
1251
899
295
1657
899
1654
286
1655
1655
1654
1658
1654
899
1654
899
1223
295
1655
1265
1654
899
1657
1656
1655
899
1658
899
1654
1656
1654
1657
899
899
899
899
899
1654
1655
898
1655
1656
1654
899
899
899
1540
1656
1657
899
1655
899
1655
899
899
1241
1656
899
1655
1260
899
1657
1658
1655
899
899
899
1655
1655
899
1658
899
899
1656
899
1655
1655
1657
1654
1654
1655
899
1656
899
1655
899
1658
899
899
859
1655
899
1225
1655
1654
1654
1654
1654
1655
899
899
1261
899
899
1269
1658
1656
1252
899
899
1654
1658
1547
899
899
899
899
899
899
1654
1654
2003
899
1654
1654
1535
1656
899
899
899
295
899
1654
1257
899
1656
1655
899
1654
1657
1654
899
295
1654
899
1654
899
899
899
1655
899
806
1654
1262
899
899
1655
899
899
1655
1655
1657
899
899
1658
1655
899
1658
899
1658
1654
898
899
1654
1658
899
899
1649
899
899
1655
899
899
899
1654
899
1654
1655
1658
2403
899
1657
899
1657
1557
1656
1654
899
1658
1658
1654
1655
2402
1655
899
899
1658
1654
1658
899
899
899
899
1656
1226
899
1535
899
1656
899
1654
1656
1657
1637
1655
1656
899
899
1654
899
2402
899
1657
295
1654
899
1656
899
1655
899
899
1654
1654
1657
899
295
899
1658
899
899
1655
1654
899
899
1654
899
1654
899
899
1654
899
1654
1654
1655
1256
899
1655
1654
899
899
1655
696
899
1654
1655
1654
1655
899
899
899
899
1546
899
1654
899
899
899
899
1522
899
1658
899
1658
899
1656
899
899
899
2003
1654
899
1655
828
1655
899
899
1655
899
1655
1655
899
899
899
1657
899
1654
1654
1655
1656
1655
899
1655
899
2179
899
1654
899
899
1658
899
899
1654
1655
899
1509
899
1655
899
899
1656
899
899
899
1654
1658
1658
899
1654
1654
899
899
1657
899
1655
1654
1655
295
899
1654
1655
1541
1655
899
899
1654
899
2179
899
899
899
899
1654
1658
1654
899
899
1655
1654
1657
899
1658
899
1654
899
1655
1263
2742
899
1655
899
899
899
1654
899
899
1657
1654
295
1655
1655
1654
1654
899
899
899
899
899
802
1654
295
899
899
899
2179
899
1656
899
899
899
899
899
899
899
899
1654
899
899
899
1655
1655
1655
1655
899
899
1655
1657
899
1657
899
899
899
899
899
1655
1657
1654
1658
1656
899
1655
899
2403
899
1656
1655
1655
1654
899
899
899
1654
1657
1657
2006
1654
899
899
1656
1655
899
1554
1657
899
899
1656
899
1658
899
1533
1654
899
1264
1655
1655
899
899
1655
899
1654
899
1657
899
1539
1654
899
899
1655
899
1654
1654
899
1657
1257
899
899
1655
1655
2179
1654
1655
899
1654
1491
899
899
1654
1655
899
899
1655
1656
899
831
899
294
899
899
899
1654
1538
1655
1655
1658
899
1654
899
1654
1656
858
1657
2403
1655
899
1658
899
899
1654
1657
1533
1654
1654
1657
1658
2179
899
899
1657
1655
1654
1656
1657
899
1655
899
1654
899
1655
899
1654
899
899
899
1655
899
1655
899
1658
2180
1657
1658
1655
899
899
899
899
899
899
2003
899
1658
899
899
1250
899
1654
1658
1655
899
899
899
1655
295
1658
1655
899
1658
899
899
1657
899
1655
1654
1654
297
899
1655
899
899
899
899
899
828
899
899
1654
899
1251
899
899
899
899
1655
1658
899
1656
899
1657
1264
899
1657
1655
822
899
1654
899
1257
1535
899
899
1655
1655
899
899
701
899
899
899
899
899
1656
899
1654
899
1655
2403
1654
899
1655
899
899
899
1654
899
1658
1656
899
1654
899
899
899
1656
1654
899
1654
899
899
1655
1655
899
1655
899
1655
1654
1257
899
2403
1657
899
899
899
704
899
1655
1656
899
899
1654
1654
1539
899
899
696
1654
1657
899
1657
899
1655
899
1654
1655
1657
899
1654
899
1657
899
1654
1509
1658
1655
1658
899
1654
1658
1654
1657
1656
1657
1258
899
899
1657
899
1553
899
296
899
899
1655
1655
2179
1658
1545
899
1656
1657
1655
899
1654
1655
1657
1654
1531
1655
1512
1654
1654
1654
1656
899
899
899
1533
899
899
1656
899
1654
899
1655
1554
1658
1654
899
899
899
1526
899
1654
899
1241
1654
899
2602
1658
899
1260
1657
1656
899
899
2557
1657
899
899
1654
1654
899
1657
1654
899
1655
899
1536
899
1655
899
899
899
1656
899
899
899
899
899
899
1658
1657
899
899
899
1654
1657
1655
2003
2403
1656
1656
899
1655
899
899
1655
899
1655
899
1658
1556
1657
1654
899
899
1655
1266
1658
899
1655
899
1655
1654
1657
1654
899
899
1657
899
1658
1655
1654
899
1658
899
1654
899
899
1654
899
1657
899
1655
701
1658
899
1657
1657
899
899
899
899
1656
899
1654
899
1655
899
899
899
1654
899
1655
2179
1655
899
1655
899
1654
1654
1655
899
1534
2179
899
1658
899
1654
1654
899
1657
1655
1654
1658
1658
1658
899
899
899
899
899
1654
1654
1654
1655
899
899
899
899
1658
899
1655
2179
899
899
1654
899
899
899
1656
1655
899
1654
1657
899
1657
899
1658
899
1657
1657
899
899
899
899
899
899
899
1655
1655
899
899
1656
899
1655
1654
1655
899
1656
899
1654
899
899
899
2179
1657
899
899
899
899
899
899
899
899
1655
899
899
1655
899
1250
899
920
899
1655
1655
1658
1654
1655
899
695
1655
1657
899
899
1654
899
899
1654
1655
899
899
1654
1654
1656
899
899
899
899
899
1654
1656
899
1654
1264
1657
899
687
1507
899
1658
2179
1655
899
899
899
1654
899
1656
1657
899
701
1654
1655
899
899
1655
899
1654
899
1657
1654
899
1655
1656
1654
899
899
1655
899
899
1654
899
1654
899
827
1654
899
1656
899
899
2179
899
1654
899
1658
1654
1527
1655
899
899
899
899
899
899
1655
1655
1507
1551
899
899
1654
1655
1657
899
899
2744
899
1655
1655
899
1657
1655
899
899
1658
1654
899
1654
808
899
899
899
1657
899
1654
1655
899
899
899
899
1656
899
295
899
1658
899
1654
899
1546
899
899
1656
2403
899
1656
1656
1654
1264
1655
1654
799
1508
1637
1656
899
1657
899
1657
899
899
1654
1534
1654
1658
899
1655
899
899
1657
899
899
1656
899
899
1655
663
899
1655
899
923
1654
899
1655
1655
899
1658
1654
899
2003
1657
1658
1654
1658
899
1655
899
899
1654
1654
1655
1654
1654
803
850
1655
899
899
1655
899
899
1648
899
1655
1655
1657
899
1655
899
295
899
899
1655
1654
1655
899
1658
1657
899
1654
899
1655
899
899
899
1655
1223
899
1655
1657
1658
1654
1657
899
1655
1657
1657
1655
1654
1654
1260
899
1654
899
1655
899
1655
898
1654
899
1654
1535
1784
1654
1658
899
899
899
1658
899
899
899
899
1654
899
899
1654
1654
899
1654
899
1654
899
1654
1655
899
899
297
1654
1654
1655
899
899
899
899
899
899
899
899
1260
899
899
1655
899
294
1258
1654
1657
1655
1658
899
1654
899
1637
899
899
2744
1655
1655
1539
2179
899
1657
899
1256
899
899
899
1218
799
1654
899
1654
1654
899
899
1654
899
1656
1654
899
1656
1658
899
1654
1656
899
1657
899
1657
899
899
1265
1654
899
701
1654
1654
899
1506
1657
1261
1257
899
2403
2179
1656
1655
1658
1654
1654
899
899
899
678
1656
1656
899
1654
1654
1655
899
1522
295
1657
1553
899
1656
1658
918
2403
899
1658
1250
1657
1654
1655
1536
1655
1654
899
1654
1655
1655
899
1655
1658
1655
1655
803
1654
899
2179
899
899
1655
899
1658
1261
699
1657
1658
899
1655
1654
899
899
2606
2744
858
2403
2179
2403
2179
1655
1655
2179
806
2611
2403
2179
295
2403
2403
2741
2179
806
295
853
2403
1547
2577
1547
2403
2179
1655
2403
2403
1943
1655
2403
2403
723
2005
2403
2403
2179
796
2403
2179
1656
296
1218
294
2403
1654
1529
2005
2179
2006
2008
2403
2658
1264
2402
811
2403
831
2742
1657
899
1656
899
1658
899
899
899
899
1655
899
1655
1655
899
899
899
295
1656
704
1654
1658
1259
899
899
899
899
1655
899
1655
1226
2179
808
1657
899
1657
1656
1656
806
1641
1657
899
802
899
899
899
899
1658
1657
899
1654
899
899
899
1658
899
899
1654
899
1226
1505
1654
899
899
899
899
1654
1654
899
899
1654
1655
1516
899
899
899
899
899
899
899
1654
1654
1537
696
1654
899
899
899
899
899
899
899
899
899
899
1656
1654
899
899
899
1267
1654
899
1655
1654
899
1534
1654
1655
1658
899
1654
1655
899
899
1654
899
295
899
1654
1654
1655
899
899
899
1657
1655
1539
1655
1655
899
800
899
899
1657
1656
899
1654
899
1655
1540
899
2403
1654
899
1655
899
1658
899
1655
899
1654
899
899
1654
1654
899
899
899
899
899
1657
899
2179
1219
1656
1656
1654
856
1655
1250
1657
899
899
2179
1658
1655
1538
899
1658
899
899
1654
1658
899
1658
1655
899
1655
1658
899
797
899
899
1657
1655
899
1655
1658
2003
899
1655
899
899
1655
899
1658
1260
1536
899
2403
1655
1654
899
1655
1655
1655
1655
1657
1654
802
1658
1657
899
899
1654
899
1267
899
899
1655
1657
1654
1658
1510
1654
899
1656
899
899
899
1657
899
1658
899
1541
899
1657
701
1641
1654
1656
1658
1655
1657
899
1655
1657
1655
899
1542
899
1657
1654
802
899
1658
1657
1654
899
899
899
899
899
1657
1655
899
1654
899
899
1655
899
1536
899
899
1657
673
899
1536
1655
799
1658
899
1657
899
1656
1655
1657
1654
1533
899
1656
1654
899
1654
1657
1658
1657
1654
1658
899
899
1522
899
1654
1657
899
1655
1655
1658
1654
1654
899
899
1655
1658
1658
899
1656
899
899
1656
1655
899
1654
899
1657
1657
1655
1658
899
899
899
1656
1655
1655
899
1657
1655
899
1657
1537
1533
899
899
2403
1657
899
899
1654
1658
1654
1657
899
1655
1654
1655
899
1654
899
1655
1654
899
899
1657
1226
1656
1654
1655
1655
899
1654
1655
1533
899
1655
1655
1654
1654
899
899
1654
917
899
1654
899
899
701
1655
899
899
1654
802
899
899
701
1656
899
899
899
1655
1657
1655
899
1654
1654
1655
1655
1654
899
899
899
899
899
1658
1656
1657
899
899
701
1654
1654
899
1657
1654
899
899
1654
1260
1657
899
899
899
899
899
1654
899
1655
1654
899
899
899
1655
899
899
1657
1658
2403
295
899
899
899
1655
1655
899
899
899
899
899
899
899
1655
1655
1654
1655
1654
899
1654
899
899
1656
899
899
723
1657
1656
1654
899
1250
1657
1654
2179
899
899
899
1655
1657
1655
899
899
1658
1653
899
2179
899
1506
1658
1656
1654
899
899
701
1658
899
1657
899
899
899
899
899
1655
899
1510
1657
1654
899
899
899
922
899
899
899
1656
1656
899
899
899
899
1656
1658
1539
1539
1658
1654
899
1654
899
899
899
1654
1543
899
1658
2226
1655
1654
899
1654
1654
2403
899
899
1655
899
899
899
2179
1658
899
1658
899
1658
899
899
899
1658
1658
899
1654
1654
701
1654
1654
1655
899
1544
899
1655
899
899
899
1655
899
2179
1656
899
1658
673
899
899
683
899
1655
899
1655
899
899
1654
899
899
1655
1654
295
1654
1657
1657
1654
899
1655
1508
1655
1656
1658
1657
1654
899
1545
1654
899
899
2179
1655
899
899
1654
1226
1655
1492
899
1654
1654
899
899
899
899
899
1655
1657
899
1657
899
1655
899
1657
1260
1657
2403
1654
1218
1656
1656
899
899
899
1654
1656
666
899
1250
899
899
899
899
2403
899
899
1655
898
1654
899
1655
899
899
899
899
1654
1654
1654
899
1654
899
1657
1658
1654
1658
1654
899
1658
899
899
704
1654
1654
899
899
899
1656
899
899
295
2403
1655
1218
899
1654
899
1657
1656
1654
899
1654
899
1654
701
1654
1656
1658
1658
1656
1654
899
1655
1654
899
1655
1658
1654
899
1654
899
1655
1656
1655
1655
1657
1656
899
1654
2179
899
899
899
899
851
1657
899
701
1654
1658
1657
1654
899
1655
1657
1658
1657
899
899
1656
723
1657
1655
899
899
899
1655
1658
899
1654
1656
1655
1655
899
1655
682
899
2005
701
1656
1544
1658
1658
899
899
899
899
1657
1655
1655
1262
899
703
899
899
1658
1657
899
1657
1654
1655
899
899
899
898
899
1531
899
1656
899
1655
899
1655
899
1654
1654
1656
1658
1657
701
899
1654
899
1654
1656
899
899
899
1654
1657
1655
899
1655
1654
1654
899
1658
1657
1656
899
899
1658
899
899
899
1654
1654
899
899
1658
1251
1658
1655
1657
1654
1655
899
1250
833
1654
1654
1654
1654
1655
899
1249
1655
1655
899
899
1654
899
899
899
1649
899
1654
1656
1654
1657
2226
899
1654
1657
899
1655
899
899
1658
899
899
899
1655
899
1654
1654
1658
899
1656
899
1658
899
1654
899
678
1262
899
1264
1257
1654
1655
899
1655
1657
1654
899
1657
1654
899
899
1657
1654
899
1506
1655
899
899
899
899
899
899
898
899
1654
1657
1657
1250
2740
1656
899
899
899
295
899
1656
1657
1657
899
295
1655
1654
899
1655
1656
899
1655
918
2740
1657
800
295
1655
899
899
899
1539
1655
899
1654
899
899
1654
899
899
899
1657
806
1656
2403
899
899
1655
1655
1654
1658
899
899
1226
1655
1654
899
1658
899
1656
1655
899
1658
899
1655
899
1656
899
1658
1654
899
1258
1655
1655
702
1655
1655
899
1656
899
1657
1512
899
1655
899
899
1256
899
899
899
899
701
1655
1655
1658
1657
899
1656
899
1657
1506
1654
1658
899
1655
899
1658
1263
899
899
899
1655
1655
2179
1654
899
899
798
899
899
1655
899
899
899
2179
1655
1224
1657
1648
899
1554
1654
899
1655
295
916
1250
899
1654
899
899
1655
1657
1655
1657
899
899
1655
899
899
1656
899
1654
1655
1547
1658
1654
899
899
899
1655
899
1657
1654
899
2179
899
1656
899
1654
1656
1658
899
899
852
1654
899
899
899
1261
899
1654
899
899
899
1654
1655
1655
1654
899
899
1656
899
899
899
899
899
1654
1654
899
1654
899
899
1658
899
899
1654
1226
899
899
1658
1654
1538
899
1655
1656
899
1657
1655
899
899
1654
802
1655
899
899
899
1655
1654
694
899
1655
1657
1658
1658
899
1547
1655
899
701
1657
899
899
1654
1658
1655
1655
899
1655
1656
1540
899
899
1655
899
899
1655
1654
1654
1655
1655
1655
899
899
899
2403
1658
1250
1655
899
1656
899
2403
899
1655
1539
899
1654
1260
899
1657
899
1658
899
899
899
295
1657
1654
2403
899
899
1655
1656
1654
1654
899
1654
1656
1657
899
899
899
899
1655
899
1654
1655
2403
806
1223
1655
899
1250
806
899
899
1657
1655
899
1655
899
1656
1655
899
899
899
899
899
899
1655
1251
899
899
899
899
899
899
1658
1654
899
1655
2007
1658
1250
1658
899
1655
1654
1655
899
1658
1656
899
1657
899
899
899
1655
1657
1655
918
899
1654
1657
899
899
2739
802
1658
1654
1654
899
1657
1655
1655
1655
1257
1657
1654
899
899
899
1658
899
899
899
899
899
899
697
899
2179
1655
899
1656
899
1655
1655
1654
899
1644
899
899
899
899
1655
899
1654
1654
695
1657
1657
1656
899
1654
1654
1654
1658
1655
899
899
899
899
1655
899
1654
1545
899
899
1654
1654
899
1654
1657
899
1655
1657
668
1655
2003
1655
899
1656
1657
899
1657
899
1655
1656
899
1655
899
1654
899
1655
1658
1656
1656
899
899
899
899
898
899
1654
1655
899
1655
899
1532
899
1654
1655
899
1656
1654
1654
1507
2179
1658
899
1534
1655
1658
1655
1657
1657
899
899
899
1656
1657
1656
899
899
1655
899
1656
899
1656
1654
1655
1654
899
899
1654
899
899
295
899
1654
1658
1655
1655
1657
899
1654
1654
899
1654
1654
1655
1655
899
1657
899
899
899
1656
899
899
1654
1655
1657
1658
899
1655
1658
1658
1654
1548
1654
899
1654
1657
1658
1658
899
899
899
899
899
1530
899
899
899
1655
1655
2005
1654
1654
1654
899
1654
1656
899
1654
1543
1655
899
1658
1655
1655
899
1654
2004
1654
899
899
1655
1657
1657
899
1655
899
1656
899
1654
1654
1655
1655
1656
1655
1657
1218
1654
1658
899
899
802
1655
899
899
2616
701
1655
899
1654
899
899
1658
899
1654
899
899
1654
1658
1505
899
1657
899
1658
899
1656
1657
1654
1658
1654
899
1657
899
899
1655
1656
1655
852
1658
1657
1656
898
1656
1657
1654
1655
1655
899
899
1655
1658
899
899
295
899
1654
1658
899
1531
2744
899
899
296
899
899
1655
899
1655
899
899
899
899
899
1657
1658
899
899
1658
899
1656
1657
899
899
1655
899
2179
1655
899
899
1547
1656
1654
1655
899
899
1655
899
899
1654
899
899
2004
1529
899
663
1656
899
1657
899
1531
1658
1654
1654
1655
899
899
899
1656
1655
899
1658
899
1654
899
899
1657
899
1657
899
899
1654
1654
1654
899
1655
1658
1256
899
1556
1655
899
1657
1655
899
899
1655
899
899
899
1657
899
1655
1654
1657
1654
899
1658
1655
1655
899
899
295
899
1553
1251
1658
899
1655
899
1654
1263
1522
899
899
899
899
899
899
1655
1654
899
1654
1657
1655
899
1657
1654
899
1515
1654
899
1655
1655
1654
899
899
1655
1657
899
1655
1649
899
899
899
1655
1507
899
1655
1654
1532
899
1657
1654
899
1655
899
1655
899
1657
1658
899
1655
899
1508
1657
1218
1654
1656
899
1654
1654
1657
1647
1507
1658
1553
899
1654
1654
1655
1658
899
899
899
1556
1654
916
1657
899
899
1655
1655
1655
899
1507
1655
1655
899
899
1654
899
1654
1655
1654
1656
899
1657
1654
899
1654
2179
1655
1655
898
899
1655
1658
1658
899
2179
899
1658
899
1654
899
899
899
1267
899
899
1655
2179
1655
1654
1657
899
1656
1654
1530
1658
1654
899
1655
1654
2403
899
899
899
1654
1654
899
1657
899
1658
696
899
1656
899
1655
899
1657
899
899
1654
899
1655
899
899
1655
899
899
899
696
1654
1655
899
1655
1553
899
1658
1223
1654
1654
899
1658
1655
1223
1656
899
899
1655
1654
1508
899
1654
1535
899
899
1655
899
1548
1657
1654
1655
899
899
1654
1656
899
899
1656
899
2403
1655
1655
1655
899
899
899
1656
1655
1658
701
1656
1654
899
1654
899
1655
1655
1658
1655
899
899
899
1656
1658
899
899
899
1655
1655
899
1654
899
1654
1654
1654
1657
1657
1657
899
1655
1655
899
1657
1657
899
899
1658
1655
1227
2226
899
899
1655
1657
1655
1655
899
899
1657
899
899
1654
1657
899
899
899
1658
1538
899
1657
1655
899
1654
1644
1658
1655
1657
1654
899
1509
899
1655
899
899
1655
1654
899
1654
899
1550
899
1655
899
1654
899
1655
1654
899
1655
1655
1655
1656
899
899
723
899
1656
899
899
295
899
899
1655
1537
899
1654
1655
899
1655
1657
1658
899
899
899
899
899
1218
1654
1657
1654
899
899
1654
899
1655
1654
899
802
899
2179
899
899
1655
899
1658
899
899
1654
1654
899
899
899
899
1655
899
899
1654
899
1654
1657
1655
899
899
899
1654
1658
899
701
2742
1658
1654
1656
1654
1655
1655
1657
1655
1654
1654
1655
1658
899
1528
899
1656
899
899
1655
899
1656
1650
1654
899
1654
1655
899
899
1658
1654
1654
1654
1654
1657
899
1655
1655
1259
295
1264
1654
899
899
1654
899
2740
899
899
899
899
1655
1655
1655
1657
1655
899
899
1655
1655
1655
1654
1656
1654
295
899
1655
899
1655
1657
1656
1225
899
899
899
1654
899
899
1654
899
1654
1654
1656
1654
1658
899
899
899
899
1218
899
1654
1654
2179
1654
899
899
1658
1657
1655
1654
899
2403
899
899
899
899
295
1656
1656
899
1654
2740
2179
801
2403
2179
802
2179
2403
2179
1655
812
2179
805
2402
806
2403
806
2403
2006
2179
2402
2403
1545
887
2179
802
2403
1250
857
2179
2605
1223
2179
834
2403
802
722
2403
2403
2179
2742
795
1227
806
2742
899
899
1537
1655
701
899
1654
899
1655
899
1655
899
1655
1655
1656
1656
2179
899
1655
1655
899
899
899
1654
899
1654
899
899
899
1658
1656
1656
899
701
1655
1655
899
916
1655
1658
1654
899
899
1655
1654
1655
1654
1654
899
1654
1654
899
1658
1655
1657
899
1657
1655
899
919
1655
1543
1654
1654
899
899
1654
1654
899
1655
1655
1658
1654
701
899
1654
1658
1658
1658
899
899
899
1656
899
1532
1657
899
899
899
1657
1654
1655
1655
1658
1654
1655
1655
899
899
899
1657
899
1658
899
899
899
1654
1655
1654
2741
1657
899
899
899
1654
899
1491
1654
1533
899
899
899
899
1657
1654
1268
899
899
1654
1654
1654
899
1554
1658
899
1654
899
1655
899
899
1654
1658
899
899
899
899
899
1655
1655
295
899
1550
295
1654
899
695
899
1657
899
899
1264
1539
1655
1658
1657
1657
899
2003
1656
899
899
1654
1508
1654
1654
1655
1654
899
899
899
1655
1658
1533
899
899
899
899
899
899
1536
1654
898
2742
1655
899
899
899
2403
899
1658
899
1654
1658
899
1657
899
1655
899
1654
1656
1654
1654
899
899
899
1655
1657
1654
899
899
1656
899
899
2179
899
899
899
1657
1657
899
899
899
899
1654
1656
899
899
899
1655
1655
1654
899
899
899
1654
2004
899
1654
1656
1656
1654
1654
1658
1654
1655
1654
1657
899
899
899
899
1654
899
1657
899
899
899
1654
899
899
1654
2742
2179
701
1658
1658
1658
2402
1655
899
899
899
1654
899
899
899
899
899
1655
899
1655
1655
1654
899
1658
899
1656
1658
1655
899
899
1529
899
1654
899
899
899
1654
899
899
899
1533
899
1655
1657
899
295
899
1654
899
899
1647
1654
1655
1656
1657
899
1656
295
899
1654
1655
1657
1658
1551
899
1658
899
1655
1655
899
899
899
899
899
1539
1654
899
1655
1509
899
899
899
1535
1654
899
899
899
899
1655
2403
899
899
899
899
899
899
1657
899
1654
899
1658
899
1656
2179
1654
1553
899
1654
1257
1657
899
1658
1658
1656
899
1655
899
1655
1654
899
1527
1655
1658
1654
899
1655
899
1535
899
1656
701
899
899
1655
1658
899
1657
899
899
1658
705
899
1658
1658
1655
1655
899
899
1654
899
2744
1655
899
1550
1263
899
1658
1658
1655
899
1658
1654
1655
1654
1654
1657
899
899
1657
1654
1655
899
899
1654
899
1658
899
899
899
1655
2402
1256
899
1658
1657
899
899
1655
833
1657
1656
899
899
899
899
899
2403
899
899
1655
1655
1654
899
1657
899
1225
899
899
899
899
1656
1532
1654
1657
1656
899
1655
899
899
1218
899
1658
1250
1658
899
1658
899
899
899
899
2179
899
1654
1655
1543
1654
899
1654
899
1654
899
899
1658
1654
1655
1658
899
899
831
899
899
899
899
1529
1654
1654
899
899
1654
899
1538
899
1654
899
1656
899
899
899
899
1654
899
899
1218
1250
899
899
2744
899
899
899
899
899
1655
1654
1657
899
1655
899
1654
1256
899
1657
1657
1654
1657
701
899
1654
1654
1654
899
899
899
899
1535
1656
1657
899
1654
899
899
1656
899
831
899
295
899
899
899
899
790
1658
899
1654
899
1654
1658
899
1655
899
1657
899
899
1259
899
1655
1655
899
1654
899
1654
899
1654
1657
1657
1655
899
899
1257
1658
899
1654
1654
1656
1657
899
899
899
1658
899
1657
899
1655
917
2403
899
1655
1658
1654
1657
2742
1655
801
1658
1656
1658
1655
1655
1655
1655
1655
899
1657
1657
1655
1654
1655
1656
1218
1655
1654
656
2005
1654
1658
1655
1264
801
1658
1654
1657
1655
1533
1655
1658
1654
1655
2179
1655
1656
1655
1655
1657
787
1657
1650
2179
2740
722
2179
898
295
2179
2403
723
2403
722
1259
1509
2179
806
1261
1655
2179
806
2179
1534
1941
1655
899
899
899
1658
1658
1654
1654
899
899
899
1654
1257
899
899
1655
899
1655
1654
899
2403
1656
1655
1655
1655
1654
898
1657
1267
1655
899
899
1654
1655
1655
1655
1658
1656
1657
899
703
899
1656
1654
1655
899
1657
2742
1657
1658
1657
899
899
899
1655
899
795
696
1655
899
1657
1656
899
899
2403
1654
704
899
1655
899
1658
1654
1655
1218
1654
1657
899
1655
1655
899
1656
899
899
1655
899
1658
1658
899
1656
1654
899
1654
899
2179
1654
1654
899
899
1658
899
899
1654
899
806
1226
1535
1654
1658
899
1657
1658
899
1654
1658
1654
1654
1657
899
1264
899
899
1654
1654
899
899
899
899
1654
1655
899
1655
1654
899
828
1657
899
899
1655
899
899
899
899
1657
899
899
1654
1491
899
1658
1657
899
1657
899
1655
899
1655
1654
1654
1654
899
1654
899
1655
1655
899
1655
1655
1658
1654
899
1655
682
1655
899
899
899
899
1655
899
1654
899
1654
1654
1545
1654
1654
1265
1657
899
899
1655
1657
899
1656
1250
899
1655
1658
899
2004
1655
899
1654
899
701
899
1656
2179
899
1655
899
899
1658
899
898
898
899
1658
1654
696
899
1654
1654
1492
899
1655
1655
899
899
899
1657
1654
899
1508
1654
899
1655
2403
899
899
1657
899
787
899
1654
899
1657
899
899
1655
1657
1655
295
899
1657
1656
1655
1656
1658
899
899
2179
2608
899
899
1654
899
899
1655
1654
1654
899
1658
1646
2403
2403
1657
1654
1658
1656
899
1657
899
899
1657
899
1657
899
899
2609
899
1654
899
1646
899
899
1655
899
1657
1655
899
899
1657
899
1656
899
1653
899
1657
899
899
1658
899
1656
899
1657
1655
1654
1654
899
899
899
1654
899
899
1251
1654
1641
899
899
806
799
1658
899
1657
1654
899
1654
899
1657
1654
899
899
899
899
1657
1655
1657
1657
1655
1657
1655
1658
1657
2179
1655
899
899
899
899
899
1657
1656
899
899
899
1637
1654
1654
898
1654
1654
899
2401
295
899
1655
1654
899
899
1655
899
899
1534
1658
1547
899
899
1527
1654
899
1654
1541
1654
1218
899
1657
1258
899
2005
1654
850
1655
899
1655
899
1658
899
1656
1654
899
1655
1658
899
899
1657
899
1657
899
1536
1658
899
1656
1658
1657
899
899
1655
1654
1658
1650
295
1654
899
1657
1654
1654
1657
899
1654
899
1655
1655
1654
1657
1655
899
899
899
1654
1657
899
1655
899
1545
1654
799
899
899
1656
2005
1654
1654
1654
1654
1658
1654
1655
899
1654
899
1658
2403
1657
899
1657
899
1655
1654
1655
899
1658
899
899
899
1554
899
899
1655
1654
899
1269
1657
1654
899
1658
1655
899
899
1655
1657
1655
1658
899
899
899
1655
1655
1654
1654
703
1657
1657
1655
899
899
899
806
899
1657
1654
899
899
899
1656
899
899
1658
1658
1654
1655
899
1654
899
899
1658
1655
899
899
899
1654
899
899
899
1654
1658
899
899
1655
1655
1654
899
899
1657
1506
1654
899
899
899
1654
1657
1654
899
295
1656
1655
899
1657
294
921
673
1658
899
1654
899
899
899
1656
683
899
1654
1655
1658
899
1654
1654
899
899
899
1655
1654
1654
899
899
899
1654
1657
1658
899
1244
899
1657
1658
1655
899
1658
899
1654
899
1657
899
1654
1656
1656
1654
1655
1658
899
899
899
1655
1655
1656
899
899
1655
1658
1655
899
1656
899
1657
1657
899
1654
1657
1655
899
899
1655
899
1654
1655
899
899
1536
899
1536
1544
1654
1655
1654
1265
1655
1655
899
1654
899
1517
1657
1656
899
899
1658
1654
1658
1654
899
899
1226
1658
899
899
2742
1658
899
899
799
1657
1655
899
899
899
1655
899
899
1655
827
899
899
1655
899
1655
1555
1657
723
1657
1655
899
899
899
899
899
1654
1655
1654
1538
1654
899
899
899
1655
1655
1655
1658
899
899
1654
1652
1655
899
1654
2744
899
899
1223
1259
1657
2005
2741
899
1940
899
1655
899
899
899
1654
899
899
899
899
899
899
1655
899
899
899
1654
2005
1656
899
899
1655
1655
1656
1508
1658
1654
899
899
1654
899
1655
1654
1658
1654
899
1655
899
1657
1655
1655
899
899
802
1507
899
899
1655
1654
1654
1654
1658
899
899
899
899
899
899
1655
899
899
899
1654
899
1654
2006
1655
899
1658
1658
1654
1658
899
701
899
899
1657
1654
2179
899
1534
1658
899
899
1655
1655
899
899
1654
1654
899
899
899
701
1654
899
1655
899
1654
899
1655
899
1657
899
1655
1654
899
1649
1656
899
899
1641
1657
1656
1658
899
1649
1657
1658
899
1657
1547
899
2179
1654
1658
899
1656
899
899
1657
1654
899
1655
899
1654
899
1657
1259
899
1656
899
1654
723
295
1223
899
899
1658
1654
899
1655
899
899
899
1541
899
1654
899
1654
899
1656
899
802
1261
1654
1654
899
899
1658
899
899
1655
2403
1250
1655
1655
899
1655
1539
1654
899
1658
1657
899
899
1654
899
899
1656
899
899
899
899
1654
899
899
899
899
899
1658
899
1658
899
1654
899
899
1654
899
1654
1655
1655
899
899
1655
1655
1654
899
1657
899
1654
1655
899
1657
899
899
899
1658
899
899
899
899
899
1223
899
899
1655
1655
1656
1654
1654
899
1654
899
899
1526
1654
899
1656
899
1658
899
1655
1656
899
899
899
899
899
1658
899
2403
899
899
899
899
899
1655
899
899
1654
1657
1658
899
1654
1654
899
1658
1658
1655
899
899
899
899
1655
899
899
1658
899
899
899
1655
899
2403
1656
1657
899
1655
1654
899
1655
899
1654
1658
1655
899
1223
899
899
1655
899
899
899
899
1655
899
1654
899
898
1657
1655
1655
1655
1655
899
899
1655
1658
899
2179
899
899
899
899
899
1654
1657
899
899
1656
1657
899
295
1654
1655
899
1658
899
829
899
1654
899
899
1226
899
1655
1654
1654
1657
899
833
1654
1654
1656
899
899
2403
1655
899
295
1655
2006
899
899
899
899
1655
899
1654
1656
662
1656
899
899
1655
899
899
899
899
1658
1655
899
1654
704
701
899
2403
1654
899
899
899
1536
1654
1657
1657
827
1655
899
1657
899
899
802
899
899
1654
1657
1654
1657
1655
1654
1655
1654
899
899
899
1656
899
1654
1658
1657
797
1657
899
1655
1654
1654
899
1658
1657
899
1656
1658
1654
899
899
1657
899
799
1536
899
2179
899
899
899
899
899
899
1658
1532
899
1654
1250
1657
1656
1655
899
806
2595
899
899
899
1654
1655
1657
1658
899
1656
899
1654
899
1654
899
1658
1654
2179
1655
1655
1655
1658
899
1655
701
1655
899
1544
1655
899
1654
1654
1654
1657
899
1510
2003
899
1654
899
899
899
1654
1655
899
899
899
1654
899
1656
1654
1511
899
899
899
899
899
1657
1657
1491
899
899
899
1657
1654
2003
1655
1536
1657
1654
1654
1658
1654
663
1654
1656
899
899
899
1654
899
899
899
696
1655
1657
899
1259
899
831
1655
1655
899
899
899
827
1656
1655
899
1654
899
1654
899
2179
1655
899
899
899
899
1654
1656
799
1657
1223
899
1655
2005
1655
899
1655
1655
899
1654
1654
899
899
899
1656
1658
1654
899
1654
1654
1656
1654
899
1654
1655
1657
1658
2742
2403
899
899
899
899
1655
1654
2179
1658
1657
899
899
899
899
1655
1536
899
899
1654
899
1657
1657
1655
1657
899
701
1654
899
2179
1656
1655
899
1218
899
1655
899
1655
899
899
1654
1655
1658
899
899
1657
899
1654
899
899
1658
899
1654
899
899
1654
899
899
1540
899
1654
1654
899
899
899
899
899
899
899
1658
1654
899
922
899
1653
723
1654
1539
1658
899
1657
899
899
1654
899
899
899
1654
899
1655
899
899
899
899
1655
1654
899
899
1654
1654
899
899
1541
1655
899
1655
1655
1655
899
1655
1655
899
1654
1655
1654
899
1658
1655
1657
1654
1656
899
899
899
1507
899
1657
899
1657
899
1655
899
1655
898
1644
2003
1657
1658
1655
899
1654
1655
899
899
899
1654
899
1657
1655
899
1657
899
1655
1658
1258
1658
899
899
899
295
1654
1655
2403
899
1251
899
1656
1655
899
899
1655
899
899
1654
899
1657
1654
899
899
899
1654
1258
1658
899
1655
1657
1656
1655
899
1654
296
899
1655
1656
1652
899
1657
1654
899
1655
899
1655
1655
1654
899
1658
899
899
1655
1655
1655
898
899
899
899
899
899
1655
827
2179
1656
1654
806
1654
1539
1655
696
1657
899
2179
1522
899
1655
899
1654
899
1655
1655
899
1655
899
1654
1658
899
899
1258
899
1641
899
899
899
1655
1657
1655
1658
1547
2179
2742
899
899
899
722
1241
899
1657
1532
1654
899
1223
899
1657
1551
1654
1655
1654
1654
1654
899
899
899
899
1261
1656
899
899
899
899
899
899
899
1655
2001
1655
1654
1654
1656
899
1655
1654
899
1657
1655
1656
899
899
1646
1655
1658
1655
1657
1654
899
1654
1533
1654
1655
899
1656
1655
1656
899
1654
899
899
1655
1654
1654
701
1654
899
899
1263
899
1656
1655
1223
1655
1658
2179
1654
899
1645
1509
899
1657
899
1658
899
2403
1658
1658
899
899
1655
1655
1658
1657
1655
899
899
1549
899
1223
899
1657
899
899
899
899
1657
1654
1655
701
1655
1506
1654
1657
1655
1654
899
1655
1656
899
899
899
1655
899
1655
1648
1658
1656
899
899
1657
899
1658
1658
899
1654
899
1655
1655
1658
1658
1549
1658
1657
806
899
1658
1654
1654
899
1654
1658
1658
899
1657
899
1654
899
899
899
899
1654
899
701
805
899
1655
899
1654
1654
1655
1655
899
899
297
899
899
899
899
1655
1654
829
1522
899
899
899
1654
1654
899
1654
922
1654
1218
1656
1654
1655
1654
1655
899
899
1656
899
899
1250
899
899
899
1654
2403
1655
899
899
899
1654
899
899
916
899
899
1657
899
1654
1657
1250
1658
899
899
899
1656
1657
899
1658
1655
899
1654
1657
899
899
1657
1657
1656
899
1547
899
899
1654
1543
899
899
1654
1655
899
1654
1258
899
1655
1656
696
1657
1654
1655
1658
1656
1658
899
899
899
899
899
1654
899
899
899
899
899
899
899
899
1657
899
899
847
1655
899
899
899
899
899
899
899
899
899
899
1654
899
2179
680
899
701
1655
1656
899
1259
1658
1658
2006
1654
899
899
672
1658
1658
1656
899
1657
899
1655
899
1658
1656
1655
1656
1655
1657
1654
899
826
1657
899
899
1654
1656
899
899
1655
1260
1654
1657
1264
1654
899
1655
899
1657
899
899
899
899
1657
899
696
899
899
1655
1655
1260
1656
1658
899
831
1507
899
899
899
1654
1939
673
899
1658
899
899
899
1655
1641
1654
1655
1657
1658
1658
1655
899
899
899
899
899
1654
899
1226
899
899
899
899
1655
295
1658
899
1654
899
2402
899
899
1655
899
899
899
899
899
899
1658
2179
1657
1654
899
1657
899
1658
899
899
1654
1654
1657
899
899
1539
899
1655
899
1655
899
1655
899
899
1658
1655
899
1657
899
1263
899
1656
1528
295
899
1655
899
1657
899
899
1655
899
1654
1655
1655
1654
1657
1657
801
1654
1657
1655
1655
1658
2003
1654
1223
899
1250
2179
1655
1655
1658
1655
1655
1657
1654
1258
1654
1654
1658
899
1655
656
1654
1655
1655
899
804
1655
1656
1657
891
1655
1655
1655
1657
1655
1655
1655
1657
1654
801
1656
1655
1655
1654
1655
1655
1656
1655
1658
1655
2179
1645
1657
1654
899
917
1250
1657
1655
1655
1655
1658
1655
1655
1654
1655
1655
1655
1655
899
1654
1658
1656
1655
1655
1658
2179
1655
1539
1657
1655
1654
1654
1655
1655
1657
1654
1656
899
1654
1655
1654
1654
1658
1655
2403
660
899
1548
1655
1655
656
1658
1657
1656
1654
1654
1655
1654
1658
1655
1654
1655
1655
1654
1226
1655
1655
1654
1266
723
1658
898
1656
1655
1657
1658
1655
1654
898
1655
1655
832
1655
1657
1538
1654
1657
1655
1655
1654
1657
1655
1657
1655
1654
1655
1262
1657
1655
1218
1654
1532
1655
921
1657
1545
1655
1655
899
1657
1655
1655
1656
1655
1655
1655
1654
1655
1655
1657
2179
2179
1529
1656
1655
2179
1654
1654
1654
899
1654
1507
899
1258
1224
899
899
899
899
1265
899
899
806
899
899
899
1656
899
899
1657
1654
899
899
1655
1658
899
1655
899
1655
1657
899
1654
1655
899
899
899
899
899
899
701
899
1655
1654
899
295
1655
899
1654
1513
1655
899
899
1263
899
899
1654
899
1554
899
1506
1655
1655
899
669
1260
1655
1654
671
1655
899
899
899
1656
1259
1654
899
1654
1241
1656
1655
1658
899
2742
1654
1657
1657
1658
1654
2003
1654
899
1654
899
899
899
1250
1656
1655
1657
1657
1654
1656
899
899
899
899
1241
1657
1658
899
1657
1655
899
899
899
1655
1654
1654
1657
899
1657
899
295
899
899
1655
1658
899
1657
1657
701
2179
1655
899
1657
1658
899
2179
1654
1654
899
1658
899
1657
899
1658
899
1658
296
296
2403
1784
296
294
295
295
296
296
296
296
296
296
296
296
296
296
296
296
296
296
296
296
1655
296
295
296
298
296
297
296
295
296
296
296
296
1509
298
296
296
295
296
295
295
296
296
295
296
295
296
296
297
296
296
296
296
296
296
295
2179
297
295
295
296
296
296
296
296
296
295
295
296
296
296
296
296
296
298
296
296
2898
297
295
295
296
296
296
296
296
296
296
296
296
296
296
296
296
296
296
296
296
296
296
296
296
296
296
296
296
296
296
295
296
296
2179
296
296
899
296
296
296
296
296
296
296
295
295
296
295
296
296
296
295
296
296
1784
296
296
296
296
296
296
296
296
296
296
296
295
296
295
2402
296
295
295
296
296
296
296
296
296
296
296
899
295
296
296
296
296
296
296
296
296
295
296
296
296
296
296
2009
296
296
296
296
296
293
296
296
1785
296
296
296
296
296
296
296
296
296
296
296
296
296
296
296
296
295
296
296
296
296
296
296
296
296
296
296
296
295
296
296
297
296
296
296
295
296
295
296
296
296
296
296
296
296
296
298
295
296
296
296
296
296
296
296
2178
899
296
295
296
296
296
295
296
296
296
296
296
296
295
296
296
296
295
296
296
2179
296
296
296
295
296
296
296
296
296
296
296
296
296
296
296
296
295
296
295
295
296
296
295
296
296
295
297
296
899
296
296
296
295
296
296
297
296
296
2179
296
296
296
295
296
296
296
296
296
296
296
1785
296
296
296
296
296
296
296
296
296
296
296
296
296
296
296
296
296
296
296
296
296
2403
297
296
295
296
297
296
296
296
296
296
296
296
296
296
296
296
296
1253
296
297
296
293
296
296
296
296
296
296
296
295
296
1538
296
296
296
296
296
296
295
296
296
296
296
899
295
296
296
296
296
296
296
296
296
295
2179
296
296
296
297
296
296
296
296
292
296
297
296
295
296
296
296
296
296
296
296
296
296
296
296
296
296
296
295
296
296
296
296
296
296
295
1785
296
296
296
295
296
296
296
296
296
296
296
295
295
298
296
296
296
296
295
296
1785
296
296
296
296
296
295
295
296
296
296
296
296
296
296
296
296
296
296
295
295
296
296
296
296
296
295
296
296
296
297
296
296
296
296
296
296
296
296
295
296
296
296
296
296
296
296
296
296
296
298
295
297
295
296
1785
296
296
296
296
296
296
295
296
296
296
296
296
296
296
296
1785
295
296
296
296
298
296
296
296
296
296
296
296
296
296
296
295
298
296
296
296
296
295
295
296
296
296
296
296
296
296
297
296
294
296
296
295
296
296
296
296
296
296
296
296
296
296
296
296
296
296
296
296
296
296
296
296
296
296
296
1940
296
296
296
296
296
296
295
296
296
296
296
296
296
297
296
296
296
295
2179
297
296
296
296
296
298
296
296
296
297
296
295
296
296
2179
296
1785
296
296
296
2914
297
296
296
296
296
296
2403
296
296
295
296
296
295
296
296
296
295
296
296
296
2179
296
296
296
295
296
296
296
295
1785
296
2006
295
296
296
296
297
