158
229
655
278
897
837
802
259
820
898
898
228
1278
248
220
1270
1250
1048
235
259
898
1261
783
167
1549
1258
274
134
1265
704
242
198
1271
166
285
254
1129
908
898
659
240
210
208
929
233
205
226
192
1274
1469
1250
793
722
1271
1250
192
189
860
795
195
1264
280
177
206
1243
191
232
898
223
1001
261
225
282
186
862
1278
1538
188
205
1261
900
203
1501
247
722
184
723
722
1259
185
169
805
256
1261
723
722
1283
234
727
667
1169
1122
676
888
865
180
262
1281
1204
1280
825
878
257
723
1287
1266
239
898
1250
898
1264
218
1274
898
216
1548
1277
898
1218
1275
1263
675
787
898
778
177
898
1254
722
1280
206
238
210
259
1274
898
722
220
244
243
177
899
1258
229
899
812
1260
277
199
727
184
744
208
786
722
1278
247
208
898
211
1255
722
836
1239
1281
1252
680
178
1257
793
149
1255
214
194
837
209
898
273
201
1519
807
1257
828
722
229
801
1252
196
1275
256
792
1273
1277
726
242
227
723
898
195
1259
237
1250
1269
657
1285
902
1183
844
823
726
172
172
1282
165
650
898
1287
163
228
1203
898
206
1282
185
653
157
1257
726
722
231
1256
1268
898
871
1493
750
1078
782
898
201
849
903
146
898
779
200
265
722
646
853
873
898
1273
686
1276
174
231
209
1261
204
258
1243
1274
899
724
817
779
172
1271
266
1148
1273
224
722
866
898
236
898
1220
234
659
898
779
213
655
259
1265
789
244
849
158
212
770
182
1233
1245
199
196
833
657
1266
227
898
898
244
205
174
1202
178
174
898
722
779
206
722
777
898
663
727
1261
207
784
723
184
214
868
722
207
898
899
1279
1263
201
782
157
805
898
899
223
1524
807
667
792
238
197
800
250
152
772
183
235
171
906
899
1279
159
163
205
857
163
813
722
864
723
1274
723
210
257
186
1191
898
898
857
207
170
149
826
190
192
161
722
180
217
176
245
251
898
170
722
669
288
277
800
290
898
1261
846
722
898
1544
724
1537
675
1539
295
290
857
1218
675
682
817
898
291
722
869
723
899
866
1124
678
682
288
293
1218
1498
293
837
788
898
723
860
722
1250
297
1192
687
290
295
293
722
290
1264
727
838
668
898
289
970
679
722
899
1258
1546
874
898
2003
1224
1527
1547
722
1199
697
722
899
723
845
1543
723
898
1257
869
898
899
653
722
787
1263
1540
723
722
257
722
1254
776
826
722
898
898
722
705
899
898
286
898
723
722
1510
2006
1525
722
722
1264
699
1252
1630
1525
1538
1262
665
722
722
898
898
898
666
288
293
292
722
723
898
293
722
722
1767
723
722
903
722
291
1123
652
1218
668
722
295
295
898
846
1222
805
723
722
1533
704
899
658
1540
899
722
1183
294
2162
296
898
1994
758
722
722
1222
673
899
899
899
1467
2000
722
722
722
723
295
723
251
898
723
1548
672
1260
1225
1550
1122
681
898
1513
722
668
722
900
689
898
723
2162
870
799
868
722
898
722
703
722
722
295
1553
294
722
722
1943
1265
898
723
722
1545
670
722
722
898
675
1520
1250
898
663
722
1257
722
898
722
723
653
288
899
898
685
1260
898
727
1225
898
722
1242
898
290
722
723
898
1224
672
898
673
1520
722
722
722
722
707
899
898
678
898
674
898
674
722
675
723
723
898
898
974
898
1530
722
293
898
898
1258
727
723
723
672
722
2182
722
2005
899
722
700
722
722
898
727
898
899
898
722
722
792
699
725
898
722
723
723
1551
3267
898
1939
691
707
1940
723
898
722
294
723
722
722
723
898
690
839
2003
870
898
722
898
2000
1263
898
722
665
673
722
723
722
436
722
722
2000
722
723
1246
722
722
723
681
899
294
722
722
723
1248
722
722
898
722
722
722
723
899
898
295
1940
727
898
663
898
898
899
898
723
667
722
722
278
722
721
722
722
722
722
899
722
2226
722
722
898
722
722
703
722
722
722
1779
722
294
722
899
899
295
722
670
723
898
898
722
898
727
898
809
723
723
294
722
722
898
795
722
722
898
723
722
667
899
722
898
722
898
2386
898
676
658
722
880
899
722
722
898
722
437
2004
724
722
676
666
666
898
724
899
722
722
722
2002
722
722
594
722
722
722
722
677
722
722
722
722
669
293
722
722
898
898
722
898
722
722
742
722
722
899
722
651
722
2001
899
594
594
723
727
898
899
722
727
722
695
727
798
727
670
722
294
722
722
722
722
722
722
722
899
723
722
722
722
898
722
697
722
2162
722
899
1925
898
722
898
899
594
722
722
898
903
722
722
898
722
727
898
853
722
722
899
722
722
898
723
723
722
727
722
727
722
722
673
722
898
722
722
594
722
898
898
723
1941
722
722
727
898
900
722
898
675
898
722
295
722
294
722
595
437
722
723
698
722
898
722
898
722
722
722
722
898
722
898
722
723
722
898
821
722
723
1941
685
722
722
898
722
722
2239
899
722
856
898
722
898
723
722
898
722
722
437
722
898
898
898
2005
722
722
723
722
899
901
722
898
722
670
722
722
722
295
722
727
288
722
722
723
827
899
899
722
722
722
723
722
722
898
722
722
898
723
666
722
898
722
701
898
2001
722
722
898
1470
1256
1445
898
437
722
722
722
724
723
293
899
722
722
722
722
723
670
899
678
899
727
1537
722
285
808
675
2382
722
899
899
722
723
722
722
722
675
2226
898
723
723
722
722
594
899
2003
670
295
722
667
899
899
2004
722
722
722
722
722
722
897
898
1937
722
722
722
722
727
722
899
899
722
722
2003
700
898
903
722
898
722
722
2178
688
722
663
666
722
709
898
722
899
898
898
722
722
296
594
898
722
670
807
722
802
722
673
722
722
898
667
723
899
289
722
898
1541
722
722
722
899
722
898
722
666
898
722
1531
723
722
722
830
722
722
898
667
663
831
898
899
722
898
899
722
1999
723
722
898
722
722
899
727
722
898
1942
899
675
700
676
722
594
722
722
1512
722
292
722
722
675
722
722
722
898
722
722
899
664
898
898
722
722
898
722
661
722
723
722
802
722
666
722
898
722
898
722
722
723
722
722
727
722
722
722
898
722
722
595
595
899
722
898
804
677
291
1224
1150
722
2178
722
724
898
899
722
898
722
898
722
722
898
722
2005
670
2228
1531
723
2006
722
667
722
899
594
722
723
727
722
722
722
722
723
675
722
722
898
898
722
722
722
2004
722
660
723
2226
722
898
722
898
722
722
898
722
722
722
903
898
722
2069
722
723
722
722
722
722
722
722
727
722
722
295
722
722
1225
898
722
722
2003
663
722
722
722
722
898
898
798
722
722
722
683
898
825
1553
997
722
722
722
898
898
898
595
722
294
899
898
722
722
2004
899
898
722
722
594
722
722
832
722
722
722
898
899
910
722
898
722
722
724
722
723
722
722
901
898
722
722
722
903
722
898
898
898
722
1939
722
902
722
703
722
898
898
670
722
828
722
700
898
718
676
727
898
899
898
669
700
686
722
693
722
723
722
594
722
722
899
732
722
723
722
722
807
723
666
663
723
1218
903
663
722
437
727
898
295
722
722
722
898
1531
828
898
295
898
722
899
669
673
663
722
435
722
722
898
690
723
2178
722
799
727
723
898
814
723
594
722
722
723
898
722
701
660
701
899
723
722
722
903
675
722
722
727
723
722
784
722
701
696
722
722
898
700
723
898
722
898
722
898
898
898
722
722
898
681
932
723
722
903
722
288
725
863
723
1939
722
722
722
2000
684
686
898
673
727
669
672
851
722
898
594
722
294
722
898
701
722
899
902
898
899
898
857
722
671
723
2004
671
722
722
594
723
594
707
722
722
722
898
898
722
661
594
594
671
898
899
671
722
898
722
288
434
722
899
723
723
722
722
722
723
722
702
898
829
722
293
723
594
722
723
707
722
664
679
676
671
723
723
668
672
722
594
723
723
828
672
666
722
670
825
723
722
723
722
898
723
703
898
723
799
671
723
722
722
723
671
722
898
668
671
723
2155
722
594
696
722
436
723
671
722
898
722
663
898
813
671
723
723
671
723
705
599
724
723
722
722
671
723
722
594
722
812
701
722
722
722
671
723
899
594
594
594
722
707
671
722
898
663
903
722
722
899
594
594
722
671
723
723
295
297
899
722
671
722
722
594
722
707
707
723
722
723
898
898
671
722
722
595
668
680
898
1954
898
670
722
899
707
437
594
722
671
671
700
898
722
671
722
722
722
830
674
898
435
722
722
722
722
898
830
701
723
898
898
594
437
723
898
898
2004
722
671
722
723
723
671
723
723
899
594
722
722
594
723
671
898
671
689
898
702
899
899
671
700
671
722
676
671
435
436
723
671
898
703
723
722
803
722
723
722
722
722
723
898
722
722
436
435
722
671
722
723
727
671
722
899
722
595
295
595
723
899
723
671
663
671
723
899
722
722
722
722
722
722
722
721
595
722
722
898
722
722
722
288
722
722
898
2402
721
722
722
723
288
722
722
898
703
668
722
723
722
722
722
722
722
722
723
898
722
722
722
722
722
680
726
898
722
722
679
898
723
897
898
721
671
898
833
2000
898
897
722
2226
722
898
723
723
722
722
722
722
722
722
680
722
594
722
722
898
722
722
722
722
2226
2002
2160
723
1262
722
898
295
723
722
722
723
722
722
722
677
722
594
722
829
1261
723
723
722
722
723
722
723
722
828
722
722
723
898
898
723
723
899
898
722
899
1529
821
721
722
722
898
898
898
722
722
722
898
898
898
722
722
722
722
722
722
722
898
898
898
899
813
723
722
898
721
722
722
722
721
722
722
721
722
722
721
898
722
722
723
722
722
852
722
722
722
865
2962
2005
878
722
722
722
722
677
722
722
594
721
722
723
722
722
723
1260
722
723
722
898
898
722
722
898
898
723
722
723
722
1314
722
722
722
897
898
898
898
899
722
594
675
681
722
898
722
701
898
723
722
722
898
723
723
899
898
722
898
898
898
898
294
898
723
798
722
722
722
898
1641
2226
899
899
898
723
898
898
2005
830
796
898
2003
2852
1655
722
722
1209
1260
722
722
732
899
296
722
670
722
722
722
294
2226
722
898
722
898
722
898
722
722
723
898
2386
898
723
898
898
1347
898
1532
722
899
2003
898
898
2599
722
722
722
2003
681
722
722
722
888
722
722
1940
722
722
722
722
2015
723
594
898
722
722
2160
898
898
899
898
898
722
681
898
722
722
722
722
890
723
722
722
294
723
722
723
295
898
898
676
2002
722
721
722
898
722
899
690
722
722
681
722
723
722
722
722
722
722
722
721
722
722
726
722
898
673
899
899
722
898
722
2385
722
898
434
722
722
722
723
722
722
721
722
723
722
722
722
722
434
722
722
722
722
722
899
722
898
1490
722
703
898
1618
722
722
722
722
297
722
722
722
722
722
700
722
898
898
898
722
721
721
295
703
722
898
704
700
722
722
722
722
722
722
722
296
722
722
722
703
722
722
899
898
722
295
722
723
722
722
594
722
825
723
722
722
722
722
704
898
723
704
722
723
898
434
295
722
722
805
722
722
899
722
1235
722
722
705
722
723
700
1942
1940
704
700
722
722
722
722
703
722
722
722
703
722
899
722
722
789
722
898
722
722
722
722
722
722
723
722
899
722
721
722
722
722
1999
722
722
898
722
723
722
722
722
722
594
795
722
723
594
722
722
722
1547
898
722
700
722
722
898
721
721
722
702
723
722
2178
722
721
704
722
703
722
722
723
722
703
898
2002
722
704
898
722
722
898
703
722
722
722
898
722
898
599
722
898
722
722
676
722
722
722
722
722
898
722
722
721
722
898
703
722
722
722
898
1928
722
722
722
723
722
722
722
722
722
702
703
722
721
696
722
703
672
722
722
1369
722
722
722
722
1929
703
899
721
898
722
722
721
722
703
722
722
722
898
722
703
288
595
595
722
722
703
722
898
722
722
898
722
722
297
722
898
722
722
722
722
723
722
722
722
722
722
722
722
594
722
898
722
722
722
722
722
721
722
722
722
722
722
290
722
833
2005
722
723
667
722
295
722
722
722
722
722
722
898
722
722
2005
722
1997
722
434
898
722
2178
722
674
722
695
722
722
722
722
434
722
722
722
721
722
722
722
722
722
595
2003
722
705
722
704
722
722
723
722
722
723
434
722
722
722
722
722
898
722
898
722
296
722
721
664
584
722
722
722
722
898
296
723
898
722
722
722
824
434
722
701
722
722
722
722
722
1259
293
722
722
722
722
722
722
722
898
722
897
722
722
722
722
802
828
722
898
898
722
2178
722
722
722
1250
898
722
815
899
722
1536
435
722
723
722
722
802
722
722
722
722
722
802
722
722
722
722
722
722
2000
722
722
722
722
722
722
722
722
898
724
722
684
878
673
722
722
707
722
722
722
722
722
722
721
898
722
722
722
722
722
723
434
722
722
722
723
722
722
722
722
722
899
722
722
722
795
898
722
722
722
898
722
703
722
722
898
703
722
722
678
898
672
703
722
722
722
721
296
296
703
722
722
722
722
898
722
722
722
722
595
726
722
722
700
721
688
703
721
704
722
722
722
898
722
722
722
898
703
722
722
722
722
722
722
722
722
434
723
722
726
722
722
722
722
722
722
707
722
2002
898
721
722
722
722
722
703
722
898
722
722
2003
722
722
703
595
722
722
704
722
722
722
722
821
722
722
722
2001
722
722
704
722
798
722
721
722
722
722
722
1782
722
898
701
723
722
722
722
722
1223
594
595
722
722
722
722
723
898
722
722
723
370
294
701
721
722
722
898
722
290
812
722
434
723
723
721
722
295
722
722
722
722
704
722
722
295
722
722
898
722
722
799
722
722
898
722
722
898
721
899
722
721
701
722
721
696
722
722
293
722
723
721
898
721
703
899
722
722
722
722
722
295
2001
722
722
722
722
722
722
703
722
722
701
699
703
722
703
1546
295
1782
722
784
722
723
898
703
721
722
722
722
898
722
703
722
722
722
722
722
725
722
723
722
888
722
703
434
898
722
722
722
722
722
722
722
898
722
290
704
722
722
722
722
704
722
700
722
722
721
722
722
700
434
722
703
721
898
898
722
898
898
703
722
703
1938
722
898
722
721
722
722
722
697
898
722
434
722
722
723
722
898
898
878
290
898
722
722
722
723
722
722
722
796
722
722
722
722
722
722
722
722
722
722
722
722
722
722
722
898
722
722
722
722
723
722
722
723
722
701
294
722
722
898
703
721
723
722
828
898
722
722
721
683
832
703
722
722
722
722
722
1548
288
295
701
722
722
898
722
722
722
723
704
898
721
722
721
722
722
722
722
290
722
722
722
723
722
722
722
722
722
1148
831
723
723
722
722
898
721
667
722
721
814
663
825
722
722
703
704
704
898
722
722
722
722
836
723
295
722
722
722
722
722
722
722
722
721
722
898
898
659
799
722
721
1782
722
594
836
722
722
722
722
704
722
725
722
722
722
722
722
898
898
898
296
722
860
898
714
722
703
726
295
723
722
722
722
722
722
722
807
722
898
704
704
703
721
599
898
722
722
722
722
722
722
722
722
721
723
704
722
295
722
722
722
723
722
722
881
722
722
722
722
722
722
722
722
594
1222
722
722
722
722
722
722
898
722
722
722
1312
888
722
898
898
722
722
898
723
722
722
434
722
723
722
722
722
722
891
722
704
722
721
703
722
722
723
721
722
721
721
722
722
722
721
725
721
722
722
722
722
722
722
722
722
597
722
722
722
722
723
898
722
435
722
703
722
703
2146
898
898
723
703
722
721
722
704
722
722
898
898
722
722
722
722
877
722
722
725
722
722
722
722
722
722
725
722
722
722
722
594
722
722
2003
722
703
722
722
703
723
722
722
722
722
722
722
680
703
722
722
722
2003
723
722
722
722
722
722
898
722
721
722
722
703
898
898
898
722
722
722
722
722
722
288
898
722
703
722
721
722
722
723
722
898
722
703
722
722
722
723
722
722
722
722
722
1894
722
898
722
722
703
898
2002
722
289
899
1218
722
899
722
723
899
700
703
723
722
722
595
722
722
722
862
722
722
698
722
898
722
722
722
722
898
722
722
722
723
722
722
898
722
722
898
722
722
722
898
703
722
722
722
722
722
722
898
722
721
721
703
722
722
856
721
722
898
295
722
722
722
722
722
703
722
722
1262
722
700
722
434
722
722
722
722
722
722
722
703
703
722
703
722
722
722
722
721
722
898
699
722
722
1247
722
897
721
722
898
723
722
722
722
722
722
722
594
722
722
723
722
722
722
722
722
722
722
722
722
722
722
722
722
722
722
595
898
722
722
722
722
722
898
722
722
722
1939
722
898
722
721
898
722
2226
836
722
722
722
722
722
703
722
722
722
723
711
722
722
722
832
693
722
898
829
899
722
722
722
703
721
703
898
722
722
722
898
1647
1538
722
722
722
722
722
722
721
722
722
722
722
722
722
2007
722
722
722
722
722
290
788
722
899
722
595
722
878
722
830
722
722
722
722
722
594
722
723
723
704
722
898
722
703
704
721
722
698
722
721
722
594
722
703
703
723
722
722
722
723
722
722
722
722
892
1548
722
705
722
722
722
722
897
722
722
898
722
898
722
667
722
722
2001
722
723
722
722
722
722
701
722
722
722
722
898
2127
722
898
722
722
703
722
722
722
722
722
723
722
722
722
722
722
898
722
898
722
722
722
722
722
722
700
722
594
722
811
722
722
722
722
703
722
703
595
700
722
722
722
722
722
701
703
722
703
1654
722
722
722
294
722
722
722
722
722
723
722
722
722
704
722
721
722
703
898
703
1635
295
722
722
2002
722
722
722
722
722
722
703
900
722
722
722
1943
898
721
898
722
723
722
898
723
832
722
898
434
722
595
898
722
898
722
899
722
434
722
722
722
297
878
722
722
722
722
723
722
722
722
845
722
722
594
722
901
722
704
898
722
722
722
898
703
722
722
722
722
898
899
722
722
722
723
718
722
722
722
722
722
722
722
701
722
723
723
898
722
722
700
722
722
704
722
721
722
898
898
898
722
722
722
722
722
900
722
703
722
722
722
722
721
2003
722
722
722
722
2226
722
722
722
722
722
898
722
898
595
722
722
722
898
722
722
722
722
722
704
722
722
897
2005
722
722
722
721
722
702
722
704
722
722
722
722
594
722
722
722
722
722
723
701
722
722
722
723
722
722
898
2162
722
703
722
721
703
722
722
722
703
722
831
898
722
703
898
898
722
723
699
723
722
722
810
723
253
722
722
2005
703
722
722
721
812
722
889
722
722
722
723
722
722
722
722
722
721
723
898
722
722
2178
722
898
722
294
722
703
703
434
722
722
722
722
723
722
898
722
722
722
831
693
694
694
722
722
722
722
694
594
722
722
693
694
694
722
694
722
722
722
722
599
722
722
722
722
722
722
722
722
722
722
722
722
722
802
434
722
697
899
722
722
722
722
722
722
901
898
296
722
722
722
698
722
722
722
722
722
722
722
693
722
722
722
694
694
694
693
694
722
722
722
722
726
722
901
722
594
722
722
722
594
594
722
722
722
2001
594
295
722
722
722
722
722
722
721
700
898
721
699
856
722
722
796
722
722
722
703
722
722
722
722
1940
722
704
704
722
722
793
703
721
703
722
722
722
722
722
693
694
697
722
722
722
722
296
722
722
878
722
722
898
722
722
723
722
722
434
722
722
722
722
694
594
722
694
722
594
594
722
594
723
722
722
825
722
295
722
722
898
722
722
722
290
693
722
722
703
898
721
703
878
722
703
722
697
694
722
722
722
722
693
295
694
722
833
694
722
722
722
898
722
722
722
722
297
722
722
722
722
722
722
722
723
2003
723
722
722
722
703
703
722
722
723
722
722
722
898
726
722
722
722
722
898
898
722
722
722
898
697
722
722
722
722
722
722
701
722
722
722
722
722
722
722
722
722
725
722
723
697
693
594
704
722
722
722
722
722
594
722
692
671
710
594
723
599
898
722
704
722
722
722
722
898
703
898
895
898
722
722
694
694
722
296
697
694
722
722
722
722
722
726
594
722
722
594
594
722
722
694
693
693
722
697
722
1779
722
722
898
722
722
722
722
703
898
434
722
722
722
722
722
898
722
703
722
295
722
722
295
799
722
722
722
704
722
703
694
722
722
722
694
694
722
694
722
722
722
722
722
722
694
722
722
722
722
824
701
898
722
722
898
1939
722
722
722
295
722
598
722
723
594
722
722
723
722
292
898
722
721
722
722
703
722
722
722
694
697
694
699
722
694
722
722
722
722
694
594
722
786
722
722
722
722
723
722
722
693
694
694
722
722
722
722
898
722
878
722
722
722
722
722
722
722
296
898
722
722
594
722
722
722
722
671
595
722
694
898
722
722
693
434
594
694
694
722
722
725
722
808
898
722
722
722
726
722
722
722
722
722
1430
812
722
899
722
2178
722
722
722
722
722
722
722
722
722
722
722
726
722
435
722
722
722
722
721
722
722
298
878
595
694
694
722
700
694
694
722
722
722
722
697
722
722
722
722
722
722
722
898
722
723
722
594
694
722
722
722
696
722
722
701
697
722
722
722
722
696
722
722
722
722
722
722
722
722
722
722
898
722
700
722
722
722
722
722
722
722
722
722
700
722
722
722
898
722
722
1773
722
722
722
722
722
722
902
722
722
722
722
722
722
693
722
722
722
722
898
723
722
722
722
722
722
722
694
705
722
722
722
898
889
721
722
722
722
722
722
722
435
722
722
295
693
694
722
722
722
722
722
898
722
723
595
864
722
694
694
722
722
722
594
594
722
722
722
723
722
898
722
722
722
722
722
899
722
722
703
722
703
722
898
595
722
722
696
434
722
722
722
722
723
722
722
722
722
722
722
722
722
722
722
694
722
898
698
899
722
698
722
722
722
722
594
722
722
594
694
694
694
693
722
722
722
722
722
723
722
722
722
722
722
722
898
722
722
594
692
722
722
722
722
722
726
722
722
722
722
594
1939
722
722
722
722
722
722
722
694
722
694
594
722
722
723
829
703
2178
678
721
722
898
2918
722
722
723
722
1222
722
703
722
898
899
898
722
694
722
722
701
898
812
722
898
722
722
295
722
722
723
722
726
594
722
722
696
722
722
697
694
722
722
722
722
722
898
722
722
722
722
722
723
722
722
722
722
721
594
595
721
722
722
722
722
722
295
891
722
898
723
703
722
890
722
722
722
722
722
722
898
691
722
722
722
594
694
693
722
723
722
722
722
722
723
722
721
703
722
722
722
295
898
722
898
722
898
722
722
722
722
722
722
722
294
722
722
722
722
694
722
694
694
722
722
722
693
722
722
722
295
434
722
722
722
722
898
594
722
295
797
722
722
722
722
434
722
722
722
722
722
722
722
722
828
722
434
722
812
722
693
703
594
722
722
722
703
722
704
898
722
721
722
722
722
722
2226
722
722
898
694
693
722
594
722
722
722
720
721
722
722
722
722
722
823
722
722
722
898
705
898
722
722
723
722
722
694
722
594
594
722
694
697
694
722
722
722
722
722
722
722
722
722
722
722
722
722
722
722
722
721
2003
724
722
703
899
722
899
722
899
722
722
694
693
722
722
722
722
694
693
722
722
722
898
722
722
722
722
722
722
722
723
722
722
722
722
722
722
722
898
722
722
722
722
722
722
694
722
722
694
722
722
594
694
722
722
697
694
694
295
723
723
722
722
722
722
722
703
722
434
722
722
722
722
722
722
722
722
726
898
722
2003
723
722
722
703
722
722
722
898
722
722
701
722
722
898
722
722
898
694
722
694
722
722
722
694
722
594
722
594
898
723
722
722
898
703
722
703
1782
721
722
296
722
2003
722
722
704
722
703
722
722
594
722
723
898
722
722
722
898
899
722
704
898
722
721
703
295
722
722
898
722
828
719
722
722
722
723
722
722
594
694
722
722
722
723
675
722
696
722
722
694
722
694
722
722
701
722
898
722
899
722
722
673
722
898
722
722
722
833
694
694
722
693
694
693
693
722
722
594
722
722
594
722
703
722
722
1940
898
295
722
295
722
722
594
722
1490
898
722
722
674
722
722
722
898
722
722
723
722
295
722
722
722
722
722
722
723
722
722
723
722
722
722
722
722
289
722
694
722
722
694
295
694
722
694
722
722
594
694
722
594
723
722
704
704
722
722
722
722
722
721
722
898
722
722
722
722
722
831
694
693
722
722
722
722
722
723
722
721
723
722
722
722
722
898
722
599
723
722
722
722
722
722
722
722
694
594
295
722
704
693
722
595
722
722
694
722
798
722
722
722
722
723
721
810
722
722
721
722
898
722
722
595
722
1942
898
828
722
703
704
704
722
722
722
667
898
722
705
694
694
722
722
722
722
722
722
722
722
829
722
722
722
722
723
1939
722
722
722
694
722
694
722
722
694
803
723
721
722
722
722
898
722
678
722
722
722
722
722
722
722
722
723
722
722
898
898
1635
721
722
721
722
851
722
898
723
812
723
898
1250
703
694
722
722
694
722
694
696
722
723
594
722
722
722
722
693
722
722
722
722
295
722
722
722
722
699
722
722
722
701
434
722
723
2162
722
694
722
722
594
697
694
722
722
722
694
700
722
703
722
722
2226
722
722
722
722
704
722
722
722
898
899
722
703
722
898
722
722
722
722
722
898
722
722
296
722
722
722
722
694
722
722
694
722
722
722
722
723
723
722
722
726
722
722
898
722
722
722
722
722
722
722
700
722
902
294
722
722
722
722
723
722
594
722
722
899
722
722
694
722
722
722
722
723
722
722
722
722
722
722
722
291
722
722
898
722
722
898
722
722
722
704
722
291
722
704
722
704
722
594
722
694
693
694
722
722
722
694
722
722
722
722
693
694
722
694
697
704
722
722
722
722
898
722
722
701
724
722
722
722
723
722
722
723
722
694
694
722
722
694
722
722
722
722
722
694
722
722
722
722
722
722
722
723
722
722
722
722
722
722
722
722
722
898
899
722
722
722
722
722
722
899
722
2226
704
722
722
722
722
694
722
693
722
722
722
722
694
722
722
722
615
722
722
878
722
722
898
723
722
722
704
722
722
722
722
722
722
722
722
723
901
722
721
1358
722
703
722
722
434
722
294
722
722
694
694
594
693
722
722
722
722
722
722
722
722
2226
898
898
722
722
898
290
722
722
898
722
723
694
693
594
722
723
722
722
722
722
694
722
722
694
594
722
723
722
722
722
722
722
722
898
722
722
722
722
898
722
723
722
694
722
722
722
693
722
722
722
797
722
807
722
865
722
722
722
722
289
898
889
703
722
703
722
722
722
722
694
722
683
694
694
722
722
722
723
723
723
722
722
722
722
701
722
722
722
722
898
722
723
896
722
294
722
701
295
723
722
898
722
722
703
722
722
722
693
722
693
722
694
693
694
722
722
722
595
694
722
694
694
722
722
705
704
722
722
694
722
722
722
697
722
722
807
722
722
722
722
722
594
722
722
722
722
722
723
898
722
722
701
290
722
898
703
898
722
722
722
594
722
722
694
703
722
722
664
722
722
898
722
898
722
722
722
722
722
722
722
722
722
722
722
898
722
810
722
721
722
722
722
702
722
721
294
723
722
722
722
694
722
722
694
722
694
693
722
722
898
722
722
722
722
594
722
722
723
722
722
723
722
722
722
722
723
722
898
722
722
721
898
703
722
722
722
898
722
696
693
722
722
722
693
722
694
722
722
722
722
694
828
1538
722
722
898
722
722
725
722
703
722
722
294
722
899
898
899
722
802
898
1944
722
722
693
722
694
722
696
722
722
694
722
697
810
722
722
722
722
595
722
722
722
722
722
722
722
722
704
595
722
898
722
722
722
898
722
595
898
693
722
694
594
693
693
693
694
722
722
722
723
722
289
693
722
722
722
701
722
704
722
722
722
722
722
722
828
722
722
722
723
704
722
722
722
722
898
694
722
722
722
722
594
722
722
722
722
722
694
703
722
696
295
722
722
722
722
722
722
722
722
898
722
722
701
722
722
722
722
722
722
898
722
722
722
898
722
704
722
703
722
722
722
722
898
721
2005
722
898
812
723
807
2005
722
722
722
722
722
898
722
722
722
722
802
722
723
722
721
704
721
722
722
722
694
722
722
722
722
722
694
722
697
722
693
722
722
722
722
722
722
296
722
722
722
722
722
722
1226
723
725
722
722
722
722
722
722
722
722
722
722
722
295
696
722
694
722
722
722
694
722
295
722
722
723
722
722
722
722
722
435
722
722
701
722
722
722
722
672
722
2146
1539
722
721
704
297
721
722
828
296
722
703
1654
722
722
898
722
722
594
722
694
722
694
722
694
298
694
722
722
898
722
723
722
722
722
904
722
722
722
722
805
723
722
722
434
722
722
721
693
722
722
898
722
722
898
722
722
722
722
722
722
722
722
723
722
289
722
725
722
722
722
722
722
898
798
722
722
898
722
722
722
796
2226
899
700
2004
723
805
289
692
723
723
828
2004
1939
898
898
722
1218
723
795
376
723
723
1544
899
703
1190
898
723
700
898
898
831
829
3266
898
722
835
796
1782
898
1037
2004
722
1937
1251
1940
829
828
595
899
723
723
703
1779
898
723
888
722
898
700
2005
1993
898
722
722
722
795
722
1586
899
1796
1937
295
723
878
2002
898
295
723
1778
2003
2180
898
1493
295
701
837
723
1865
722
722
796
1725
295
2005
722
899
816
722
878
895
898
296
826
722
2006
295
899
722
808
1529
2002
722
723
898
1633
2251
898
723
899
2402
2226
1547
1547
898
889
703
829
899
803
722
722
1250
722
845
898
723
2178
2370
2005
723
1781
723
722
898
723
2000
899
722
2003
722
2227
899
723
898
898
808
699
723
898
722
2002
898
2210
723
723
899
1997
899
703
721
723
723
1534
832
899
899
723
829
722
723
887
891
723
2226
899
722
1532
2179
833
899
899
1251
808
1942
723
808
895
2179
723
722
1259
2005
899
898
722
723
723
1538
799
732
2006
723
2005
889
723
723
2001
2946
723
900
898
722
703
722
723
1251
898
833
722
703
723
891
722
703
723
723
2018
2002
898
826
898
723
723
1942
701
723
2005
892
721
722
898
723
1792
723
899
2005
798
798
723
723
898
898
890
2914
723
2004
1251
828
2178
2994
828
700
898
844
812
899
828
2178
899
723
703
722
722
899
2178
1495
1538
898
799
723
825
898
899
878
656
859
825
723
722
723
723
722
898
701
703
898
899
1223
837
916
822
888
2003
902
2002
1532
798
723
2982
703
723
899
723
899
722
898
722
816
808
722
899
723
723
703
898
703
723
723
2226
2591
878
722
899
1493
662
805
723
1555
808
899
723
1997
1469
2006
660
899
723
2167
722
2402
898
722
722
2000
294
2002
723
2178
899
700
2006
899
723
832
728
2003
1223
2179
899
703
3266
723
898
722
899
899
899
899
2003
898
898
1263
722
1939
595
2687
808
1548
898
2982
899
899
723
723
898
723
898
722
2162
723
898
296
802
2183
1781
434
2178
722
898
898
722
2178
842
1539
1218
1544
827
2178
899
898
725
798
898
2146
2003
723
722
805
2005
890
722
723
723
2226
899
722
878
2004
899
898
898
1548
723
898
723
705
898
723
723
898
723
723
898
898
722
595
724
1495
798
722
723
898
2178
723
1778
723
723
899
722
723
838
898
1251
2594
898
722
898
704
723
723
723
1483
723
722
804
2002
898
722
297
1940
1223
723
704
2000
295
722
722
1218
1492
723
846
898
898
1733
722
898
722
723
899
722
899
1637
723
294
722
723
722
899
723
722
875
723
704
723
2914
825
723
898
827
898
2004
296
722
2178
1998
722
898
723
1939
2003
701
2930
898
722
722
723
722
722
1223
723
898
1994
2005
723
2003
1546
2130
680
798
722
895
2178
723
594
898
805
856
722
703
723
722
723
723
723
722
2179
723
722
2182
701
677
833
899
722
723
723
898
2130
898
723
376
703
722
723
703
723
723
899
722
723
700
722
2007
354
723
898
2163
2005
786
898
722
701
808
2005
372
898
898
819
296
2003
703
2003
2226
723
2226
722
802
722
701
723
722
723
704
889
723
878
294
722
819
723
2000
703
722
1309
1942
703
723
1939
828
878
722
722
828
723
723
723
899
723
890
722
899
703
723
898
2226
898
722
723
808
2182
883
808
722
799
2004
899
898
723
898
899
722
722
723
898
723
723
836
898
808
898
898
295
898
1782
2146
898
1251
2003
722
723
899
723
2003
898
723
723
899
898
1531
1505
949
799
2930
807
889
723
722
1652
898
1940
1939
722
722
723
899
295
1267
895
722
295
1930
2000
807
1651
701
898
2004
2003
899
723
722
1251
2000
723
289
723
722
810
2226
700
723
722
828
723
898
722
722
723
723
1218
723
723
722
703
898
722
723
722
723
795
899
1778
898
723
898
792
723
899
723
832
1525
723
2146
722
898
723
1941
701
2003
722
723
818
722
898
723
722
700
898
898
723
1260
1700
670
2600
899
723
1226
795
723
723
899
828
723
860
1941
2226
883
1942
722
722
802
878
898
899
704
722
723
2003
723
898
723
723
723
808
723
898
701
723
723
723
722
898
700
799
296
1288
722
295
723
703
703
878
838
871
807
703
1939
2002
888
723
2947
722
723
722
722
722
701
899
837
722
899
722
722
722
827
723
2001
723
2005
723
295
2003
805
2003
2001
802
671
898
723
829
727
1490
2154
795
703
1251
723
723
723
1250
1528
723
723
703
2000
722
899
722
898
723
815
723
879
1233
2687
723
827
1250
723
2006
698
599
898
2914
828
723
722
2226
899
722
722
722
723
723
898
722
2163
723
722
1220
723
722
722
722
722
723
723
723
722
723
888
722
810
795
898
723
898
899
722
898
723
723
723
900
723
1548
722
723
723
898
1661
723
1250
827
1263
722
723
725
2003
723
723
898
898
680
722
1553
703
2790
722
898
2002
898
899
829
832
2001
2978
1939
833
723
723
898
723
723
1939
722
898
898
2359
722
2002
870
1998
2003
1937
722
702
723
815
898
1782
864
723
722
722
723
2003
799
863
898
2006
669
1998
1271
1939
863
722
722
723
1263
2005
1545
723
723
2962
722
723
898
898
864
2979
1819
863
722
722
1259
898
703
898
2003
899
722
1941
1517
722
2146
295
696
723
722
2003
722
2178
723
899
723
723
723
898
723
795
1532
723
723
723
1527
1550
898
1939
813
898
898
2903
879
722
2003
2005
723
722
1942
898
2004
2402
1251
898
722
2963
2004
269
295
723
723
1941
705
723
1251
1778
724
830
723
898
723
655
382
701
1813
2002
722
2001
864
722
722
2001
1263
723
722
1252
723
723
1939
723
723
814
723
2004
723
2002
866
2002
2003
898
723
863
1218
722
898
722
723
1939
898
863
722
1224
1490
817
1939
2005
1942
2002
2402
2007
2005
722
2163
847
722
1551
1536
722
722
723
696
723
898
898
722
863
2227
722
2002
703
2003
898
1540
722
703
832
1532
723
898
723
723
722
723
940
1997
723
722
2003
2402
1251
2407
898
723
723
2005
723
723
723
288
2005
703
898
722
1939
2001
723
2226
898
723
722
723
723
722
723
898
722
859
723
1224
723
1528
2182
722
723
723
722
1498
723
723
722
1223
2004
793
722
723
722
801
704
723
723
2912
1495
870
1526
722
898
723
723
722
1251
2402
723
1543
723
2005
722
722
2226
723
723
866
723
2003
722
2359
788
296
1547
723
1944
2001
2007
722
786
898
2002
722
864
864
722
898
898
2004
2003
898
898
2004
723
2226
864
722
722
2005
2919
722
2002
2951
703
832
898
723
808
1937
864
810
2000
1267
723
822
1258
2004
898
2001
797
689
1999
2003
1540
1999
2002
1536
2002
784
722
2226
819
723
866
722
2001
832
1542
723
723
722
722
722
1779
796
722
723
723
723
1225
898
722
898
865
295
2001
723
1939
832
2000
2919
705
2226
860
1549
2001
722
723
899
2178
1527
723
723
723
2002
723
1263
2178
723
2005
703
899
700
898
847
2003
2402
898
722
2005
2975
722
722
1939
887
2005
723
1549
722
2001
701
723
723
899
723
723
723
898
807
898
1508
723
723
696
2146
2005
704
722
722
722
722
722
722
1940
2007
722
722
723
295
704
722
723
1529
723
722
1631
1818
3266
898
723
2004
723
866
723
2914
723
898
2001
672
898
723
899
2004
2006
2001
2000
723
722
723
2178
867
722
2402
722
722
722
2178
723
1256
828
1244
1250
723
1532
864
722
887
795
722
696
722
1250
1655
864
722
832
722
734
899
723
863
822
795
2178
723
702
704
872
722
1999
818
2000
2178
723
723
722
667
2227
797
2003
1250
898
1265
825
821
722
2001
655
703
295
723
722
785
723
1999
723
723
1224
2000
722
2402
723
873
722
722
898
723
696
665
786
695
1219
703
863
898
864
898
898
1508
2003
723
2004
723
700
2006
372
2001
2002
722
1226
898
898
703
722
2001
722
1224
2004
2178
723
723
723
2002
696
723
2002
723
294
722
723
722
808
898
703
899
722
2003
703
722
786
898
2562
685
723
722
2001
723
2619
799
723
723
864
1528
723
780
898
2003
722
805
723
887
723
2001
1535
723
2850
723
723
723
722
1942
1218
1782
2007
289
813
1941
294
722
1645
723
722
1553
2003
722
863
898
2002
700
1942
1218
898
723
898
2001
723
799
723
296
723
2003
898
1532
723
2003
723
1943
2001
722
1941
1250
722
702
1999
703
722
1939
723
1999
723
1941
722
723
2002
723
723
1632
1784
1939
2402
1939
722
1926
722
2005
1543
1998
3266
1776
797
723
2226
723
722
294
2226
790
722
722
898
1815
2001
2001
723
2001
1942
2005
723
722
722
701
722
864
723
655
1259
2178
899
1996
722
864
786
722
1225
704
704
863
1545
703
1224
295
1542
898
1936
722
1778
723
722
723
1547
723
722
1939
722
2957
722
722
668
722
2001
898
722
2999
722
864
723
723
2999
723
722
898
723
898
722
2004
723
722
888
703
295
1782
2001
1535
700
2594
723
722
2004
1654
1942
1941
723
294
722
723
723
2577
1535
2957
722
722
703
723
2151
798
869
2002
722
2001
723
723
842
2402
673
1250
2001
2402
1256
2003
2003
701
1643
723
2005
2178
826
722
723
376
723
834
723
723
723
722
2912
722
723
723
1541
722
1999
723
723
723
722
898
898
2001
722
723
1264
898
878
1223
723
377
898
723
2370
722
723
899
898
864
2004
1914
1941
703
1649
722
723
1885
723
723
723
723
703
2226
700
723
723
863
2796
898
863
898
2004
723
1654
864
722
1782
723
723
723
723
2004
723
835
723
700
722
723
722
2946
722
703
723
703
1541
722
2945
723
703
723
722
723
898
899
722
700
723
898
703
1508
806
2003
723
723
863
669
722
723
843
813
703
1939
1998
2978
723
723
722
703
898
723
722
294
722
2178
2003
788
722
723
703
864
703
722
295
723
1539
722
722
353
1549
1942
723
1778
723
723
723
2001
2928
295
829
1252
723
2003
703
723
1780
722
723
2003
2001
1491
898
1940
722
1941
295
723
2178
723
828
723
723
788
722
723
817
2003
1992
722
723
832
723
708
723
831
813
2226
798
2001
898
2914
722
723
898
899
793
2146
866
898
2002
723
703
701
2001
1255
722
723
804
379
790
722
722
1939
2919
842
2003
722
2003
899
722
2402
722
722
863
722
2002
722
723
723
723
1510
898
723
722
360
723
722
2003
2402
723
812
295
1998
723
723
1937
2406
1547
722
723
723
722
722
362
722
2003
2002
2914
2002
1251
1996
723
2402
842
2940
1265
2226
1941
723
723
2403
2178
2178
723
722
2001
1250
864
1258
723
701
1265
2001
2915
722
723
723
723
861
1534
1525
864
898
793
2003
723
2002
2178
723
701
2178
722
723
723
1252
799
723
2146
723
723
1250
723
295
1940
831
833
663
1267
2001
1529
846
800
898
2002
723
1998
723
722
898
722
2282
1939
1218
722
434
701
723
723
694
700
723
722
723
723
723
832
723
2004
873
723
723
722
723
2003
723
723
2178
723
722
723
1941
723
1998
2004
722
2052
1547
2005
295
723
1534
898
722
286
863
864
2904
722
722
1490
2018
723
723
796
2005
2004
2005
723
723
898
700
863
723
722
2001
2946
722
1997
723
722
1939
703
722
722
702
1939
704
898
723
2898
1259
832
2402
1990
722
723
2003
1929
723
1491
1587
898
862
723
703
786
898
2004
1998
722
722
700
722
723
2000
898
296
723
2005
798
723
3266
723
2002
2000
1224
883
814
2003
2402
677
703
833
842
2900
669
2002
866
2002
722
2003
863
898
703
723
703
1257
723
785
1538
2001
2003
723
1998
722
723
1942
898
296
723
722
2916
723
864
722
703
2003
3111
723
2002
722
2175
723
1258
898
722
872
863
723
722
802
703
828
1998
1999
1553
799
2915
723
898
867
1262
723
1263
1934
2003
898
2003
723
812
863
2402
886
898
898
723
722
723
888
2003
723
2947
722
295
2002
722
723
898
1543
723
722
722
723
723
703
722
2005
723
723
2003
723
722
723
722
722
1549
723
2407
722
2003
723
1939
898
828
842
826
869
825
2982
2915
675
723
723
796
1250
2005
1942
1250
899
723
723
723
2226
898
898
875
294
288
723
898
723
898
1256
723
722
887
1541
898
723
864
723
722
1251
2001
723
294
1533
722
2003
704
722
722
723
723
2404
1264
703
1997
722
864
863
723
863
2006
2947
1525
2003
723
2402
722
723
1537
2001
723
2004
1942
723
723
723
2002
864
800
722
722
1941
723
1938
3267
2005
723
723
2005
722
1529
2003
723
2003
722
1531
723
865
2003
2178
722
294
898
899
723
898
2005
722
2178
296
2380
1546
2005
1490
2003
298
898
854
870
722
800
2002
1939
722
1222
1218
671
1939
2226
723
2002
722
722
816
2002
722
723
1257
723
722
723
723
722
2226
1546
898
2003
1939
722
723
2005
723
1929
1548
723
1998
723
898
723
723
1816
864
831
898
295
1939
2226
2000
701
723
866
723
722
297
722
898
723
723
2227
722
2003
793
703
1779
1264
899
723
2402
2000
702
296
1540
723
722
722
898
1264
722
1223
2183
723
870
295
261
703
2003
2226
898
723
2002
722
722
2001
723
723
722
723
722
723
1942
722
722
722
1492
797
722
703
2003
367
722
1656
898
898
1939
1941
723
723
723
722
294
722
723
873
1251
1996
2005
723
822
2003
898
898
2003
2004
664
898
899
722
2162
2005
723
1251
723
1493
1250
2946
700
722
722
1511
2226
292
723
723
723
722
723
723
865
785
722
723
2178
2178
722
723
723
722
1219
864
863
723
2004
831
898
788
722
2005
826
722
1997
723
1990
723
723
723
723
722
2006
2003
722
2003
723
1251
723
1939
723
1939
723
2003
723
898
2178
2994
722
2003
2007
723
723
723
700
816
703
2946
723
1941
723
723
863
2962
2151
898
899
898
1780
832
898
795
2000
722
898
797
898
2994
899
722
1939
826
1942
1632
797
664
2002
798
434
703
723
723
863
722
723
2005
703
1940
1941
723
723
1525
723
723
1509
722
723
2005
723
1939
2003
722
1770
2003
873
722
723
723
1939
722
863
2001
722
867
723
701
2183
723
723
723
898
722
723
788
3266
898
723
722
1252
898
722
822
2003
2002
722
701
722
723
723
898
723
830
866
722
1941
864
1528
723
2927
723
723
723
898
722
723
2000
1999
722
723
1491
1263
723
2178
1546
2402
2001
723
2003
2003
1539
722
1939
722
2005
2004
1250
722
703
723
898
723
722
2002
864
723
273
722
898
869
295
870
796
723
1528
1998
2001
1493
723
723
899
1942
723
2005
898
294
898
1250
1822
2001
899
2005
722
723
703
722
723
722
722
723
1939
1225
898
860
723
863
801
1535
2797
870
1654
1545
1996
2003
864
2169
723
723
722
788
826
722
899
723
2004
723
723
2932
833
723
2953
723
793
703
660
722
723
3266
723
670
1939
673
1552
722
722
678
1261
898
1782
828
2000
798
1533
2001
823
2003
831
825
812
1490
1498
2004
2001
842
826
1251
810
599
723
722
723
2978
1999
723
2004
864
723
722
703
295
722
863
723
1251
722
899
723
898
2178
703
2226
723
722
723
723
2003
723
723
722
898
828
898
829
723
1779
1992
899
1530
722
899
863
898
723
867
898
722
2978
723
864
722
832
722
703
723
722
703
805
866
723
723
786
723
2598
722
2004
723
866
2850
809
802
2004
1268
703
880
722
863
681
2003
723
2005
1251
723
723
723
722
1639
723
723
898
2226
1491
722
723
723
831
375
898
723
2005
1218
722
793
866
723
723
873
700
722
701
294
722
830
1265
898
898
722
784
861
863
723
1541
722
1649
723
722
802
2002
722
898
723
798
723
2178
802
1939
804
722
898
872
723
898
808
2003
899
723
863
818
2226
723
2005
898
703
722
722
797
2003
2004
1650
2983
864
723
722
2001
2226
723
722
295
2004
1999
2407
1780
818
655
898
898
723
722
700
722
2178
808
792
722
898
701
700
1818
833
2146
295
2008
723
2001
1939
2226
723
1223
1264
722
705
828
898
723
290
2947
1939
723
807
722
722
669
723
1941
723
723
722
722
2185
704
2370
2003
898
655
887
704
863
898
723
1937
723
2005
723
722
700
830
722
886
722
1999
1250
722
722
899
654
722
722
294
723
796
863
723
864
723
723
724
722
867
703
723
722
898
722
723
898
898
703
805
1936
898
2952
723
723
1224
723
1542
812
1999
723
703
723
2978
1778
723
723
723
1783
1250
722
898
1257
2002
723
2003
723
2178
1999
2000
723
2003
722
296
2146
2002
1546
1941
842
722
1259
2005
806
722
722
864
722
701
2002
2005
722
793
722
1542
821
722
723
722
723
898
723
723
898
2155
2925
2943
825
1940
1547
1547
668
2003
2620
846
1262
1262
1942
818
807
663
790
2962
1941
825
2003
723
872
898
898
723
722
2178
700
898
2178
723
722
898
1547
723
1545
2178
1250
2978
888
2004
863
2178
830
723
723
723
860
898
2005
1818
700
898
723
723
2402
2000
723
722
828
723
2005
899
2005
1939
2002
2001
802
898
2226
708
842
2227
1939
831
842
845
842
723
2402
898
704
1251
2005
722
1546
2002
2146
1944
2004
2003
821
723
723
2178
832
2002
703
1260
899
722
722
899
723
703
703
723
295
797
2947
723
1939
723
701
722
722
2898
723
723
722
784
723
723
898
1941
723
2004
1250
1491
1777
788
2003
2178
722
704
1526
723
722
2402
787
842
2005
2402
807
1218
834
2992
667
1533
2005
1549
2001
898
1649
864
723
2402
723
722
2402
722
703
833
723
2003
2000
722
722
898
898
1924
1261
289
1642
722
723
722
722
723
723
2995
2004
723
723
2969
723
722
786
700
899
866
2226
1997
800
703
723
722
703
723
722
722
722
723
295
898
723
2130
2154
386
2006
2003
722
723
1262
898
723
1226
2178
898
898
898
722
722
1998
2000
722
1942
723
2404
2003
723
1223
2226
722
2002
879
2927
2962
723
722
723
2178
723
2163
723
1548
2178
2402
1813
825
722
2004
821
2002
722
723
1263
723
722
2000
722
860
723
872
1251
828
1999
723
723
899
830
1942
723
2130
723
863
723
691
722
722
434
295
1650
898
2226
722
1531
1939
863
2000
809
723
722
899
723
2146
290
1261
793
864
723
2002
898
1548
722
784
722
723
2003
722
723
723
2953
1510
722
795
722
722
722
722
828
869
898
723
723
723
703
1510
2000
295
2000
1941
1537
295
785
878
723
2003
2178
722
1263
898
723
722
1264
810
1543
797
1941
1939
723
2146
703
829
722
1251
722
797
723
2003
1250
1547
700
801
1941
659
677
2131
1939
842
2004
675
826
1251
669
2963
1623
722
898
723
703
1941
723
898
723
723
1940
1218
289
723
722
2000
723
898
788
703
723
2226
886
2000
722
2151
868
722
701
723
722
1939
1941
723
723
1941
898
2178
864
899
722
722
825
842
842
670
2402
826
2226
2162
723
722
1939
2002
2005
1941
723
812
722
2003
703
2001
723
898
793
1962
1250
723
722
898
723
722
701
722
897
723
723
370
722
2001
723
722
2403
723
2978
2003
723
2006
722
2006
724
1250
869
2005
723
2001
723
2978
722
2898
2000
1941
722
898
898
723
2934
2005
1628
2983
898
2003
723
863
723
702
2002
846
1536
667
2178
723
1257
863
806
798
1782
668
1250
881
274
2130
801
723
2178
2153
722
723
1554
722
2002
860
703
2005
898
723
722
3266
828
723
797
799
3266
723
722
2003
2001
2003
2005
703
703
723
722
699
723
723
723
1998
1998
722
2005
1937
723
722
898
1937
723
899
654
2003
1919
722
899
2967
723
722
809
723
825
3266
860
1813
2005
665
704
703
1778
1224
663
2002
2815
723
701
2226
722
1777
802
723
898
723
2004
722
704
723
898
722
2002
723
2005
722
1938
722
723
2003
1262
723
722
898
722
1941
296
723
3266
3266
2005
722
799
723
3266
863
723
811
802
898
2003
1536
700
722
797
722
722
817
2005
723
887
1941
898
864
722
723
779
2001
1224
1994
898
723
722
722
722
723
722
883
722
296
701
887
295
2002
1998
2238
723
723
2001
723
2226
722
1532
2003
723
898
723
3266
723
723
2599
723
723
3266
703
723
2004
723
703
828
722
797
2003
723
3266
723
723
1535
866
1939
722
723
867
898
792
2001
295
723
2000
863
2005
723
2001
722
1999
867
723
722
1782
722
703
3266
722
898
1533
722
722
864
898
1997
722
1257
722
898
1781
722
810
878
723
898
1491
723
1813
722
723
863
1777
802
1490
723
864
3266
1546
1770
723
722
2005
898
296
722
3266
722
1263
864
818
699
2003
1941
898
722
723
1491
863
863
722
704
2001
703
812
722
722
723
296
723
723
863
813
898
1941
723
723
655
898
831
2001
898
2002
2005
829
1495
898
1940
1532
723
2005
898
723
2465
3266
701
863
723
799
723
1632
2671
700
898
2226
723
899
722
842
833
798
864
2000
722
295
1552
723
722
723
864
723
722
2005
723
1997
3266
898
1250
793
1782
1542
723
722
722
722
3266
723
723
898
722
663
842
2005
2002
2226
2002
899
723
723
2003
723
722
722
723
3266
898
1999
373
2004
703
722
1250
723
723
2226
722
723
701
723
1939
2002
723
723
703
722
723
722
1547
1998
722
863
1943
723
2003
2002
723
803
863
2226
722
700
703
3266
723
2005
1262
898
723
899
723
723
898
723
1547
723
2004
723
864
795
2001
2005
722
797
1251
786
829
898
864
864
708
784
1942
828
723
722
878
2226
1262
1225
723
1939
723
1531
723
898
723
864
898
723
828
793
722
898
723
898
723
723
723
295
786
1265
290
898
817
722
723
722
722
1632
723
723
723
703
298
723
832
1941
723
723
722
722
2004
2002
798
2226
842
722
703
2001
701
722
3266
723
2226
795
797
1529
886
898
3266
722
723
1783
2001
722
3266
2226
898
295
722
723
723
290
723
722
722
722
703
2005
723
722
723
703
1926
672
898
3266
723
702
723
723
899
2003
703
722
1259
722
2006
799
3266
1249
723
723
722
867
723
722
2001
1941
723
828
1250
3266
723
722
2006
898
1219
847
703
722
1547
2003
898
723
722
723
1997
2006
723
835
722
723
654
2594
798
2226
295
723
2005
3266
723
899
864
1784
722
822
722
832
722
2004
2004
2742
800
723
722
2003
722
2004
863
3155
1260
703
1251
866
1546
784
1261
722
795
722
1779
703
2005
887
898
898
722
722
1225
887
722
723
722
723
2003
722
723
722
819
703
3266
703
722
2005
825
290
898
723
831
800
704
797
700
2005
722
722
723
378
723
723
2005
723
723
898
864
722
704
723
723
722
2000
2937
898
2002
722
723
3266
864
863
722
1999
723
295
723
722
722
872
3266
703
723
863
722
879
722
856
828
2005
2004
1218
825
3266
870
842
2227
722
723
722
723
723
898
722
2001
898
2003
867
723
1787
2006
722
2002
821
723
723
723
723
3266
722
723
723
898
723
723
2003
898
898
722
2002
1937
723
2005
723
700
723
864
864
898
1772
875
2001
723
3266
723
670
3266
711
295
723
295
898
898
2006
723
784
723
723
864
723
2001
2002
723
898
799
722
898
1552
898
723
723
723
700
286
295
864
723
898
723
722
1646
704
1939
294
383
868
898
722
2226
2004
1783
723
3266
722
723
723
1491
723
722
722
723
722
898
722
2001
722
723
2004
899
2004
797
863
722
723
723
1250
388
2003
814
723
844
2006
723
722
723
722
899
1941
294
723
2002
723
703
704
1939
810
723
1494
723
1942
2924
722
2003
2004
864
1939
723
666
2006
2001
2226
846
723
818
2735
2004
1784
814
822
2003
722
1782
722
3266
2003
722
821
722
723
2004
888
723
2005
1941
2003
722
2226
1238
1943
1529
863
1997
723
2003
2005
2003
723
723
723
722
1545
722
3266
723
898
2001
1260
723
864
723
722
898
2003
791
722
3266
723
722
723
1224
658
723
2005
723
784
722
864
723
2004
694
1964
784
723
295
723
723
722
704
723
3266
2227
2006
1940
723
866
900
723
722
898
723
723
898
898
2226
2226
723
723
898
859
2004
869
2226
2226
2006
722
722
827
1941
864
723
899
722
722
784
3266
2002
723
722
723
722
3266
3266
1997
702
802
295
864
827
722
863
2002
703
872
2003
722
2003
694
295
863
605
838
1939
722
1937
722
2005
723
2003
723
866
1226
898
722
722
2001
723
723
723
723
722
784
722
722
2226
723
723
722
1536
295
2006
864
723
722
703
1555
864
722
722
723
723
722
898
2002
722
295
723
899
722
722
1999
2000
1939
723
296
1942
844
723
723
723
1996
3266
723
898
898
663
2003
834
3266
2000
723
723
2000
723
784
703
864
898
722
2005
898
723
2001
898
723
722
1998
3266
784
898
723
1998
2003
722
722
898
723
723
722
723
723
861
703
723
2006
703
784
722
723
722
864
828
294
722
375
722
723
864
722
723
898
722
2009
722
1264
722
722
703
784
354
2003
723
722
722
722
722
723
722
723
863
2002
783
1508
723
703
1939
816
2594
722
722
722
722
723
723
854
1813
802
722
863
703
723
722
864
3266
1240
723
3266
898
3266
2001
3266
655
1534
723
2005
296
864
722
722
723
1547
723
723
723
3266
1251
723
2004
2003
2227
722
808
2005
722
863
722
723
723
818
723
723
723
2004
723
3266
722
864
823
722
860
2005
1784
723
2003
3266
1999
723
723
703
723
723
786
723
1506
723
723
832
278
722
722
704
1940
826
723
2003
2005
898
723
295
1224
3266
898
723
723
2004
802
723
723
863
2005
1219
898
866
723
1546
722
3266
800
723
722
825
832
723
1253
701
864
723
1942
723
703
898
722
723
2003
723
723
723
723
723
723
723
723
701
811
898
723
723
377
1258
2005
723
723
2004
842
722
722
722
1939
722
723
2594
723
2005
2005
722
723
2005
898
2970
722
723
2000
701
722
664
722
1813
1652
898
2594
2006
2004
3266
806
838
2226
3266
723
2005
1997
723
722
723
2000
779
722
723
722
2002
2005
723
723
2226
898
799
723
800
1492
289
1491
722
667
899
1813
883
700
2004
898
722
864
703
2003
2003
722
1543
723
799
1933
723
898
723
804
787
723
1544
677
784
898
784
704
3266
863
700
898
1509
3266
723
1264
723
722
898
723
722
723
722
1999
722
722
3266
898
2762
721
2003
723
1547
3266
784
2005
722
722
2720
2003
723
723
722
810
2759
1223
1941
872
832
723
723
723
723
658
723
898
3266
2578
1997
1939
797
668
722
898
870
1939
1528
703
898
1654
899
704
864
898
2003
723
2004
671
842
864
723
1813
2005
2760
722
722
898
722
3266
898
1779
2005
723
723
722
707
722
2004
1781
802
794
702
2003
2001
2005
1780
723
722
723
703
699
898
722
723
722
2000
1998
2003
723
723
831
831
842
1251
831
828
2001
2000
898
723
2226
704
898
863
723
887
722
3266
722
723
723
705
701
2001
287
2003
863
723
723
723
1218
872
2744
810
1224
723
1998
824
723
722
863
867
723
1263
1540
816
2002
723
722
786
1939
1548
723
1537
2227
723
898
723
273
722
1777
863
723
723
1939
898
722
723
722
723
722
2226
1813
1942
786
651
289
723
723
899
2005
723
722
2003
2005
703
898
898
703
701
723
722
899
722
898
297
3266
723
808
870
2004
2856
898
701
723
2003
722
899
898
2002
1528
878
2007
723
723
1942
1549
723
723
1552
1813
723
723
3266
1536
725
1537
703
722
1538
2226
1941
898
3266
1775
723
1547
722
898
1939
722
2001
829
722
2003
775
723
786
723
722
898
722
3266
898
722
803
2001
2006
2001
2002
722
723
803
723
723
701
723
3266
723
723
2226
723
703
295
898
1998
723
722
723
723
1998
821
723
2003
3266
722
722
700
723
863
2594
863
1543
898
723
722
863
1941
1250
723
898
1225
723
723
723
887
828
723
1939
722
1533
723
703
722
1939
1543
899
678
1536
831
831
898
723
842
825
669
2003
898
722
723
3101
2003
703
1529
701
788
722
722
723
2227
875
723
723
723
886
722
722
3266
722
899
1939
2004
898
898
2003
722
864
723
362
723
2674
723
1783
831
290
723
800
1262
722
1937
898
1251
655
863
704
722
722
2226
1549
1271
722
899
723
677
722
722
722
722
723
799
1548
703
810
723
1262
864
723
723
2005
2001
723
1543
1491
723
2001
723
703
898
723
722
867
722
723
813
784
703
723
841
371
863
784
722
864
2001
723
1540
722
703
722
1548
722
722
722
898
723
723
863
723
784
701
2226
723
723
3266
723
723
898
722
723
863
723
701
723
723
700
704
688
898
1258
290
704
723
898
2007
797
898
722
2004
1941
722
3266
822
899
898
1942
296
723
723
2003
723
723
1782
722
3266
722
1545
866
898
723
3266
723
701
863
863
3266
662
1547
3266
654
802
802
1260
797
669
698
2000
2003
722
1942
703
2007
723
723
864
701
898
2001
722
899
3266
898
1251
723
2003
3266
722
800
703
2001
2003
1258
1817
700
722
1941
703
2004
723
2005
898
3266
723
723
723
723
863
723
723
816
723
1940
3266
699
722
722
701
722
703
864
723
2023
802
3266
838
2000
886
898
703
722
722
2002
723
723
2003
703
722
790
2004
1589
867
898
723
899
723
1250
703
898
722
2001
1252
1940
722
1533
899
2001
787
723
863
3266
822
2003
802
2004
864
293
1781
704
864
722
294
2006
722
807
898
723
723
860
722
801
2003
723
1939
866
2003
723
703
722
723
898
722
2001
864
1250
2226
2003
722
864
1939
655
784
723
723
793
804
3266
723
1942
898
2226
723
3266
723
867
722
703
1939
2000
1259
722
2002
3266
866
2005
722
898
2005
721
723
723
842
2226
797
1779
3266
2004
1256
831
1999
722
1942
2003
795
722
373
723
723
723
2227
2000
722
862
859
3266
723
3266
2009
898
294
864
898
723
723
2000
723
722
2005
724
723
723
2000
3132
2000
858
723
704
703
723
1532
1999
723
1552
2000
863
784
723
722
870
3266
2001
722
1778
898
2226
1833
2001
723
723
722
807
1641
723
700
2005
1543
723
898
2002
723
723
886
1536
723
722
2003
722
3266
2003
722
869
2151
1536
2003
723
703
723
898
701
722
295
863
723
723
723
683
703
722
722
722
898
2002
723
864
866
3266
1811
826
703
3266
722
2001
2226
704
3266
898
1535
2005
1998
723
3266
1941
2226
2000
723
1218
2001
723
1257
1939
2660
723
722
2005
723
2004
723
784
723
295
1533
723
863
860
1250
722
2005
722
723
722
721
722
898
899
723
723
1264
863
723
3266
1223
723
722
1760
2226
3266
832
797
722
898
2226
700
723
703
700
2730
722
723
864
722
723
2003
805
723
702
3266
723
1939
2003
723
898
723
2002
899
723
2005
863
667
1779
703
898
2006
2003
723
722
2002
830
813
700
831
817
830
2001
1221
833
825
818
689
1940
723
864
723
722
1510
1650
722
1508
722
722
722
2001
723
703
723
898
3266
3266
1490
723
899
722
722
3266
3266
898
722
703
723
723
1778
3266
723
703
898
898
898
836
723
723
1784
2752
722
723
898
722
722
295
723
723
784
722
723
1935
723
722
722
723
723
722
722
1942
723
296
3266
898
723
701
723
704
723
829
722
2005
2226
2004
722
723
722
723
723
723
898
722
700
722
1262
722
353
722
1937
2227
722
898
703
295
723
722
700
2001
736
723
723
722
1491
795
722
288
723
722
722
797
723
723
1641
795
899
722
863
2226
864
798
3266
723
703
1942
723
898
898
295
1532
887
722
1937
723
723
3266
294
813
807
807
899
3266
1941
677
675
723
1781
723
722
722
2002
1996
722
701
2005
786
2001
722
722
3266
704
2006
2002
807
723
2594
722
704
723
723
866
723
1225
722
722
1545
723
723
2005
898
723
866
2000
296
3266
804
722
722
2226
723
866
863
1218
824
899
863
1536
723
1942
722
898
803
722
723
898
788
3266
2226
703
798
1261
723
722
723
722
723
723
723
723
701
2226
722
723
699
864
722
3266
2006
722
898
863
722
812
864
723
2004
722
863
722
723
2466
723
722
295
865
1259
3266
3266
1783
368
2001
723
898
1928
723
2226
722
722
723
723
722
703
821
722
2001
723
722
898
723
723
1939
722
723
723
722
872
295
784
723
784
863
3266
703
1534
2226
1942
2003
722
3266
1939
723
898
722
722
2002
898
2005
2001
2003
2004
723
722
723
2004
1222
723
878
295
703
722
898
1941
863
723
898
722
2226
722
864
722
723
846
723
723
898
723
722
1632
723
722
723
723
703
1998
1547
723
723
1942
723
887
722
723
723
722
2003
722
723
3266
722
660
723
723
723
796
1943
831
1545
798
842
2001
2005
722
1941
834
3266
723
864
867
805
2226
294
722
295
723
723
723
723
1782
722
723
294
2599
722
722
723
784
2005
898
828
797
837
723
800
722
866
722
815
723
788
898
3266
793
723
723
723
361
703
2001
723
899
898
2001
898
797
898
898
723
723
3266
1218
723
723
898
898
2002
2226
870
784
723
1939
784
2005
722
723
723
723
2001
288
703
2003
2226
703
1222
723
722
863
2002
863
1942
723
888
1931
887
700
723
722
295
1939
723
722
899
701
1539
722
293
723
295
2000
700
806
784
812
2226
723
796
704
2226
723
835
376
722
864
723
723
784
723
3266
1999
1263
723
723
723
2005
861
722
2005
722
863
723
1224
898
872
2000
722
663
722
2005
723
886
788
723
722
703
723
1263
1259
2402
797
722
3266
833
864
722
723
3266
722
2005
723
864
723
722
722
898
898
898
723
2002
2594
3266
722
723
723
791
898
723
1218
2504
723
1538
722
723
898
863
723
723
2006
2004
869
1942
2000
686
3266
2005
3266
1250
723
864
723
898
722
722
1942
833
723
723
723
723
2942
1490
898
723
722
1997
701
844
723
2005
3266
723
2006
723
722
722
722
886
1998
722
1261
831
797
722
899
1937
722
801
799
722
2226
3266
898
802
888
1531
898
723
723
807
722
723
2226
1525
1998
723
723
723
723
364
722
1942
723
722
723
3266
1998
1264
723
668
722
1509
722
723
3266
898
1655
866
723
807
899
703
722
2007
2005
722
722
1910
722
722
795
2008
723
722
832
722
1263
722
722
722
701
795
898
898
898
723
864
1262
864
723
1258
723
703
797
722
722
795
2003
723
2004
1941
723
722
723
722
723
2006
2002
822
723
723
1537
289
722
703
723
703
1941
722
723
723
722
723
870
1548
2595
723
898
3266
722
866
723
723
3266
3266
723
723
677
723
898
898
723
723
830
722
723
723
723
1264
700
3266
723
2226
802
1999
2001
723
722
2004
722
1939
2003
723
1494
1498
700
1258
704
790
3266
723
864
723
703
723
723
722
723
788
723
723
352
722
2226
721
3266
723
723
723
807
813
1940
898
898
723
831
898
723
2226
723
723
3266
723
863
722
819
1224
723
722
2226
2002
723
723
723
898
899
723
722
3266
723
723
703
723
1940
376
872
722
722
722
788
2951
723
723
722
723
872
723
701
2004
1218
813
704
723
1945
1942
859
863
723
2006
2005
898
807
793
2002
1942
1997
828
842
2004
2001
704
723
722
864
2005
898
864
723
1258
723
723
722
722
722
701
294
722
723
722
1998
2005
722
723
723
703
700
722
2003
898
722
295
723
722
819
869
722
3266
898
722
722
723
723
700
801
1939
723
898
1259
899
723
723
898
2000
723
2005
723
2226
3266
3266
898
863
898
723
1218
723
723
723
790
723
872
722
722
663
802
832
825
724
2005
1939
673
3266
1941
1939
723
3266
824
2005
722
872
722
723
864
1941
722
864
703
722
2002
1939
898
723
703
898
898
723
723
898
1926
296
1250
898
2004
1544
898
862
2001
1541
898
832
2004
723
723
1528
723
1782
2004
723
2226
786
723
723
723
3266
295
722
723
723
723
723
722
723
723
3266
899
723
2002
867
898
722
655
723
722
723
867
825
1218
3266
2004
722
1939
723
723
723
699
1781
1259
898
723
887
2226
831
825
722
723
1545
722
2006
1525
2964
1941
863
723
722
722
723
898
723
722
863
723
722
722
703
723
723
723
3266
854
723
796
1939
723
722
786
723
821
1546
723
1549
814
2004
853
1939
3266
2002
3266
723
723
722
700
722
784
723
723
723
788
703
1781
722
700
817
3266
1998
723
864
723
1539
823
898
723
866
2003
1819
1939
722
899
863
788
723
899
722
1999
723
2005
1941
723
723
863
868
722
367
722
884
722
722
722
864
1268
1999
2001
784
722
295
784
864
1547
898
2007
723
2226
722
3266
703
3266
722
294
722
722
723
723
722
2226
2006
887
798
2003
723
722
723
2004
723
722
723
722
783
722
898
821
722
722
663
3266
1944
2005
723
864
723
1491
722
723
723
2000
1654
723
1783
722
704
2006
1632
1939
872
1258
723
2005
1251
795
1267
722
723
722
723
1766
833
723
3266
700
866
723
2493
723
866
663
723
898
1546
723
2226
722
723
723
722
702
2226
1783
722
1941
722
2005
1531
723
863
722
723
722
1510
2004
723
2003
723
2226
703
722
2003
2289
837
1260
723
863
1526
1538
2004
1942
294
723
723
788
898
722
365
723
298
1939
723
3266
2003
864
784
723
3266
723
2227
864
1261
1996
1538
865
722
2005
723
898
722
722
2226
722
723
2226
722
723
2004
1524
722
1510
1939
898
1940
722
873
723
723
898
1940
722
723
1550
898
722
863
2006
898
867
3266
722
1937
898
722
3266
703
723
1523
722
1942
723
2003
898
703
1218
2001
702
723
784
1939
723
723
722
722
723
723
1818
818
723
722
722
723
722
899
1250
723
703
722
3266
2005
722
723
701
723
898
723
723
722
723
723
864
722
723
869
723
723
722
703
2226
723
703
2007
2004
807
703
699
2005
828
2003
701
1941
723
723
723
723
867
813
3266
1942
723
703
898
898
1496
722
1941
723
898
723
2006
3266
1259
2003
844
2003
723
723
828
899
2000
864
788
723
1251
722
722
723
722
2005
864
2226
723
872
898
2003
1256
723
723
898
723
898
2003
2909
722
2005
1528
1999
2003
700
2006
842
842
2004
831
826
2227
707
655
722
2001
1264
1257
3266
836
1942
899
722
1530
2741
723
723
2004
723
898
723
723
722
878
898
723
2005
887
722
1928
1258
723
722
723
723
1649
797
898
898
863
723
723
723
723
723
898
722
898
693
723
863
723
898
722
898
1942
723
722
722
703
722
898
723
723
788
2003
3266
1942
797
2004
723
723
863
1813
722
3266
2005
2003
723
672
722
1817
723
864
723
722
898
1649
899
703
3266
807
795
290
863
3266
863
864
723
864
295
784
723
898
898
722
723
723
1813
723
2227
863
722
898
864
899
1997
1999
2004
1218
2005
2001
668
2000
818
723
2004
1221
863
723
898
723
3266
1499
817
722
3266
898
723
723
1641
3266
3266
2226
723
863
384
898
723
898
898
1545
723
702
296
723
723
1550
704
722
723
723
2005
722
2226
703
2003
722
723
723
704
722
2226
3266
1222
723
723
2595
864
722
813
723
1781
722
723
2226
722
2003
722
3266
655
664
802
797
1261
675
800
2001
1542
864
793
810
788
722
723
1250
723
723
722
700
899
795
788
898
723
708
3266
842
898
723
723
864
1555
807
700
898
2005
866
2001
837
1942
722
723
723
2730
722
722
899
864
1999
723
866
723
723
863
723
1939
722
3266
295
700
1511
2000
832
2004
710
698
723
295
704
1224
1939
723
723
899
3266
1651
2595
723
722
805
2004
2226
722
723
1778
1263
723
723
722
723
723
863
674
295
723
723
1250
872
898
3154
828
791
723
863
1939
295
2004
3266
722
670
1929
700
723
2226
863
3266
703
898
661
2003
2005
872
784
1261
723
723
723
723
3266
866
723
701
832
722
899
829
2006
864
722
722
723
723
723
872
1816
1999
898
1526
722
799
784
723
723
722
2598
723
784
723
703
784
898
723
2002
3266
2001
723
723
723
2002
798
898
703
723
723
864
723
797
1255
898
1996
863
723
723
722
2001
722
898
723
2004
723
722
701
1942
723
3266
723
807
723
788
723
703
3266
898
863
1535
864
723
722
2005
722
722
2595
700
898
722
723
898
898
703
723
723
2003
869
723
701
807
2003
654
723
1927
898
1530
1219
723
723
1930
723
701
723
722
886
723
1941
722
2002
723
815
784
784
832
2226
853
2002
898
723
723
863
723
3266
723
723
722
723
723
3266
296
2006
864
723
723
862
898
723
723
1799
2227
723
369
722
1941
2002
899
723
1491
295
899
2005
722
1783
1525
898
722
863
898
873
722
898
863
898
826
722
898
813
798
712
701
899
722
723
1998
722
723
369
2741
1549
1511
722
1495
806
722
898
3128
2005
2002
812
722
898
722
723
703
863
723
898
722
295
2003
1999
703
722
2003
295
898
723
723
723
899
2226
2001
723
723
294
2005
2002
723
723
722
722
899
864
863
1990
784
2004
863
723
723
723
2978
723
898
722
699
2003
2850
722
2003
723
2994
1942
802
2001
723
723
899
723
866
723
1525
1491
723
723
898
1221
723
864
864
788
722
898
722
723
869
723
786
2000
1783
3266
722
816
703
2226
723
2007
898
723
723
898
723
722
722
802
723
2005
2006
3266
837
703
703
1939
723
722
805
2003
723
703
1765
1250
703
1510
703
701
695
723
701
899
864
723
723
2003
723
672
659
2227
722
898
722
722
701
898
847
786
1941
2005
2003
723
722
3266
2761
866
1941
888
722
899
663
864
723
898
2002
723
3266
898
723
2957
864
898
1251
3266
798
1263
723
863
723
667
722
723
723
723
1548
722
723
703
898
2001
1941
828
703
2003
3266
839
825
825
825
842
2001
2002
723
1942
381
723
722
1996
2005
2002
833
2004
722
3266
722
723
703
1222
722
869
722
864
722
1994
290
722
723
2005
723
722
784
898
898
723
722
864
1540
723
722
2003
722
722
838
784
723
1251
722
1941
898
722
722
723
722
3266
722
1537
723
2007
898
722
722
722
808
703
2595
722
2003
722
723
2004
723
295
898
872
723
3266
703
723
898
722
703
2001
290
1941
2003
2005
881
797
723
723
723
814
723
793
1250
797
2006
2005
700
722
2000
701
2226
661
723
723
1939
1493
1780
816
723
722
2226
1771
723
723
863
2003
723
2006
1939
899
723
863
1941
866
1536
2003
831
898
723
723
2004
2227
722
1250
723
723
824
723
2001
723
864
722
1813
2000
723
723
864
722
722
2004
723
701
2001
722
723
722
722
2226
3266
1222
700
2226
1250
291
2003
3266
1542
722
723
2005
722
3266
294
863
1548
722
722
703
1999
723
1549
723
2469
723
784
723
723
722
805
723
784
723
1548
2006
3266
290
3266
701
723
723
830
2003
2002
380
674
3266
700
722
1250
797
866
798
1492
1251
723
254
722
2004
723
898
353
3266
723
722
703
2003
723
2001
722
1997
723
723
1939
2003
3266
795
722
675
863
1650
722
722
723
722
723
2004
723
2226
2003
295
2595
295
864
723
723
677
723
722
3266
2005
723
1264
655
703
722
1942
1493
723
365
784
2005
863
723
722
722
863
1784
722
1495
723
723
870
723
722
1263
723
863
723
723
1939
723
723
1258
701
703
898
723
804
722
898
898
863
2226
2226
860
723
898
723
723
723
2003
2005
2226
722
722
1251
700
295
831
3266
1223
898
805
899
722
723
722
723
289
722
722
1218
898
723
703
3266
784
2736
723
296
2226
723
723
692
723
863
722
3266
723
3266
898
703
872
3266
810
723
722
2005
1937
722
722
2226
723
1813
863
803
722
723
2226
723
1539
722
723
872
2001
723
723
723
723
2005
703
723
1991
722
722
723
866
2226
722
2001
2226
722
723
722
723
1534
2001
2226
1543
872
831
1250
2003
2594
2000
814
723
722
864
296
864
703
723
828
898
2001
898
2004
863
723
723
722
723
864
898
1782
722
722
654
869
703
701
723
2003
3266
722
700
655
805
723
722
1223
844
723
863
2226
723
2005
722
723
1939
722
899
2003
722
898
898
2004
899
722
860
898
854
898
723
723
723
898
700
1655
864
723
723
822
722
786
723
722
1782
695
2003
898
722
723
722
722
722
723
2003
1779
1264
723
723
2000
723
703
722
1813
722
722
842
704
1531
722
863
898
698
2005
3266
858
833
2004
700
1243
1261
701
2002
3266
899
723
722
898
722
899
723
723
867
2005
722
722
703
723
722
2001
2003
2006
2001
703
797
722
3266
864
2005
722
2002
723
722
700
2000
898
723
723
1557
898
790
294
722
1939
898
723
296
2004
2004
3266
828
722
