223
252
898
723
899
857
779
669
850
243
1258
1266
220
872
791
1273
1262
223
264
1248
898
1254
1250
1267
1229
233
282
723
691
1031
274
722
676
672
1218
1247
221
888
276
824
669
831
898
286
654
842
228
254
817
225
230
722
261
669
650
223
662
1245
269
1150
705
689
702
1250
273
230
898
898
245
281
804
283
898
215
875
899
265
176
1167
851
789
674
280
1501
1260
669
227
1249
1543
868
693
288
1261
816
664
1270
698
1251
275
898
280
1266
241
1261
1251
701
1199
692
166
688
898
266
253
274
215
1202
798
287
278
827
659
279
268
244
244
260
279
243
204
686
898
237
683
277
1545
1250
898
722
898
660
898
827
1251
1251
278
294
1526
722
1264
722
269
282
700
722
263
860
271
697
825
214
682
898
280
273
287
832
899
1225
672
294
286
898
832
696
1262
1263
1255
1223
214
292
1522
282
831
723
864
824
1258
257
802
294
284
670
808
242
849
682
703
1554
1206
245
651
1263
287
281
284
270
899
1539
1214
844
856
293
826
248
898
1265
797
270
663
291
722
697
1250
280
1254
285
1255
695
282
652
1741
1261
1202
857
290
705
1750
674
1523
847
659
851
261
722
281
2594
291
671
1193
849
283
265
796
675
899
294
898
1531
296
834
676
260
283
287
681
1260
282
290
288
241
664
653
679
898
660
1260
1260
264
722
722
898
672
1253
1251
682
244
296
1247
693
691
785
292
1251
722
1250
1239
274
687
265
848
1258
293
722
794
279
1218
267
294
295
274
800
290
1250
722
676
691
1268
800
288
1253
693
1251
817
268
683
290
669
791
1250
806
722
899
704
1537
862
722
1262
258
792
660
1269
870
294
685
856
1250
1224
1225
290
898
828
272
668
1266
682
1260
273
258
702
288
694
1244
697
832
246
667
662
290
281
898
285
292
288
1528
289
289
1264
798
722
279
1250
674
1250
700
795
284
840
667
1221
722
723
280
264
697
295
857
293
898
899
1265
1254
1256
695
291
899
293
294
696
723
1251
1250
722
679
294
1538
839
723
868
834
1253
699
1535
268
826
1493
1264
290
899
1223
295
667
288
675
295
898
672
723
674
669
722
285
898
296
1218
293
722
689
273
2609
287
777
683
259
294
1756
676
695
289
1226
722
1250
294
297
295
276
722
276
1515
1250
899
898
722
722
693
277
850
722
273
294
295
1261
722
1218
676
1245
1259
1251
1547
670
659
1244
295
294
1262
662
294
899
288
295
663
1244
699
1529
682
271
682
294
2580
898
1253
295
722
834
1244
1250
695
286
1265
295
295
899
1545
294
1538
292
291
296
700
693
290
1257
2008
677
1539
1251
790
249
291
669
677
291
293
1538
672
722
682
1243
898
804
899
1259
293
700
1549
1540
296
1557
835
1520
1220
1224
797
847
277
723
722
722
673
836
291
722
1656
674
702
296
898
822
795
699
689
254
295
652
1252
1258
898
668
1252
293
296
722
723
675
682
723
294
1251
297
2608
701
834
275
294
699
1218
672
825
294
669
722
695
899
722
825
1537
815
285
722
295
701
288
679
671
806
657
1537
670
898
686
683
1530
654
1258
866
722
294
679
2007
673
663
1539
1541
1197
1534
295
1218
1510
1259
666
281
898
898
1267
898
1262
682
1207
1526
295
898
852
1253
295
295
718
883
680
672
1241
698
1250
296
666
2595
697
287
899
1250
297
1251
723
722
899
295
1259
722
1533
294
1261
1252
1249
277
1258
295
294
662
1260
899
1262
680
805
1260
259
722
1250
821
828
295
898
667
1225
1244
668
692
722
898
1259
682
684
1251
297
1256
837
704
1498
887
1264
1261
703
847
1521
658
899
297
722
1261
692
1533
701
280
680
1264
1218
1218
898
1256
667
818
722
286
1260
674
1239
275
682
839
1222
1260
666
294
722
671
686
1261
1267
1641
1263
292
1540
853
293
664
1218
294
811
681
1225
295
1252
1542
723
1218
1263
1262
1256
898
722
722
1249
1259
297
681
722
271
1251
1259
294
898
1264
1220
1537
800
661
278
294
899
723
898
669
898
898
662
1536
683
293
667
1263
868
695
278
682
1218
297
680
1261
1221
793
661
248
270
800
292
817
898
295
722
294
850
287
291
704
294
1528
696
1261
898
1218
723
294
723
1248
898
1264
817
898
885
856
844
899
1263
723
1259
678
1534
295
898
294
297
1250
722
296
293
1262
679
676
1250
664
294
1536
296
681
808
669
286
1261
1265
293
1254
898
1256
722
2593
722
1267
296
669
294
1545
1264
678
722
1258
722
290
698
1653
850
700
292
261
1257
294
722
261
665
658
722
1250
899
899
252
1257
296
722
1250
899
292
1251
1264
295
1509
294
261
666
1264
1259
1531
1529
679
295
666
1224
697
296
886
683
899
722
1261
681
1539
1530
683
676
295
296
1251
682
2592
296
722
1251
661
674
276
677
1262
293
898
688
1265
1538
2725
1254
782
1267
295
1261
250
680
691
296
723
898
295
294
1503
680
296
257
296
1263
675
1218
829
707
1547
1539
663
861
1252
1254
1250
294
1536
1265
675
844
294
1245
1527
723
850
295
683
808
1252
296
296
1540
1546
722
1259
827
1263
1654
820
898
681
1249
1223
294
723
292
790
283
2599
707
3266
1261
1263
899
898
297
887
294
898
297
681
1263
831
281
1252
296
899
722
1532
665
675
294
708
898
1266
1257
821
296
899
665
671
672
296
297
1262
722
294
295
1206
898
810
257
294
293
294
1218
723
276
1539
1252
677
295
294
898
1255
1512
1247
1538
722
294
1250
296
1534
294
289
289
898
267
815
823
898
1542
800
798
680
898
296
789
686
1538
722
822
696
1538
295
295
722
816
294
700
663
295
293
285
1263
294
660
297
1264
1536
830
1536
293
898
676
293
275
898
288
722
2004
704
683
690
296
833
295
264
1533
1250
724
898
1508
790
694
1543
296
295
1540
702
297
802
848
899
824
296
669
1546
1262
275
722
1547
1212
267
723
1536
786
1533
859
291
683
898
842
295
699
279
292
294
1250
295
1261
1225
296
1262
296
1235
266
296
1541
1255
1257
722
662
799
672
295
898
722
681
791
657
806
723
899
813
898
681
1265
1218
1536
1250
1538
862
665
867
702
1262
836
1250
294
1258
696
1264
296
293
294
296
273
898
1257
870
290
800
1536
1253
297
898
1265
1263
1218
677
672
1539
692
838
1541
691
296
1265
293
1539
254
701
1224
1218
844
722
1251
297
1498
289
898
683
294
899
723
722
1263
296
1537
843
1259
823
700
294
701
1260
293
1254
722
1252
1251
2591
801
683
1220
293
1251
294
1255
723
1223
295
681
1224
822
673
294
830
293
684
841
1255
262
293
691
836
294
700
702
857
1239
297
680
682
669
1251
1538
682
699
1259
1250
1263
296
281
898
293
676
295
1219
1264
1209
684
295
296
294
675
1261
793
295
1261
672
722
699
291
292
1222
671
295
672
668
664
296
1536
669
722
698
297
1552
847
296
1997
1218
1529
1251
1210
294
1248
675
1531
295
1265
797
681
699
710
291
683
1538
722
852
704
697
887
1534
1266
694
1256
659
898
294
680
794
290
1261
296
847
834
671
682
1262
295
1538
722
294
722
1254
1232
298
859
679
722
723
841
1266
899
1540
1225
294
899
295
678
1224
681
898
659
264
1262
260
678
293
1264
701
1250
661
1256
1258
1251
898
1266
703
1514
701
298
660
898
842
788
294
723
296
1259
657
703
1259
1258
1653
820
296
294
898
851
671
663
787
898
801
1216
1251
1251
898
682
1508
1655
280
1655
666
663
2002
295
898
661
671
691
671
676
680
1225
1251
294
898
294
294
1259
296
682
1532
699
1252
877
1250
680
898
293
722
294
825
1256
1258
1267
700
1265
898
263
295
1259
674
682
723
722
899
297
2003
1218
1258
1642
282
1257
1533
1243
899
1264
293
296
680
675
675
722
814
669
1264
899
1262
898
899
886
680
268
1217
806
1253
1264
682
679
1250
676
791
1263
294
1251
683
668
293
675
296
1250
898
898
1535
295
294
860
265
722
295
898
1623
1249
675
672
698
1251
1250
1538
298
679
293
295
792
858
802
722
898
898
824
1253
266
1218
898
1533
1540
698
686
297
722
1262
898
855
796
722
1225
294
296
898
683
899
294
676
297
1536
664
1246
676
1534
293
899
1260
723
1267
1538
722
785
796
295
701
722
1250
294
723
722
1258
662
722
803
294
1538
703
1253
898
255
297
815
813
296
898
1251
1250
294
679
1537
293
291
296
898
703
856
1538
266
723
261
701
676
898
722
722
1267
807
706
1264
296
789
257
722
844
1539
855
1263
1524
829
295
1220
790
722
786
267
295
722
679
818
277
1251
788
722
722
899
722
295
801
1263
722
1532
1264
898
899
722
296
898
296
667
723
819
674
662
296
792
803
811
293
837
294
899
1251
293
294
898
295
899
1225
294
1537
1509
899
296
297
1250
1223
663
797
295
1266
808
261
295
723
722
816
1250
666
297
1531
680
787
296
296
1264
662
898
666
678
294
261
899
1533
1533
1250
722
666
293
722
861
1530
1536
269
1508
680
1204
268
296
899
680
297
293
1526
660
1530
722
898
898
1242
686
295
660
661
293
1218
1253
1251
898
297
692
899
899
3266
1269
1252
802
703
787
673
294
295
295
1550
2005
284
678
723
295
294
1250
677
704
660
1257
1264
680
294
898
1265
1536
1538
702
1535
1250
1218
288
898
898
293
1255
293
291
262
723
1537
294
296
296
793
297
294
694
660
1255
293
802
681
1250
679
846
292
682
297
898
1251
294
268
296
1250
296
269
682
722
899
1264
861
682
1542
296
898
722
1250
296
1268
811
1491
262
1260
722
294
294
1249
1267
899
722
722
847
659
899
792
672
1629
899
821
1261
803
675
1218
1533
1260
874
677
1223
1256
898
1256
800
659
1530
296
292
1265
722
679
899
668
1522
680
679
722
898
1217
667
723
722
297
293
1261
1261
1536
1218
899
1542
681
1266
296
1216
297
722
296
1539
290
1263
672
295
1242
697
293
297
269
723
898
898
1254
845
1260
295
1250
683
1260
296
845
677
1260
898
1262
1264
1260
696
898
675
655
689
722
658
698
1256
1537
681
667
289
803
681
1258
273
814
1254
722
809
695
678
872
801
898
722
666
1257
722
682
295
699
658
1543
829
1262
1250
898
844
680
789
1541
1251
683
679
1224
1263
898
1522
1251
898
675
699
668
899
794
789
294
696
1545
294
294
898
294
840
814
297
293
269
791
876
1543
1218
701
660
898
1535
295
837
682
698
250
678
798
276
898
1250
686
294
722
1264
289
1253
292
898
722
1537
681
1264
1253
670
1262
295
898
899
898
294
295
899
898
702
291
273
722
662
661
682
293
296
898
1261
898
680
855
790
286
1531
1246
295
682
898
292
898
839
722
1250
295
899
1226
1737
1259
898
297
656
294
294
1529
294
297
682
839
898
1530
1268
1263
872
898
1250
796
698
898
1251
898
1540
1257
805
290
678
1250
673
293
722
266
681
1263
661
722
682
899
2594
1264
1549
1252
1932
800
699
705
682
1264
1533
297
1258
722
1251
1223
898
1494
660
898
701
722
294
660
1260
1251
296
294
660
1218
819
296
722
1534
722
898
811
1266
1265
899
692
703
898
1267
705
296
1538
803
294
268
1263
294
682
294
1265
703
723
291
691
296
852
266
667
706
280
1257
723
1257
295
1257
898
1544
1259
1225
293
1259
297
291
1926
899
684
253
786
801
1250
1540
666
722
1255
1257
296
1528
723
1261
2006
294
1262
294
1262
898
1207
1535
656
1542
683
1259
836
1247
294
294
812
1243
1262
899
288
699
697
703
1644
1221
898
1251
834
722
1546
683
703
684
722
1264
286
298
294
1264
679
293
663
1492
722
295
898
806
722
257
293
696
294
294
1256
1259
1225
668
276
723
898
722
850
671
686
723
1260
294
898
803
1654
683
290
797
699
660
294
682
865
883
1251
827
294
294
841
1250
296
665
1538
295
668
722
674
813
1251
722
701
1263
1540
682
701
1265
294
295
898
668
899
681
899
1532
702
697
1960
268
1265
679
898
1940
700
1261
1261
294
862
687
281
1256
1537
872
1262
661
1261
288
294
723
291
295
678
678
295
788
1226
704
293
658
293
289
899
294
294
1214
295
683
294
898
898
723
1942
675
2006
899
898
1218
1265
722
675
688
1250
899
1555
722
669
899
899
1252
698
1240
1259
663
1250
1553
795
1524
824
296
1264
898
1251
1542
294
811
696
1257
1264
297
898
1251
1216
846
794
898
681
898
722
722
678
704
1537
1262
1253
676
295
273
293
296
1534
681
282
792
297
1225
1251
722
676
294
859
1544
1250
798
1263
1218
1263
722
898
722
657
1251
678
651
1252
683
663
284
722
1264
296
1258
898
294
292
295
279
288
1257
898
899
280
1251
898
682
898
898
722
701
1546
1513
722
268
689
293
296
683
1248
1250
723
680
1257
295
898
1533
802
1268
898
788
295
1263
296
722
898
722
800
1256
296
899
295
701
1261
1530
676
898
867
676
1536
658
292
1262
284
898
288
899
268
802
822
723
295
899
681
297
1263
1265
1207
293
1259
280
294
294
723
294
1529
663
845
1223
247
1250
886
1535
1530
722
294
898
809
722
1262
899
832
722
702
298
898
790
294
683
656
258
293
295
1528
295
295
822
296
699
701
898
1776
292
898
815
683
675
840
296
722
898
792
854
1265
682
277
898
1539
1252
822
1250
297
663
722
1508
673
294
1255
898
265
799
295
822
898
1527
1264
801
1262
1528
672
284
664
898
297
1264
1764
821
1251
296
295
898
898
294
722
1264
722
899
1262
1529
1533
659
722
1263
1537
1264
722
1248
2002
1508
677
676
263
1533
898
898
1225
294
883
296
1250
295
707
1224
722
1268
294
831
898
680
800
1256
825
667
1529
1251
1535
1535
295
662
1255
296
812
680
1251
1257
722
291
1259
695
1218
1221
1537
1545
722
1218
1238
1528
1261
1245
1259
898
251
294
294
812
265
678
1263
296
1497
293
1264
1265
284
722
292
1250
659
294
696
1264
898
1258
293
295
682
294
1262
1257
294
899
1543
297
1260
694
898
680
1263
722
1251
1250
294
1265
778
661
707
662
1531
1254
295
655
287
668
898
1259
865
899
1252
1252
297
898
1241
1630
1250
678
829
297
1533
248
294
677
880
784
1267
700
680
814
1224
1250
294
1742
297
822
676
287
844
1553
1264
292
261
1537
294
1262
247
295
1250
793
898
898
284
1261
290
2739
652
722
682
722
819
292
1266
682
297
1533
898
723
297
683
899
296
1248
834
662
851
1542
646
701
291
293
1262
272
695
1218
723
681
703
898
1256
266
292
791
282
723
898
1499
792
824
794
1263
722
296
263
295
722
653
297
1264
296
1218
723
1261
293
1260
294
1265
1523
297
294
706
293
669
293
296
898
1531
1263
1543
898
809
258
682
1250
667
1555
823
1251
682
722
294
701
1534
294
295
722
677
1941
1546
280
657
699
794
722
292
1255
898
1262
1266
674
675
294
694
722
295
287
294
1265
722
1268
857
293
683
1533
826
680
295
722
899
295
657
899
1538
898
661
1538
1268
293
804
678
898
855
676
293
898
1961
295
293
292
249
1252
898
264
295
847
1250
898
1536
696
1783
1220
1262
857
832
268
898
867
665
723
1135
294
292
267
663
790
857
722
663
1262
1537
722
296
673
1529
1781
702
277
1260
1251
2005
1250
1630
723
830
899
653
701
898
1254
296
1259
669
1250
797
293
898
898
666
1268
291
695
898
1243
818
1249
265
866
1628
1250
681
847
291
270
1554
1533
722
673
1251
296
294
295
277
862
722
683
898
1540
1259
898
1542
2004
296
293
677
842
683
2005
683
681
274
285
1260
724
297
1223
860
293
1257
253
898
1260
1250
297
658
825
288
793
1537
1267
1263
1261
276
666
899
697
1267
661
666
256
1242
898
294
1529
1250
294
1259
1250
297
1539
672
2007
722
1543
1256
1218
899
1264
296
281
265
663
682
683
1250
899
293
1250
899
1257
1224
1535
1541
664
2597
1535
250
1223
269
1551
1253
722
1540
1241
722
291
677
899
296
247
1540
1262
898
693
722
2596
723
830
295
1218
724
899
663
1250
1251
1538
1253
845
722
296
1540
1250
853
654
682
723
1249
684
1526
1536
657
295
703
294
292
696
855
295
898
296
1513
295
898
701
871
1250
899
1250
667
898
680
683
1218
860
1255
295
272
1258
291
853
899
1250
1250
818
1535
296
297
722
1264
666
1528
295
295
276
259
296
667
722
898
1511
1251
1258
704
295
1251
672
675
1218
293
697
1263
1261
1538
898
844
845
867
291
1537
1224
898
261
1264
1782
808
294
723
1250
682
685
1265
898
1225
1225
706
1941
1263
293
677
1250
1254
785
1262
685
1244
296
296
296
687
1249
899
848
296
695
296
899
705
722
800
798
1539
1530
1642
1253
1224
1251
295
700
898
818
1528
1250
682
295
679
1264
794
295
674
1525
854
811
1517
1220
801
1263
1266
1534
1223
1222
679
682
1249
820
1527
291
834
722
1257
679
683
1534
840
1250
297
1253
899
1264
288
847
722
664
1532
1260
1251
681
1508
789
294
263
1198
722
806
296
898
658
792
898
838
1249
1250
1548
697
1541
1261
723
804
1250
898
722
812
682
869
722
295
1218
809
659
296
1258
681
1248
1255
669
899
898
294
704
1250
682
898
261
1623
1255
822
285
290
852
828
1218
1267
294
294
794
898
297
663
1260
292
1766
722
1536
1628
281
682
292
297
844
1266
1546
899
2007
844
678
898
796
898
898
1261
1256
865
295
1544
296
1232
848
897
898
668
899
293
899
898
667
1654
1250
688
298
809
270
683
295
809
1536
296
795
294
722
692
1249
898
1523
2744
1507
677
1632
694
683
274
1253
1251
293
840
295
295
824
1256
722
849
1262
723
296
294
697
1265
1267
1250
1537
696
898
1524
1519
1257
1257
854
272
722
294
793
898
825
685
683
820
294
297
663
673
722
294
679
1266
1259
295
683
677
898
295
722
296
1247
722
702
1263
898
899
1221
296
702
292
1251
1256
679
898
294
898
1262
705
1550
296
723
722
899
295
294
2595
1251
899
682
660
1551
898
722
701
789
294
295
688
683
898
1256
700
1265
290
1255
664
899
683
1218
1257
1249
789
293
293
1940
830
294
294
823
1224
297
1525
813
295
898
1252
898
1249
1546
1226
1255
1261
696
294
295
803
833
297
1550
819
898
267
722
658
1267
1261
296
296
297
1250
707
682
290
1537
1544
670
296
1263
722
898
297
1221
1935
289
803
846
1260
722
1261
1250
295
682
898
1531
686
722
294
723
821
1264
1226
723
1256
1260
804
287
1253
288
672
281
275
1551
1218
885
898
833
666
677
722
682
293
680
721
675
824
294
296
292
1530
809
680
722
295
1372
723
722
1250
898
833
722
679
722
834
825
295
846
1216
1535
287
898
1256
267
898
898
250
846
661
294
293
883
832
818
798
1943
1256
898
723
820
723
269
899
294
722
1551
293
708
672
293
683
1535
665
665
722
294
664
898
703
679
275
1538
704
295
669
1250
692
686
1262
293
818
1554
1532
898
1538
295
260
843
724
269
818
683
820
810
787
846
663
1251
282
723
1263
1534
847
701
1223
722
1224
872
678
1250
1218
668
827
291
863
1264
284
1250
1543
295
1509
827
1525
702
1263
683
696
294
722
851
845
291
700
1538
1536
1542
297
898
1257
1251
683
1780
688
1262
295
683
898
722
785
1218
1542
723
678
723
1527
1246
702
665
899
1533
683
683
668
1508
722
679
1227
812
898
296
268
296
722
1261
1260
679
1223
297
687
2005
295
1255
1261
1526
293
722
698
685
676
1528
652
898
791
1254
268
1251
297
823
678
672
722
1254
702
672
660
292
816
1260
899
1537
1132
261
841
856
898
700
1220
722
670
1537
1535
898
297
1262
1259
295
295
679
296
668
2006
817
264
677
1530
899
898
1548
870
1554
791
294
898
702
272
295
294
700
814
691
678
293
280
821
2007
263
699
722
676
289
1222
1251
293
296
1251
674
1527
1254
705
679
898
704
682
840
722
660
898
854
663
1259
286
1250
789
262
811
673
898
1537
701
899
722
1263
1252
722
686
266
856
2007
834
1250
1240
898
697
295
722
294
898
1258
295
1535
722
298
792
1257
295
658
1256
1256
809
695
1543
1243
1493
666
1258
293
1183
674
1250
294
294
854
814
786
1265
296
723
799
1257
1251
294
295
899
797
681
816
702
294
722
295
293
685
835
297
1655
722
837
839
859
1265
820
680
786
1545
1265
296
701
1245
679
898
723
681
847
1243
281
293
723
256
295
1255
663
295
723
1247
677
1250
833
1265
724
701
699
681
294
675
887
830
1250
1258
1538
1265
662
683
793
281
293
899
723
790
898
682
1263
703
1541
840
295
898
1218
1530
1223
722
684
837
1223
898
296
666
1256
1262
696
680
683
1528
295
669
681
898
851
699
292
700
722
668
296
295
1219
1218
291
898
1528
697
898
1253
789
701
672
297
295
1550
295
1959
677
293
1250
665
1257
1249
683
1543
793
825
680
1250
799
700
1251
292
297
288
263
291
1257
294
833
293
294
1268
1218
898
800
1250
295
700
1266
678
701
1509
1218
664
1250
722
649
1241
1251
1533
1535
1541
1264
275
898
898
672
267
1261
722
1256
673
1534
1246
297
857
294
698
898
790
1219
1542
297
296
1541
293
723
667
723
704
680
1543
1538
1543
261
1532
668
296
1257
288
722
870
683
826
1546
1223
1264
294
1544
680
1224
294
1532
1623
710
1236
1534
1630
1534
1263
898
285
693
286
693
1492
1258
680
849
819
297
710
674
840
722
672
664
294
295
1263
657
296
682
1527
1538
898
1248
898
696
674
1249
1262
293
1536
1257
284
678
700
702
797
1263
667
836
1258
868
294
1531
899
657
293
1264
693
677
723
1542
1265
1267
1539
679
858
269
650
295
899
1252
296
296
899
702
677
658
277
899
667
692
1528
292
1249
294
1268
698
296
672
293
1224
1267
808
295
722
1262
294
267
790
1539
293
279
1250
1259
1614
294
297
1548
1527
1255
293
1251
866
1248
1250
682
783
1265
835
1264
677
296
294
837
294
271
1250
1262
1259
1781
1223
818
1262
298
654
1251
682
723
706
724
1225
1251
898
663
260
294
1250
808
294
245
1536
1755
293
696
296
898
295
898
1540
1264
297
1260
870
684
723
1233
722
723
898
295
722
1250
702
835
683
296
1258
899
660
898
293
683
722
1261
665
792
1242
1534
676
679
856
898
660
296
294
1524
2743
295
1544
1225
680
672
722
1260
796
674
675
1256
825
1533
269
898
294
899
295
293
696
1250
723
827
297
899
295
1221
1251
817
296
1251
1260
663
796
292
811
700
1250
663
828
1251
814
722
1533
256
295
294
678
1251
294
1264
672
722
1543
1520
662
1265
898
294
677
253
295
1539
1265
839
898
292
827
294
674
678
1258
279
787
1516
722
810
1260
295
295
293
898
898
667
294
666
1259
722
295
1262
295
255
1541
1218
291
823
1257
293
841
685
838
293
1251
297
683
288
722
293
297
899
1251
705
685
663
1251
691
296
666
295
296
1530
1234
1262
848
295
683
295
723
666
296
899
722
1261
693
1530
899
674
283
681
293
294
683
277
682
652
712
657
818
676
1504
696
1548
703
1223
699
1250
653
1251
723
651
811
1264
296
678
682
293
677
1523
672
271
296
1252
699
791
874
278
678
655
287
786
823
293
1257
294
880
666
293
3266
722
294
678
293
280
899
673
295
669
660
677
1265
798
296
1267
1539
293
290
898
1264
1266
274
262
792
293
675
294
295
1251
1255
293
723
898
1264
722
1212
704
681
664
1218
851
1218
294
1250
295
722
1515
685
698
670
1533
684
294
296
1235
829
296
293
662
697
664
658
1259
296
723
666
293
669
294
697
1248
262
654
260
1885
293
1259
293
274
1549
260
701
1263
826
294
1251
722
293
294
297
1251
294
1530
288
722
290
1251
1250
864
2007
298
1555
1252
1528
294
297
722
268
850
1266
1263
297
260
294
899
1491
1243
1252
898
1256
858
1225
798
1549
1492
291
294
898
684
1251
898
800
1218
1254
817
292
722
1538
667
1550
709
899
1534
296
722
698
1534
295
297
1257
296
294
1223
1547
294
898
665
806
864
297
698
899
823
789
296
1539
660
1532
291
297
818
833
831
1250
1250
676
295
898
669
297
1265
817
723
298
724
696
1642
1531
723
682
1218
847
693
1263
783
1259
295
1523
257
1541
296
293
675
681
898
693
1256
1262
281
1493
676
658
294
819
1260
294
898
295
658
295
293
681
294
840
260
669
296
818
680
1257
855
1252
1263
294
723
899
1252
807
282
722
683
1523
1260
292
723
817
696
1534
685
296
681
664
1265
1250
898
722
722
816
681
898
796
1239
898
294
898
280
1538
694
657
1530
297
293
270
1259
294
295
293
1251
898
898
699
292
297
268
295
293
898
1263
1250
874
873
787
849
682
295
1539
295
680
700
700
296
803
267
723
679
860
294
676
839
792
899
1544
1266
297
1255
722
722
898
1213
1256
1255
1259
293
1539
293
1941
288
294
722
1266
294
295
680
883
1226
722
296
788
294
723
1256
678
848
1259
294
294
295
704
282
683
659
898
296
803
722
296
1529
899
252
899
1543
856
297
1250
682
1265
1257
296
722
679
284
1251
1541
1509
686
1532
698
272
1542
1251
695
898
722
722
681
663
677
1782
1260
295
1263
1254
293
1537
1262
294
705
1265
1544
823
297
2007
898
1221
810
1254
1534
802
898
681
723
803
1538
679
843
1264
833
1538
898
1532
1222
297
293
1225
294
296
659
698
723
296
827
785
293
898
1265
1552
898
297
1218
693
898
295
683
294
1257
723
297
678
722
677
295
1265
874
1260
1537
296
899
790
695
664
271
1256
814
1612
900
784
1250
1250
295
676
850
1534
723
294
1537
899
696
293
1251
274
722
682
722
1260
663
722
288
293
822
1532
667
701
1218
792
722
1251
297
1250
295
1223
296
666
808
687
685
706
723
672
679
899
294
663
1257
295
898
294
1265
1536
723
898
1538
295
296
295
672
679
1534
288
884
296
682
266
898
681
1250
1265
1218
844
898
876
671
792
1267
294
295
1264
664
1511
295
1265
1243
296
1531
1265
1250
295
682
295
898
260
722
677
1218
722
268
1250
1225
692
282
672
295
1265
293
669
787
683
723
655
801
722
898
722
1226
680
723
1263
899
1265
1208
663
683
899
295
1528
1208
898
1259
295
680
1539
666
1264
865
270
1538
810
678
295
704
693
1251
1263
293
296
684
855
658
677
294
853
258
868
293
847
1253
683
1267
276
722
1219
295
899
898
673
680
281
294
898
247
835
722
723
1262
1535
271
664
722
664
823
2003
671
293
296
297
690
1250
898
723
839
1262
1251
294
722
665
722
898
1535
1251
295
840
295
899
696
898
667
695
294
1256
297
703
660
899
1942
296
898
1526
862
2594
1256
1653
821
898
1260
722
294
680
1533
723
899
1261
1538
722
698
821
661
697
898
723
899
1263
688
688
838
787
1529
665
259
667
1524
797
666
792
696
722
723
682
679
280
678
296
692
821
295
1263
291
297
1251
295
898
1250
1538
683
293
898
898
722
1267
869
809
899
1250
275
677
293
1257
1265
1935
1536
286
899
663
1514
697
294
838
898
288
294
822
290
1532
1224
1261
296
682
832
296
852
722
1224
678
679
294
267
854
1250
1264
294
656
1250
678
899
836
898
1256
722
1532
791
1218
1537
1539
1243
831
699
294
1218
845
898
722
287
683
294
666
681
296
1209
675
290
1243
1252
1250
812
1250
1781
1251
294
662
297
838
819
1541
722
1251
292
1261
1538
295
722
294
1257
803
2736
722
824
1262
265
1265
294
898
722
679
1266
297
848
898
1263
293
722
722
836
678
807
1250
660
296
294
865
1243
1251
1533
1263
658
709
676
1218
899
723
297
1259
1249
296
261
898
845
1778
685
680
722
722
852
296
1220
702
269
294
295
296
1264
699
1251
297
1223
810
898
839
899
1539
293
296
852
272
664
294
1536
723
1257
295
667
695
295
290
898
1538
288
657
698
1259
665
679
1251
1264
675
1250
835
292
1262
1267
683
683
722
1237
274
797
823
1251
859
294
723
679
1263
850
294
1250
1549
1529
792
667
294
700
1251
877
293
1266
1511
1264
1537
295
680
672
673
655
1266
294
804
1265
898
806
1528
676
294
663
683
1250
293
806
681
675
1548
294
790
1260
721
1545
674
722
1539
723
1257
277
292
843
682
722
1545
661
683
722
898
686
671
1251
1218
293
1250
672
722
296
898
722
898
297
1539
280
1263
1533
789
702
682
814
295
280
684
898
1546
1251
296
1250
2594
1535
1528
296
1250
297
898
677
663
723
1251
898
683
899
1539
898
722
1253
298
700
295
875
662
672
294
899
844
296
722
1527
832
295
674
785
722
1247
803
297
293
280
297
722
700
696
899
898
294
294
898
1251
1263
294
1263
898
295
296
898
779
1223
1263
295
1537
898
666
1250
722
694
1251
847
898
899
669
1259
1218
710
724
898
695
679
684
702
723
899
898
1267
678
1246
295
722
1262
294
722
297
1539
701
667
722
674
1533
854
1261
294
295
702
869
292
294
703
292
1531
295
653
676
1532
282
1139
296
686
294
290
296
294
2588
722
870
898
683
1226
1556
1238
831
722
1263
287
898
296
1225
295
790
651
899
722
679
708
1264
792
898
1251
686
296
1220
673
847
294
722
683
294
1266
295
704
1267
296
296
668
295
801
1542
295
1545
1254
898
669
281
1265
293
836
294
1535
1253
295
296
680
802
1264
864
674
1223
898
722
264
296
1260
685
293
854
898
1525
1534
296
296
827
683
899
899
670
828
664
722
1266
1266
297
294
295
847
700
842
1265
295
792
286
1259
294
294
898
898
702
292
1532
701
1258
1216
899
675
294
898
683
298
1251
3266
1253
828
2004
1260
676
678
294
722
1264
1656
898
663
296
1264
722
683
295
898
1543
296
278
260
1544
702
899
883
692
1265
1251
844
649
1218
295
294
293
294
722
899
1244
665
1250
291
898
296
284
1251
722
1258
295
1250
787
1250
683
1939
1539
293
723
898
898
683
1223
898
723
1257
698
294
1264
1251
809
803
1258
673
1535
722
294
681
294
680
1260
1224
722
1251
831
254
296
294
789
253
1261
702
1252
722
1131
295
293
294
672
817
293
703
701
293
661
793
722
681
1226
681
295
1251
701
680
694
722
882
803
1250
295
1265
1256
1260
723
293
1250
677
1218
898
702
784
1218
297
898
683
295
710
295
291
683
1536
671
293
1264
296
661
801
292
1264
898
295
701
1245
1530
294
848
1526
673
668
683
1212
680
1640
840
813
1525
671
293
1250
658
297
898
1262
282
277
824
1250
294
294
278
1251
899
296
275
1250
898
1262
722
1264
1218
857
294
274
1260
290
674
654
1255
722
1260
1532
811
1250
1268
1537
655
1539
664
681
296
1238
1255
701
1250
1219
296
699
704
1538
1260
863
899
1196
691
898
898
1249
291
898
294
1774
722
292
889
1530
1263
1256
294
851
296
268
1265
295
297
291
296
723
899
1258
1525
271
294
1252
291
1264
1251
1267
722
1222
1250
294
839
294
722
294
1554
295
675
854
1552
1250
722
288
1265
296
1266
702
1621
899
297
843
1225
1219
295
1536
1246
295
1260
704
898
294
1541
653
782
800
680
898
284
297
292
295
1263
296
1533
1252
293
1510
722
291
295
1519
1263
680
272
722
663
898
295
723
292
296
1524
652
1260
663
264
698
699
2000
1259
898
1530
898
899
285
294
1531
281
296
294
681
1540
286
678
698
296
678
274
283
681
1256
296
289
1532
295
682
1531
680
679
662
1223
898
1521
294
1250
671
674
1266
1539
1535
1218
288
668
688
294
1258
292
722
294
1550
683
683
297
1264
1538
722
1257
898
295
680
2005
293
660
808
792
682
690
868
1257
666
898
296
898
1258
1533
277
1251
1542
680
702
1265
898
1544
278
898
898
689
1259
1266
722
1544
682
1529
898
294
670
295
723
664
665
1250
1254
722
681
683
1532
1263
1258
297
680
672
1261
1250
803
1250
679
295
722
665
722
2002
693
723
258
898
296
1257
295
1267
682
289
864
701
838
1532
838
297
671
849
854
814
830
293
293
1537
1263
294
1260
1218
702
1254
680
1259
723
677
296
1537
898
681
1198
292
296
833
701
295
1262
293
660
722
1251
843
705
294
1251
722
295
1256
293
293
692
722
683
798
700
683
899
796
1529
1263
295
1538
677
898
1258
667
296
294
899
722
722
1250
1256
674
723
898
1557
1265
669
275
686
677
701
1250
1257
722
796
1252
789
898
1257
710
1259
683
829
294
1224
899
295
1264
660
667
1540
1257
296
1259
1261
3266
1250
829
293
281
705
898
690
658
672
2594
1262
273
899
704
295
899
723
699
1531
294
1554
792
296
1245
294
821
698
294
898
1263
1258
812
792
898
703
722
295
723
1251
295
898
3266
1542
898
685
898
2519
666
1555
287
294
1265
1218
1258
898
722
1218
1530
293
1535
291
664
722
722
296
1538
693
796
1653
1532
272
1262
297
899
283
296
898
723
1259
695
882
899
1261
294
1234
828
796
864
1253
1250
1250
1207
293
722
898
1223
658
285
286
694
677
701
1250
295
1258
854
660
679
683
1261
684
295
682
265
899
809
1537
846
261
1539
722
862
297
1224
294
294
295
722
699
1263
898
898
1554
666
1537
296
294
277
1263
1549
297
699
1223
899
682
678
819
292
898
1258
1250
676
296
289
1771
1550
886
1218
292
684
295
816
882
680
271
830
675
1219
294
694
1250
789
700
701
675
1537
677
817
1245
722
1511
680
1539
263
296
701
680
848
851
898
723
898
293
291
658
1551
683
292
1250
671
682
1261
863
1539
677
655
832
296
1250
802
1251
878
1260
1538
675
681
898
677
295
1259
1552
297
682
694
680
723
1257
1535
1544
722
676
1255
270
898
1260
295
1515
283
722
899
683
680
261
850
1633
296
1260
701
678
899
1541
667
801
722
722
1258
1265
1251
294
1530
795
722
294
722
1218
293
256
701
1263
697
1252
1250
1267
722
813
261
722
296
887
722
1218
898
295
1599
1224
664
723
295
722
704
1528
1551
295
295
899
1218
261
1267
698
898
1539
723
1549
265
281
686
297
1264
836
794
295
1259
899
1260
899
656
294
294
288
844
1656
295
723
679
691
799
695
289
710
700
1537
722
898
678
722
693
259
295
1263
1222
722
839
722
682
860
674
1258
683
293
1538
722
1251
1263
1265
285
296
1256
681
295
1251
295
701
701
292
295
798
797
1528
1251
294
296
802
294
294
297
815
682
1535
288
293
1263
722
290
665
723
292
691
1492
674
283
898
293
1548
295
287
294
1544
1261
722
722
868
855
898
296
1248
1539
795
685
867
295
295
1524
813
868
669
692
292
678
1262
806
898
295
678
1251
1265
1252
830
688
722
1540
723
1530
681
702
796
722
803
1251
288
844
1533
1538
1528
898
1263
898
722
1537
1262
812
294
898
1263
786
1253
704
686
296
295
674
291
852
296
684
702
677
868
1263
1530
286
682
701
672
296
1262
701
699
294
692
1226
672
1254
899
1530
296
722
294
1525
663
1258
680
295
669
295
1531
295
1250
292
796
673
683
800
1261
680
261
723
1540
297
671
841
1222
290
669
298
1259
722
1251
677
3266
1531
1218
836
295
295
297
681
831
898
293
297
843
1538
1962
660
850
1259
674
722
1508
723
653
700
294
898
1253
1524
291
898
660
898
680
664
1506
674
1263
722
675
701
790
1256
295
815
295
1261
690
698
683
1544
1250
898
1538
868
1218
668
1226
826
680
261
722
702
722
1257
898
856
294
297
1259
840
273
1549
722
293
1249
837
1225
898
296
839
694
701
1257
668
781
1253
278
700
293
795
811
1260
683
676
668
680
723
722
272
821
866
678
701
831
1218
1537
1261
701
799
292
898
667
1253
722
689
675
293
682
695
856
686
667
699
1521
899
1266
293
297
1256
298
898
1542
899
898
295
1537
658
685
2009
888
1640
1543
1250
1250
898
295
1260
815
1250
843
295
1252
663
697
679
295
843
672
898
1249
899
272
1494
700
260
1263
1259
1257
669
723
722
294
283
702
682
271
722
292
722
899
1531
796
1219
1218
277
723
805
1533
291
1540
722
264
823
1263
695
1256
296
804
722
698
265
294
898
1246
296
296
1262
1266
1263
1256
1538
1542
682
1264
1538
722
671
1526
290
683
297
297
722
722
899
1244
898
1264
1260
296
898
899
898
1245
805
1211
294
673
1528
819
680
872
1256
3266
257
683
294
297
1211
1531
296
1536
1536
722
823
1539
297
1249
678
797
1256
789
1250
671
1262
1943
899
1225
294
1251
294
790
1520
296
1218
1253
1218
722
275
683
297
282
1258
723
1539
722
722
724
664
657
294
722
701
898
722
292
818
674
272
722
1264
827
295
663
711
1225
295
688
700
296
1262
689
679
849
294
286
703
1653
1262
879
1530
1251
692
670
295
267
898
820
682
666
679
1256
680
1534
788
293
1256
1252
1539
799
683
1250
272
722
683
1550
658
1251
296
1528
275
1538
698
280
1250
1218
689
650
1251
288
1538
825
1250
293
1265
838
898
1540
1254
1538
672
1251
791
1263
290
296
898
1220
1552
679
295
682
295
1250
295
795
898
899
295
277
293
812
1261
698
722
1257
1532
294
293
2757
1528
682
683
282
697
680
1213
667
683
1627
291
1258
1260
820
295
722
293
682
723
1518
815
679
723
1249
680
294
296
279
671
682
1261
805
722
1260
1266
809
723
678
1223
290
1250
722
1531
295
266
1248
293
1251
295
883
672
840
690
297
294
723
1261
1538
847
1250
1545
723
898
1552
1535
277
271
722
295
722
265
699
274
682
675
275
722
293
680
712
1265
1260
295
293
1536
682
816
1732
898
657
673
793
1546
792
289
898
722
1512
674
899
851
868
646
1250
722
831
1264
1223
689
1251
1250
899
722
697
1532
297
1226
898
898
1220
1249
294
723
680
294
722
297
294
722
1544
667
1540
898
898
722
295
1258
702
679
294
1538
296
687
295
677
722
679
830
295
687
1624
296
853
835
898
1540
701
663
724
1250
722
663
1224
793
294
680
673
677
2005
295
291
824
293
898
1269
849
296
1264
1223
1265
1265
1252
293
704
722
898
722
1252
1251
680
701
1533
294
1225
1538
295
813
261
296
290
873
898
294
295
1218
679
899
1250
294
1257
296
1264
1251
825
1199
1252
668
722
262
1218
1240
269
1265
722
1529
1265
700
722
680
683
268
292
1223
1267
1224
1262
789
722
295
1251
294
899
798
1250
679
1531
1261
722
1252
1213
296
289
693
667
1263
292
1266
295
294
1253
294
822
898
668
899
722
722
1256
294
1535
674
693
1251
1539
1539
297
696
679
1256
294
887
685
840
1783
679
1538
1223
1249
722
293
295
1262
658
1253
722
294
722
898
295
1548
862
276
898
678
871
722
1263
1250
696
1536
295
1266
1539
1266
898
678
1254
682
790
899
701
701
722
295
1531
1261
722
834
271
296
834
1250
722
899
1531
297
722
1262
1256
1222
874
1249
884
795
294
294
722
297
898
722
845
1264
1538
702
806
899
898
680
834
677
832
684
294
296
1259
808
722
722
843
1619
898
293
1529
296
1262
697
668
672
1535
723
1922
277
663
1255
1254
700
723
799
1532
1546
1259
294
1552
295
296
253
668
722
1252
861
1252
1250
1530
1265
722
898
1261
678
899
813
287
690
296
293
840
826
653
680
683
722
1261
898
722
1255
1268
673
1224
1530
670
1252
723
705
822
783
898
260
1258
898
296
289
1538
294
2003
830
1251
1532
722
1537
667
1265
294
724
814
294
294
1263
678
1268
1263
294
858
289
672
838
294
724
672
1251
1531
678
271
296
678
702
1243
1539
291
665
801
294
1539
1538
1539
722
693
253
685
295
295
686
279
296
294
898
1244
658
295
1256
294
1205
723
292
723
722
293
286
265
666
294
293
667
722
861
899
696
800
805
296
293
824
1497
1540
701
1224
293
296
723
898
679
1218
296
682
1262
295
1542
723
1534
683
845
662
293
292
722
671
280
674
792
1264
786
296
1232
295
280
295
1208
272
293
1263
1257
294
722
899
279
294
1537
685
1262
1252
294
296
1259
722
686
1254
270
291
281
824
666
824
1249
899
294
839
671
278
294
681
1250
296
1264
860
898
296
898
899
839
664
684
1263
680
663
1258
295
657
829
651
294
898
678
784
1218
670
671
693
883
1261
297
1535
899
676
1254
887
1251
294
848
722
842
791
683
819
698
898
695
262
676
838
664
1264
820
1536
296
1265
1547
873
1225
722
898
697
845
1256
898
898
898
269
722
3266
1546
672
295
859
854
1234
652
898
1522
1538
296
1219
722
799
703
1535
1251
898
898
288
899
1251
1743
250
1543
831
296
721
898
865
675
292
296
297
1537
1550
1255
1263
722
670
689
850
1250
722
1634
1249
1256
677
296
722
707
296
899
295
1266
661
1255
1248
294
1522
295
1205
1654
295
296
677
1224
667
679
723
843
1250
689
899
653
678
1263
898
1252
1600
1268
670
1544
659
899
1531
294
1553
681
898
1250
898
296
3266
293
297
705
296
1251
665
273
1546
663
294
286
296
1258
1259
851
722
659
704
858
1251
843
678
1223
679
699
664
898
857
695
297
667
1266
722
680
680
676
1493
722
899
295
294
898
295
722
1263
1219
1536
294
1250
1223
1266
295
280
1255
898
1252
899
669
857
678
899
723
249
1635
899
680
683
683
1261
296
1263
1252
1538
287
698
1540
294
1250
1262
1532
1538
287
1533
263
816
295
667
1266
1222
1530
1218
672
704
697
898
1538
296
1256
680
684
680
295
279
283
678
1205
722
722
1554
1250
722
803
1257
296
839
295
899
672
898
899
296
294
874
722
667
296
722
680
1541
702
1250
1253
296
723
293
1250
1218
1249
723
1259
664
679
296
1257
290
722
811
1534
248
683
863
293
286
680
294
682
722
804
293
700
297
701
297
295
1534
667
1267
295
292
680
1258
656
1542
256
844
1265
702
683
295
822
1250
1551
898
295
722
688
243
294
679
887
847
722
898
898
269
295
678
1260
294
678
1255
899
682
723
281
860
1263
899
294
1262
296
290
705
853
722
849
1536
296
265
294
291
1779
1263
257
1265
898
671
722
723
662
1219
680
295
697
683
702
683
1536
1255
1261
1258
1258
276
1251
297
722
846
1254
294
1261
722
1218
1266
1538
1258
1536
295
681
1251
1250
680
294
691
674
298
675
1257
898
682
1261
1265
722
293
297
848
722
669
297
898
723
689
1252
1251
682
1224
1244
294
862
1253
294
294
1256
295
1521
293
292
294
850
297
294
898
722
898
688
817
296
786
665
722
1264
291
898
668
669
723
722
295
662
657
294
792
295
898
2593
1260
295
819
283
295
664
859
661
681
1541
683
1553
1251
785
859
1262
899
664
1226
295
294
259
703
1942
1539
290
1735
722
788
293
295
825
1520
722
1221
675
694
697
1538
899
686
1252
860
1540
1268
1257
686
1251
796
662
791
671
297
1258
296
722
1534
1195
296
702
660
1250
829
294
296
295
898
1258
1250
294
283
296
1263
1540
664
296
840
663
296
812
699
700
283
899
1264
1225
1250
672
802
293
696
679
297
898
810
270
683
682
1261
722
297
722
1259
285
1524
656
702
682
898
899
722
1259
289
899
271
677
1250
680
663
899
722
298
660
1507
899
699
722
1250
1253
294
1529
1267
297
1266
664
786
821
845
824
822
802
295
849
1251
898
848
722
298
1242
722
1220
295
722
805
1251
824
679
1539
1637
899
293
1250
1550
1999
296
293
722
680
2005
2004
818
655
847
1196
1250
679
289
674
1253
679
701
296
836
899
699
296
1218
1226
1265
824
695
1250
1250
296
1255
663
294
296
294
294
811
1241
815
296
664
292
1261
676
678
1251
273
1250
289
270
1656
296
697
279
295
1528
1533
1546
1266
1250
852
676
794
668
898
1257
1522
695
799
1243
692
663
812
899
687
1530
294
2005
1257
297
271
260
1219
898
698
858
294
295
808
293
294
1251
1263
687
297
809
846
695
296
796
722
293
722
1254
296
1521
2734
1252
294
1655
723
295
1537
294
839
296
681
812
860
899
1262
898
674
1264
1218
899
294
1223
275
251
1260
701
898
898
722
1267
824
297
898
799
663
689
296
723
1256
1549
295
700
855
294
296
1251
898
898
660
1539
662
723
261
702
297
723
297
722
296
298
670
1546
898
898
898
284
295
296
670
253
1218
898
871
295
1532
703
292
293
899
898
293
809
685
677
1246
297
869
723
294
1532
295
294
814
1532
1223
297
1534
1224
898
295
1252
296
291
668
834
836
898
660
294
1251
1264
296
293
1256
1265
680
296
295
292
817
723
1257
898
1543
1252
294
1263
681
295
722
1543
1530
722
722
295
295
1247
899
289
1266
663
251
1552
722
275
899
677
1264
898
294
1540
295
722
296
1536
1533
1527
680
722
297
838
294
296
1218
1547
664
1263
820
722
296
1252
1252
791
253
1252
1517
1218
1258
294
2004
859
898
898
1251
295
294
1243
1257
1539
824
1218
294
898
898
1542
296
862
855
724
898
1251
841
292
722
1536
899
294
267
269
296
1256
293
1250
723
1549
666
1262
1254
723
296
1262
294
722
722
260
1258
1267
722
898
898
292
675
1524
293
1621
1223
869
1538
851
701
283
2596
1259
1245
698
671
899
668
1252
679
674
1264
700
664
879
276
292
1252
681
1267
1257
898
865
685
867
1251
723
660
722
1253
295
1250
294
277
834
1535
819
1541
898
899
722
697
863
668
692
683
1541
294
1254
289
295
688
898
678
294
898
1535
722
656
899
697
296
297
658
296
295
1264
722
287
1943
296
723
681
1499
680
1254
674
857
1260
1250
296
698
1225
1263
677
292
1263
813
722
291
700
1532
722
1552
293
290
701
296
682
674
1263
1257
1261
297
898
849
260
296
846
1259
1537
294
275
262
898
261
295
685
899
1266
789
282
692
898
1636
722
723
831
661
1251
295
723
1656
1539
898
1223
1745
295
295
1250
1533
1258
898
698
667
898
898
898
1657
265
701
292
663
808
296
722
677
675
1533
274
1250
1250
1265
1535
1263
699
276
707
898
296
702
722
293
1251
296
898
264
827
722
297
294
265
286
286
1644
1223
1211
682
282
842
297
292
292
1534
293
1250
295
1218
1246
1262
1259
262
293
294
898
253
723
1252
295
722
898
1223
295
813
295
722
1266
1262
674
296
797
1262
296
295
1250
722
898
270
722
898
700
294
722
722
1251
293
869
293
1259
295
869
690
1263
1263
298
898
295
1556
898
278
1223
875
294
898
1956
1266
1250
675
709
682
1223
676
682
704
685
833
296
1536
295
291
296
679
691
294
856
898
818
700
296
1537
1250
899
292
1534
281
2007
1538
293
262
1216
1539
666
899
898
789
1262
1250
670
1261
1218
1250
665
680
292
818
898
1259
1508
1258
659
1258
1218
834
898
817
723
297
663
246
1263
842
1264
1534
276
294
1531
683
1533
1249
295
294
296
840
294
1616
703
686
1529
898
722
295
294
296
822
663
803
791
722
659
703
848
674
678
296
660
722
789
1263
684
898
295
899
1546
1509
1251
671
293
1258
722
722
1220
898
1506
898
898
296
1221
1257
1531
1541
1241
661
1761
1538
1244
899
688
1223
898
723
790
1505
696
293
898
885
699
722
295
1211
1256
698
661
3266
835
294
295
663
899
266
295
293
1251
294
295
899
294
280
1246
1261
1253
722
1221
295
280
1258
702
807
723
1251
285
1547
295
658
1536
296
1263
294
296
820
680
699
296
702
701
899
700
680
280
1265
836
294
722
1250
841
899
1265
667
1261
297
267
1532
1530
293
1235
1535
723
295
680
297
1252
898
1263
898
294
813
1536
676
297
683
1538
294
295
700
295
899
294
834
899
294
1267
1533
898
1536
296
654
1260
700
723
293
295
293
297
297
292
1545
280
1223
1255
1243
898
1531
292
296
271
679
691
295
723
1251
667
703
289
253
683
662
1545
1218
295
899
722
683
847
800
704
1255
259
823
261
898
1251
700
898
288
677
722
1926
1779
1252
899
1538
1515
815
857
898
898
683
1250
674
679
1258
1253
898
722
290
288
265
691
297
672
663
1531
293
262
1264
1250
1540
899
723
660
292
294
1263
704
1533
668
898
244
677
1261
295
1653
723
1260
723
295
682
1535
294
674
686
723
722
286
1797
1534
820
1534
1197
1509
899
692
809
297
298
723
1266
666
681
296
295
856
273
296
296
297
1538
816
1247
898
1220
294
722
898
883
293
290
898
1255
293
294
847
1245
698
295
795
1261
1257
298
785
683
850
293
898
722
1537
1224
722
898
863
269
797
1218
294
1264
296
1207
1259
1251
796
692
290
659
292
1258
1532
295
722
1223
709
722
722
1218
676
1528
1262
899
296
2595
281
678
658
724
703
1538
898
898
1257
289
698
282
1260
1540
295
1265
292
1261
723
280
1252
293
899
286
278
722
844
793
245
868
722
710
1493
1252
1264
723
295
898
1630
296
1504
898
899
675
296
293
258
698
847
1939
296
681
698
686
699
790
1519
683
898
704
1256
278
899
297
1257
1782
898
295
798
1540
668
863
1251
1250
671
293
1261
1545
297
1535
670
898
1260
708
663
722
844
295
1537
824
803
1250
700
1225
291
1251
898
658
857
672
296
1262
870
837
1250
677
899
1549
1263
695
805
293
898
675
898
1548
683
294
842
723
696
722
898
853
1255
294
849
1263
297
1265
1240
1528
295
662
686
1532
290
848
722
844
293
1267
1252
700
296
295
1526
898
693
804
294
1253
840
898
722
898
1546
679
289
295
837
292
296
1539
1542
863
898
293
295
792
898
1261
294
723
297
1266
1553
1211
1250
1243
1264
294
294
291
293
285
898
282
687
700
667
679
672
664
281
898
295
683
655
722
290
686
1251
294
1263
290
792
665
1222
722
669
283
663
675
699
292
679
1250
701
1242
293
1629
801
1518
292
671
295
865
1539
1261
1251
1252
702
722
293
898
1534
1219
295
700
1250
789
1541
1247
834
296
1225
1221
296
675
292
1265
792
722
280
297
1756
294
898
675
684
704
1243
1523
685
295
295
256
1250
671
702
1256
1250
1250
295
722
680
898
899
700
898
295
863
724
294
1259
296
816
1224
1263
679
1267
1251
283
845
681
680
1263
675
295
1221
683
659
1555
1266
683
666
815
672
293
1225
1243
817
699
296
1533
295
295
1251
680
722
723
1225
722
295
1529
1213
685
722
673
792
723
1251
722
1258
293
297
295
296
658
790
295
294
680
293
1258
672
1218
295
1256
1250
666
863
1252
858
1540
1532
295
294
1536
1218
898
1264
682
294
673
681
296
696
839
671
1264
659
723
293
1538
1225
1657
1252
1263
294
295
898
899
1226
1775
1537
1528
267
278
296
1223
802
285
294
1261
1517
1262
723
1255
1265
700
661
800
296
292
295
1532
722
802
289
294
1218
1539
296
1218
856
685
1254
297
694
898
1509
1227
1266
295
898
841
294
1543
671
293
824
661
294
722
1238
1263
854
868
1262
898
1259
794
782
1265
296
899
1259
722
253
296
722
681
868
684
663
1636
1268
294
1264
1530
1265
1224
1252
1943
1508
697
708
661
695
665
1265
294
722
899
794
1218
294
1526
1509
899
899
722
790
672
655
655
1251
837
294
898
673
723
296
268
1250
672
277
1256
798
1265
669
1255
722
674
295
1263
1545
1537
702
857
683
722
722
898
664
296
1251
672
1265
295
1256
899
1222
294
875
295
679
295
1537
899
297
295
1267
724
1246
680
1261
294
275
722
1532
700
1257
898
702
696
294
297
296
812
297
845
700
722
1536
698
294
268
802
1258
694
898
1782
722
297
876
1263
1263
1244
1780
1259
295
2594
1509
698
674
722
680
294
1250
293
898
295
295
297
658
1533
1533
1534
295
699
673
1250
722
709
842
277
699
722
817
801
1251
898
298
671
296
722
1250
898
1264
898
282
1253
1252
297
1251
722
1268
1253
1257
699
678
296
898
704
1537
898
859
679
722
688
1251
898
674
296
702
1516
699
672
1538
296
295
679
1218
666
899
294
294
887
722
1255
1250
296
1258
722
1253
294
842
293
671
1258
294
823
1263
723
1536
898
1260
899
677
675
1531
297
898
295
898
294
899
275
295
292
294
722
681
296
1541
1504
264
1262
792
1106
676
724
680
898
898
1209
1263
665
847
297
291
1256
814
1534
810
853
862
703
295
663
898
1249
296
1218
1251
821
297
1260
821
297
1265
295
722
296
677
296
677
898
696
678
1218
669
1251
297
1249
296
898
1224
664
696
898
703
898
723
296
1551
702
295
722
1525
1251
683
675
291
250
793
1247
1552
294
1259
682
722
722
701
898
1259
677
297
677
1651
666
1263
295
272
665
722
259
295
688
692
680
296
898
1256
662
1218
1264
296
677
831
674
1261
801
898
819
899
1215
249
292
286
1251
295
1262
1224
680
1259
1524
1784
1529
819
898
295
898
675
1220
297
281
293
898
663
663
1266
1265
1529
1527
698
1256
867
1258
722
898
1262
1556
655
1218
1538
1537
876
833
833
899
261
1264
1254
1266
722
1530
847
898
295
1251
694
672
1252
688
1261
1766
680
661
820
667
294
669
898
1540
670
1223
677
722
1652
867
864
280
2595
295
1250
294
292
679
898
1261
898
662
681
722
677
723
898
297
898
668
698
1252
687
1542
295
898
899
810
297
295
293
1247
1254
682
898
1259
683
294
899
293
826
723
699
791
722
697
867
822
722
863
899
275
1255
722
1250
898
898
696
824
899
898
268
662
1264
683
296
837
1253
297
296
1542
1263
682
1258
662
898
668
680
819
1528
292
1250
1220
296
666
899
1543
1535
649
295
795
1265
722
1251
663
666
1532
1251
851
899
1553
296
294
681
297
1258
268
1622
722
2593
898
829
674
722
680
1249
1250
1218
297
685
295
294
1251
864
810
665
294
722
695
831
675
1533
290
1540
787
1262
2587
898
1262
1263
701
899
286
257
675
672
898
1540
1227
792
294
295
270
799
898
660
801
1526
297
699
722
295
651
1533
295
817
697
1251
1538
296
288
675
700
1556
664
295
294
275
820
1250
672
1223
295
1261
822
265
1257
666
1537
275
1264
1552
814
1267
671
289
1222
1547
1263
295
849
898
1251
821
682
1549
898
298
682
297
668
655
1251
689
840
898
1261
677
297
661
1654
1546
296
701
813
722
723
898
297
677
898
889
268
678
722
297
296
722
898
1542
898
1262
682
648
1238
1265
898
294
296
677
292
678
671
1224
1251
295
1218
722
1251
295
700
723
722
290
700
682
722
722
291
1257
885
673
1250
296
683
870
671
1539
1267
898
701
1250
689
822
800
296
290
898
658
679
898
858
664
821
825
1255
294
898
681
899
1266
1533
295
1263
662
688
791
295
899
1257
272
293
863
1258
2594
898
1258
294
296
668
692
898
836
1221
294
266
804
674
899
722
723
1260
295
1264
842
294
814
295
2594
898
696
839
1254
698
295
1254
1509
1248
672
276
872
1258
797
1224
675
678
899
671
667
670
283
1223
793
842
898
689
1634
275
1255
671
852
296
860
1252
295
293
1263
836
669
684
898
1531
679
898
296
696
295
675
722
677
1536
898
898
1234
701
841
280
677
1244
675
898
1250
1532
2595
899
292
670
820
290
817
677
663
263
1266
817
702
290
898
1263
1610
293
662
1258
1552
1214
803
799
243
1258
697
1218
1251
883
677
280
1250
666
682
284
296
295
1256
663
296
1533
1222
723
294
680
280
296
668
1251
722
663
294
1251
898
665
1263
1258
722
291
295
682
1540
847
1265
722
293
296
682
661
802
1535
1261
297
668
296
283
285
286
684
851
287
296
1264
658
1265
663
899
297
294
1250
297
294
292
1539
1530
683
297
294
1551
723
898
899
898
674
799
898
1536
664
290
1260
678
841
700
2592
669
273
678
662
1200
294
682
297
1264
861
811
663
296
866
1538
670
793
1256
801
1250
295
254
898
295
277
834
1543
274
898
824
296
295
662
1251
293
1257
1260
1258
294
294
294
722
722
1259
680
677
1533
899
674
661
1531
296
1539
1508
294
898
1539
1218
659
293
699
1221
297
1261
1539
1633
724
293
1942
293
679
796
258
1251
1260
704
666
1268
664
1261
1531
296
296
899
1538
1538
697
664
662
796
296
1259
672
294
1639
840
722
678
680
705
670
693
1218
1526
263
664
686
899
1265
296
723
879
1258
817
883
722
294
1254
297
674
265
297
687
1269
898
1550
819
297
1529
1250
260
1545
289
723
899
697
1250
1554
817
1258
672
898
1535
677
297
663
677
263
1541
296
844
789
792
794
294
295
663
1266
296
722
898
700
1261
296
294
266
680
663
296
722
294
294
293
1528
863
667
683
678
297
295
294
275
1255
804
1523
1252
840
667
1536
1225
683
786
1251
295
825
830
1250
258
676
701
1259
1265
294
1537
898
1549
673
704
658
296
1250
722
2006
683
294
683
295
816
724
861
898
1241
677
1250
295
1493
294
1250
296
806
679
682
294
1260
1260
664
898
1538
296
1264
898
294
1250
266
690
697
1250
294
691
676
671
1266
657
282
722
872
662
1252
294
293
295
295
683
1258
1247
899
670
294
295
282
672
722
789
245
1266
665
294
1550
1553
1540
1550
680
1535
661
680
269
694
701
260
673
898
1528
899
673
698
1251
291
1250
1520
702
266
276
262
783
687
295
1250
296
898
298
823
686
292
1250
295
683
666
1219
1537
1549
1257
723
1514
268
820
674
657
832
677
690
1257
1222
680
296
674
1220
1533
1943
674
662
898
809
675
1545
678
294
276
722
293
271
295
898
2710
663
899
268
1250
829
898
699
1251
811
295
669
667
296
697
677
265
258
293
683
670
678
1262
701
1250
675
683
295
899
293
662
274
1527
676
791
295
661
296
684
295
295
723
1250
795
672
675
898
291
722
1265
1251
1539
295
898
840
835
854
294
1239
1261
1780
663
672
294
295
795
1218
1531
293
295
723
660
700
1257
1250
295
1537
294
676
704
294
297
294
294
1261
1264
847
671
675
723
1630
1251
1251
695
297
678
294
795
1535
1253
676
1244
680
722
663
1542
805
816
899
722
262
293
271
821
1265
1263
1218
722
682
690
898
1264
295
293
813
295
267
851
1534
1251
1255
867
683
294
831
297
806
1546
1265
722
1264
293
678
1251
294
258
673
294
1509
665
678
1262
295
2594
707
293
295
856
683
788
1250
294
1249
1250
867
281
261
698
1255
267
809
723
279
1539
1247
899
899
1542
1261
1265
722
294
271
701
679
1774
898
297
651
1257
699
899
1252
672
899
1251
1249
667
293
291
295
1944
702
722
2592
1919
1252
1534
898
678
294
898
296
722
1258
1251
679
298
722
1530
294
296
1258
674
1256
824
1260
296
253
297
1251
294
1264
295
660
291
1548
682
665
1238
275
783
787
1218
682
703
295
1264
680
694
680
722
866
1250
723
863
673
674
830
683
828
1220
294
680
264
1253
701
293
832
699
1266
853
1256
1533
672
1529
1534
666
295
1252
293
898
722
297
898
686
698
1527
673
278
680
700
898
842
1246
1252
1263
678
1251
1225
658
792
667
2595
679
682
291
295
295
263
693
294
1251
669
672
1538
796
295
1257
663
294
663
267
687
698
297
898
675
814
1264
1256
297
295
1264
678
650
673
898
898
898
2594
722
828
1554
1251
1538
1538
1654
805
702
1540
722
799
722
798
722
295
698
677
1654
722
1537
1538
1250
722
1539
2590
1657
697
696
722
723
1655
2593
2744
1551
1541
1657
670
899
898
1547
1653
722
722
702
1530
1547
1554
722
899
1251
899
722
701
1543
722
1548
1262
1653
1539
1265
2003
1545
1259
722
1250
1508
1262
722
702
1552
701
1549
1655
1554
1250
1250
1551
1543
1251
722
1547
1250
1254
722
1509
1254
701
1508
703
899
666
722
1553
693
722
1548
1548
898
722
1250
1536
1252
2003
1509
670
823
663
1553
1538
701
855
1250
1251
803
722
2593
722
1250
898
722
803
295
722
698
1545
1534
722
1251
722
1543
2595
294
898
722
1264
1547
723
670
703
830
703
722
1251
701
899
722
898
1250
722
1551
1553
1268
722
820
1548
295
815
804
1554
700
825
1550
898
898
1251
722
704
796
722
1544
826
722
1252
1655
1550
722
899
804
796
722
1550
2596
1267
1533
899
1541
863
1264
899
1536
722
1252
804
1538
2003
701
826
722
1547
722
722
722
1554
1251
722
722
722
1536
821
1250
722
801
1263
1252
1548
1265
1254
701
807
1251
1543
2004
1250
1240
1557
1250
1256
1547
1548
2742
1250
722
1517
832
723
1252
1546
826
1654
1656
801
2003
698
722
1507
722
723
899
1555
704
723
1252
1252
797
722
1252
723
868
898
1251
1244
722
1539
722
1548
1253
1555
802
700
700
1656
701
899
820
899
1555
1251
1244
1251
702
1546
1655
722
1547
887
797
1537
722
1250
1657
722
704
698
1538
1548
898
1251
812
722
701
701
1249
722
722
295
1555
899
1251
1656
2741
723
898
701
702
1536
1528
1552
882
1554
898
722
1250
1541
1545
1249
722
1263
804
850
722
1551
899
723
1550
898
899
701
1260
702
295
1254
722
1549
295
295
670
1538
1250
1251
1547
3266
1546
704
722
899
702
1251
701
1544
1539
1541
1254
1551
703
722
722
722
805
722
1538
1539
2004
722
1553
1251
703
1553
722
1257
701
867
1544
885
722
1253
899
1218
702
666
1544
1251
1656
1523
295
666
1250
1552
1549
826
698
1540
701
2006
670
2599
701
1251
722
2005
1540
1253
295
1542
1536
1551
1943
796
1251
1547
722
1535
1541
1548
1656
722
1244
703
701
899
898
1944
1252
1550
723
722
860
701
1538
1511
722
722
2003
722
1251
1655
1551
1251
701
1545
1250
1539
824
1250
1547
1250
1542
722
1538
2004
722
1541
1783
1250
1539
1657
1553
1251
825
1538
1531
1254
1538
1552
1552
2743
1542
723
704
2005
799
1250
1538
1265
834
1539
1539
722
898
1652
1554
695
722
2594
722
898
1252
722
1251
1250
1262
663
1251
703
722
1252
805
722
722
1254
1547
677
1514
822
1252
703
722
1250
1538
1656
1252
722
2742
855
722
1252
666
1251
1549
722
1247
1551
722
1539
795
826
1545
723
722
695
702
898
1258
2744
722
1548
885
722
722
1250
722
1652
722
1545
1532
1251
1540
722
899
1551
1254
1248
802
722
722
722
722
1550
824
1218
1250
722
1933
722
699
722
1252
799
900
1538
1251
722
1252
1250
702
1251
1542
722
898
1264
837
722
1250
898
898
700
722
1536
702
1258
1548
1251
806
294
861
823
694
723
699
1654
1553
898
722
295
898
722
899
803
1657
722
899
722
1538
2594
722
1268
795
828
700
1518
722
1254
1251
698
1548
1538
2747
722
663
2741
876
862
2466
898
1509
1658
1656
899
1553
703
799
1218
663
1542
666
1653
826
841
1541
795
1510
722
722
663
722
722
898
1549
722
1509
703
1653
864
2745
723
700
1552
2744
860
1251
701
722
722
1249
1252
722
2594
1266
673
704
858
722
1259
1250
682
1251
1943
881
1553
1536
1250
700
722
1250
722
1252
899
1237
1551
1553
899
898
1254
1539
1545
832
1542
898
806
722
1552
898
722
801
816
295
1253
705
862
1251
882
899
704
1551
722
295
703
1544
702
722
1538
1250
703
1654
296
722
294
1258
1547
699
1551
847
1553
1265
702
722
703
722
669
1536
1531
2003
722
1251
836
722
722
684
1251
1551
1550
1548
722
2742
2600
898
834
1655
722
1266
1251
722
702
900
722
722
295
703
703
1546
1251
898
1556
1657
702
1265
1251
1501
2005
1547
1538
695
704
701
832
828
1251
802
830
844
294
1251
707
722
1261
1250
722
1252
1550
722
722
1538
1262
695
722
1250
1518
1250
1548
1544
1551
898
722
1551
806
722
1250
1218
1550
806
722
722
722
705
1511
722
722
1251
1549
1538
1250
1552
1550
1538
2003
722
801
1548
1250
799
855
1654
1550
1530
1540
701
1655
665
1542
1534
803
1250
898
722
670
1655
1516
1261
1551
1254
1251
1254
1554
699
2006
1262
1548
1549
1495
1250
673
722
1509
1264
723
697
859
1539
722
1547
898
1799
722
899
1251
795
699
898
722
1535
702
1520
898
1551
899
701
1654
1250
722
274
801
722
2594
899
1510
702
295
1262
1251
295
1544
722
1538
1549
898
1251
2007
295
723
1538
697
1656
899
1652
1548
722
722
1264
899
1251
676
899
1251
722
723
898
1531
834
1552
1258
1553
722
722
698
1942
1543
1540
898
1253
722
1550
1553
898
1252
2741
1536
1250
1250
294
703
820
1532
1535
799
1251
830
899
722
1657
1551
1538
722
1656
1542
722
701
1548
1252
722
837
1555
1250
1538
1654
698
2743
1656
701
722
677
1547
898
670
801
696
1533
722
1506
1237
801
700
722
899
861
722
655
1552
792
1553
1541
295
722
1260
1549
703
701
1538
1655
898
1554
701
702
1552
855
722
1541
722
702
1543
1251
722
1264
1251
1250
699
796
799
898
831
1547
722
295
1519
1250
816
1545
886
722
723
1255
722
1509
832
722
722
799
701
2003
702
1548
1250
1251
1252
722
722
1238
1539
722
1260
2586
704
722
1656
899
798
722
1654
703
1250
722
1548
698
704
1252
898
723
722
701
1529
722
1550
1251
701
1551
697
1515
898
1507
1551
722
722
899
1968
722
722
722
1250
295
1253
898
1551
670
1524
1547
722
1549
704
879
663
1506
855
722
1531
1250
699
1510
898
1549
1250
1550
2006
722
1547
722
1547
722
1252
1254
1657
722
1550
722
1554
810
1656
1539
2596
841
1538
1552
1548
702
673
1250
1542
1539
1547
703
1250
296
1548
702
1250
1545
698
722
1541
1223
1549
862
1252
796
898
1536
1549
898
1538
804
722
702
722
1654
1525
722
1252
1553
1254
796
1250
1251
1655
1251
1540
1252
1544
703
1252
701
898
1555
722
723
1252
704
899
1549
272
700
1553
898
1251
1549
1542
687
1252
702
722
1250
1250
722
1555
898
898
295
699
1655
723
703
1250
1510
702
898
702
798
722
1943
722
1509
1539
1251
1250
704
861
806
1251
1658
722
722
1252
722
799
722
886
1251
702
699
698
1657
1218
1250
899
806
1200
1657
1251
797
1258
704
1251
804
800
1251
703
1508
1251
1509
1539
663
722
704
1548
1655
802
1552
702
1258
1259
1549
1549
1264
2023
722
722
898
1540
1511
899
886
722
702
2595
700
703
899
703
1539
723
821
722
2008
666
1556
1553
1250
1253
1538
298
722
1554
723
722
823
835
722
1542
722
1552
1546
722
2742
899
703
702
1546
829
722
1251
723
722
666
722
1554
666
899
1250
818
1491
1544
1535
1531
798
700
722
670
1264
1257
1264
1255
1544
1540
1655
802
1218
722
722
829
899
1252
1251
722
1511
1630
294
898
722
1530
1547
2003
899
722
1509
1252
722
898
723
1252
722
722
701
1555
1657
1647
1539
2005
2585
899
898
1260
898
722
2742
722
1509
898
2742
1251
722
898
669
825
723
702
1252
701
723
669
1552
796
805
702
1254
697
899
2585
899
1655
2005
1541
898
1261
1508
722
1251
1251
1543
1539
1539
848
2006
1656
1254
826
1655
702
795
722
883
702
1551
1264
1556
722
1251
1220
899
722
683
898
1251
1551
722
722
722
1251
898
722
722
667
1545
2743
1251
1252
1548
722
826
1254
898
722
701
1656
702
1250
1251
722
899
1250
1251
1554
699
683
1555
1531
700
1251
2597
1262
830
722
2742
722
1548
1547
1532
722
899
1550
1252
701
899
797
1657
1550
826
722
701
722
296
1263
1258
1250
1539
1548
722
722
899
1546
722
1259
703
898
1258
1509
1265
1657
1527
1539
1251
722
1256
1250
701
295
1546
704
722
722
1536
706
1549
1546
1258
1250
722
1251
821
1554
702
1545
898
723
898
1250
722
899
722
1546
296
722
2745
1250
701
722
1262
1250
722
1658
1251
1540
722
722
807
1538
722
2600
899
1250
1251
831
1657
722
1218
722
722
1933
1654
1251
702
1547
699
898
701
1250
1657
804
722
722
1240
723
1252
807
2596
722
1997
1925
701
703
1548
722
722
1526
1550
722
1540
722
701
722
1654
797
722
1524
722
722
700
899
294
295
722
1548
1251
826
1538
295
723
1556
722
898
1544
722
722
1251
1538
1551
722
828
722
1543
722
1538
699
701
2743
898
1536
1549
1508
722
722
1534
1546
818
810
1549
800
722
1252
899
722
722
700
898
1539
680
1264
722
1551
1538
722
722
1253
1942
1254
899
295
1250
1254
722
722
722
1545
703
1264
1528
699
1509
1267
1549
702
798
1254
670
898
722
702
1544
1262
722
722
860
1553
295
673
1554
1552
722
722
898
1548
898
1551
826
1265
871
1251
1251
723
704
722
804
699
722
1556
696
1531
722
1507
701
1553
819
1258
722
703
722
722
722
1554
722
1535
1254
898
723
1251
701
1655
1655
1547
1251
1540
1654
1262
1509
1544
1656
704
1218
699
1251
723
1551
1540
702
701
701
1553
722
859
722
295
701
722
1546
669
722
295
669
722
1548
722
722
1250
288
799
830
722
1534
1251
722
722
1553
1254
1265
1250
1539
1654
1540
722
798
1939
1657
2743
898
850
798
1539
1539
1251
1555
1547
722
828
722
723
1252
1251
722
898
1554
899
722
1553
722
809
722
826
722
799
722
899
701
898
2005
1225
1548
1250
722
1539
898
722
1538
1654
797
722
898
722
1251
1655
1538
1548
898
722
1250
722
722
899
702
899
1652
1545
704
1246
1250
702
1251
722
691
697
701
701
722
1538
1548
1539
1552
2597
899
2005
1251
898
670
2741
722
1251
722
722
1940
722
722
722
2596
2742
1534
1251
1547
1656
722
723
722
1251
701
1251
2743
1548
1551
1549
898
887
1536
1552
696
1543
1253
1251
669
799
1548
1250
1656
1547
1250
1554
1509
798
1250
1539
1538
722
723
722
2006
1536
295
799
722
701
1553
704
1251
670
799
1656
2740
702
2599
1547
701
1250
1654
899
1546
1264
898
1251
1534
1538
1547
696
1548
1251
722
1550
295
1254
722
1629
1546
1546
295
696
701
898
1550
1507
1538
799
1941
1553
1656
1538
1657
1654
722
898
282
802
722
1251
722
1548
673
1543
1548
1250
722
1556
2741
702
1261
722
704
722
1261
1548
704
898
2003
696
722
723
1548
856
1253
1250
701
698
1548
722
1259
2007
1250
1534
899
702
722
898
1549
1539
1250
1250
1552
1549
1261
1657
1655
1552
1551
1538
1251
1251
1547
1259
1656
1538
1550
898
898
899
1250
898
1655
898
1555
1658
1550
1250
1529
899
1554
1539
1250
1553
1655
1553
1518
1533
294
1553
1252
1251
1538
899
1550
1654
673
1546
1549
898
1655
1529
1556
1250
1547
1540
1250
723
1252
1554
1544
799
899
898
898
1547
1549
1538
795
1251
1250
1250
1251
1181
1546
1656
1252
1250
1250
1548
1655
1254
1656
899
1550
1250
1552
1656
1548
1251
1656
898
1655
670
1260
1654
1657
1252
295
1259
1544
899
295
1537
1539
898
1539
1251
1252
1254
1655
1548
1525
723
899
295
704
1555
1250
899
1251
1655
695
1552
1254
1942
1548
1655
1254
1656
1790
862
1251
1655
1259
1264
673
899
1250
1251
1554
1546
1657
1554
1250
1560
1251
1539
899
1252
1265
898
2740
1257
1251
899
1250
1549
1267
1251
1543
1657
1655
1654
1656
1534
1525
1252
1250
1515
1549
1260
1657
1538
1656
1547
898
1658
1655
898
1250
1251
899
1541
1656
898
2745
1658
1250
1253
1553
683
1250
1247
1250
899
898
1241
1538
1547
1552
1519
1550
1251
1655
1258
1531
899
1251
1251
898
899
1657
1548
899
1554
1547
1657
1549
1266
898
899
1251
1548
1538
1251
1254
1554
1553
1532
1554
1528
898
1549
1541
1555
1552
1657
295
1657
1657
1538
1537
1251
898
1554
1249
1254
899
1251
898
1544
1654
899
1557
1538
1546
898
1246
1547
1251
1539
1251
696
2594
898
1555
1553
899
1547
1255
899
1254
1657
1551
1528
670
1655
1657
666
1251
1546
899
1656
1657
898
1261
1252
1209
1265
1526
1550
1547
1251
899
670
1251
1252
1658
1533
1250
1251
1657
1657
1547
1544
1250
1548
899
899
1251
1266
1657
1552
1655
1253
1250
1538
1541
1538
295
1250
1657
1251
1253
1538
1656
1252
1250
1658
1250
1254
1550
1544
1250
1554
1554
798
1538
1549
1264
1543
899
1537
1551
670
1550
1250
898
1216
1251
722
1654
722
1538
1250
295
1553
1250
1250
806
1655
1549
899
899
1657
1261
1655
1657
1550
1548
1260
1251
1539
1653
1548
1539
1538
1247
1547
1251
1220
1657
899
1554
1265
1251
1548
1251
830
1551
1538
1251
1531
1654
1549
1541
1543
1534
1655
1252
1536
1250
899
1253
898
1657
1547
1550
1251
1252
1549
1267
1539
1251
1552
1550
1251
666
899
1657
1251
899
1655
1250
1550
1254
723
1548
1541
1250
1546
1259
705
1547
1548
1251
1657
898
1654
295
1942
1263
1548
1538
1555
1654
1656
1250
1549
1549
1658
1547
1551
1538
1251
1539
1491
722
1254
1253
1265
1251
1250
1546
670
1252
1655
1655
1251
1250
1548
1538
899
898
898
1657
1251
1264
1250
1251
1544
1657
1546
1657
1656
1522
1263
1251
1239
1545
1248
1257
1252
1553
1239
899
1545
1250
898
1262
1249
1553
1550
699
1553
1654
1655
1253
1656
1539
898
1655
899
1537
849
1554
1251
1536
1656
1655
1657
1242
2003
898
1553
295
899
1556
1547
899
1546
1548
899
1539
1250
1543
1539
1251
1250
820
1655
1250
1250
1547
1250
1251
1250
1656
1544
1268
1538
898
1657
1544
295
1549
1250
1260
1655
295
1256
1262
1532
1655
899
1550
1551
1530
1218
1258
1549
1658
1543
1548
1263
1251
1245
1655
1658
1543
1530
1251
1656
295
1553
1554
1252
1547
1539
1537
1658
1252
1549
1655
899
899
670
1544
1250
1533
1259
696
295
1251
1538
662
1252
1251
1252
1252
1657
899
899
1538
1655
1655
1538
1555
1252
295
1532
1535
1254
670
1517
1544
1266
703
1541
1251
899
899
1553
1231
1538
899
1557
1251
1553
1251
1243
1656
1547
1541
1547
1262
1255
1548
1548
1252
1658
1262
1658
1251
1550
1546
795
297
1254
1251
1541
1657
1250
1264
1533
899
1251
1553
1655
1655
1250
1657
1658
1538
1547
898
1252
1549
1541
1550
1253
898
1656
1250
1251
1655
670
1542
1250
1543
1544
1252
1657
295
1655
1535
1552
1548
899
1250
1551
1654
1251
2005
1263
1251
1250
295
1246
1654
1251
1533
722
898
1655
898
802
1537
1252
1552
1656
1251
1534
1543
898
1655
1655
1655
723
1550
1539
1656
1551
723
1250
1538
1554
1535
899
1251
1218
1262
1654
898
1551
1654
899
1658
899
1251
1554
898
2005
899
1548
1251
1537
1260
700
1554
1548
1258
1552
1250
1545
899
1654
1542
899
1550
1655
1251
1656
1541
1549
899
898
1250
898
1253
1534
1250
1538
1250
899
1250
1544
1550
1250
1250
1544
1539
898
1655
1266
1543
1654
1657
1545
1226
1655
1533
1552
1655
1543
1235
1250
1654
1657
898
1655
295
1549
1251
899
1263
1552
1251
1656
1547
1250
1218
696
1551
1251
1538
1655
1259
827
1538
1250
1542
1547
1654
1943
898
1656
1543
2743
899
1264
1554
898
1545
898
1554
1253
1656
1546
1543
1251
898
1250
1250
1546
899
1251
1549
1657
797
1549
1542
1539
1518
1555
1250
1544
1655
1539
899
1550
1549
1655
1550
899
1538
1658
1548
1542
2007
1240
899
1539
723
1538
1548
1252
1250
1656
898
1528
1552
1262
1556
670
1534
1538
1251
1538
898
899
1252
1657
1252
1252
1538
1261
1251
1250
690
1524
899
1252
1656
1251
2003
1252
1656
1657
899
1547
1546
1251
1536
1553
899
1250
899
1655
1657
1549
295
1656
1251
1541
723
898
1252
1250
723
1657
1657
723
1265
1541
898
1250
1251
703
1255
898
663
898
1656
898
1539
1656
1546
1253
723
1547
663
1548
1540
1655
1533
1250
1523
1264
899
1218
1538
1264
1655
1251
1538
1548
1551
1655
1657
1250
1555
723
1251
1550
1223
1251
898
1257
1541
1555
1535
1250
1545
898
1547
899
898
1656
898
1554
1655
1525
1254
1251
2742
1656
1657
1658
1536
723
1539
1260
1250
898
1264
1253
1257
1254
1255
1654
1543
899
1544
1251
1536
1538
1534
295
1548
1551
1250
1655
1549
1656
1538
1251
1251
1251
899
1655
1252
1657
1552
1251
1655
1538
898
1252
898
1540
1254
1250
1250
1251
1658
1223
1657
1656
1548
1539
1548
1545
1657
1251
1539
1250
670
1657
1549
1251
1251
1543
1653
723
1251
1252
898
1553
1250
899
1250
1548
1250
1655
1549
1542
1539
1251
1655
1250
2594
1520
1257
1544
1539
1251
1249
1264
1545
1545
1553
1657
1554
899
898
1547
899
1522
1252
898
898
899
1550
899
898
1253
1656
1547
723
295
1236
1538
1251
1539
1250
1656
692
1250
1539
1251
1658
1548
1655
898
1538
899
899
1251
2742
898
1265
898
1250
1251
1654
1538
899
2596
1552
1538
1253
898
1528
899
1257
1543
899
1538
1656
1538
1545
899
1657
1551
1544
275
1265
705
1658
1656
1230
1250
723
1540
1551
1265
