265
1267
265
195
921
1252
832
1169
262
182
653
1267
800
898
208
1256
243
653
155
153
848
684
1528
898
273
242
1258
1261
276
274
191
199
898
1241
206
287
898
670
282
244
286
722
1239
190
855
286
1276
655
786
249
205
898
1284
819
288
1476
722
261
687
699
798
280
228
1258
291
286
1265
687
278
823
722
907
695
722
920
286
273
293
791
790
898
671
899
923
663
800
1501
788
1266
263
293
1213
286
281
1551
779
723
898
1214
698
674
280
923
916
898
658
242
898
722
288
292
708
898
1224
692
243
665
722
1269
1539
809
850
287
791
650
898
697
700
797
880
294
690
789
898
1251
898
1545
1262
921
1260
1899
276
898
683
723
690
659
898
1535
898
293
722
829
727
251
698
291
286
693
799
865
1250
673
899
1252
296
1253
283
1510
787
852
2516
242
865
722
1540
1258
2007
1246
1535
664
1532
831
722
899
1544
722
695
722
838
670
701
693
1531
279
1539
898
722
1262
1224
2004
247
722
899
1263
290
920
1776
292
684
1226
722
272
296
292
1223
819
722
296
700
899
722
1541
1258
694
291
295
1266
1214
1552
676
681
876
691
722
1250
296
684
723
722
803
296
287
924
671
898
675
296
294
899
1535
291
825
1263
680
683
836
690
895
1535
722
1549
1265
722
898
815
1251
1241
1266
295
722
292
270
708
276
1250
1534
816
722
1530
722
654
1250
722
664
722
295
699
1655
292
898
722
918
1510
877
795
681
1211
1218
669
899
1262
722
879
1533
1224
1264
290
916
295
798
1529
295
294
295
276
1653
1259
685
1262
898
918
1224
899
1780
692
898
1939
1257
683
295
722
1548
722
723
813
683
722
285
899
705
1543
829
825
649
722
1218
1265
296
668
1653
1250
722
1252
1255
856
3266
1218
1533
1250
1257
1255
2594
702
1257
2002
1789
815
722
296
723
1252
1517
2597
3266
296
723
1537
1218
294
683
877
295
296
294
295
845
876
1536
846
1260
3266
292
1264
1266
722
722
1940
1551
722
1535
842
722
678
2007
2007
1266
723
899
295
864
1529
2008
722
2739
1542
723
281
683
697
296
296
916
1782
1265
2521
1263
1224
722
1252
1251
668
1251
722
1264
1269
1226
871
722
703
687
798
803
1251
1223
847
796
882
722
800
1260
1528
722
293
296
885
702
689
1544
722
723
723
723
656
722
887
295
2004
686
664
3266
1535
837
295
1219
1530
1538
1252
690
916
722
1264
857
682
1541
723
722
723
1538
294
879
898
723
687
685
886
723
3267
1264
297
898
898
3266
797
296
1250
705
799
3266
865
1256
722
722
898
722
2741
722
1254
722
657
2006
862
899
296
1553
899
297
722
722
297
813
722
3266
898
723
1259
870
899
683
1538
298
3266
899
3266
296
898
662
296
867
294
660
2744
826
898
298
899
1259
1226
1534
696
1267
723
722
2005
1536
722
3267
703
3267
722
3266
296
2007
876
3266
2006
723
1260
702
295
659
722
1268
295
1499
3266
1268
3266
723
872
296
3267
1218
3266
722
297
3266
294
688
837
295
3266
2499
801
1535
722
1509
1940
1530
1531
1224
2744
723
297
2592
723
875
3267
2004
828
863
2003
3266
3266
1781
3266
3266
3266
899
2003
288
2007
723
2470
2594
722
703
2004
2592
722
800
2005
2004
2004
1782
722
898
868
1527
2003
1225
2005
848
845
2595
899
898
2006
1251
2592
722
3266
723
3266
798
3266
837
1257
294
918
899
1512
1261
296
723
2004
1244
683
1656
868
2003
3266
1549
899
1533
722
853
1537
1783
899
2005
798
660
1932
1779
2500
1262
1265
657
3266
801
723
801
886
899
1942
296
669
2022
1535
1545
3267
3266
295
1257
3266
722
3266
3266
3266
295
1258
2003
850
1251
2005
1259
2744
2496
722
899
1268
1252
3266
723
1535
2006
1536
798
722
295
297
3266
1942
688
849
1226
797
1263
3266
722
3266
864
3266
798
798
1251
1256
1240
2591
2003
1260
1506
3266
3154
798
660
1224
3266
3267
1779
1261
797
870
2745
722
3267
851
723
1780
297
722
3266
664
868
899
2593
1224
2707
722
822
297
1218
2003
2227
2003
899
898
296
3266
2595
1264
1543
1540
1940
703
723
3266
296
3266
3266
3266
1250
723
722
3266
3266
297
3266
295
1263
2004
2762
1265
899
3267
2005
2006
3266
899
802
2006
899
1260
297
701
918
1773
1218
898
899
3267
1547
3266
3266
723
899
295
296
3266
657
1258
879
795
868
722
294
1256
3266
1265
1263
2742
919
885
2596
1269
3266
702
1218
842
294
722
1259
3266
1257
881
868
898
1264
2595
1527
2005
296
1654
2004
1540
898
1550
2594
1263
1527
722
1223
2007
723
898
1537
2006
2745
1780
3267
3266
2591
1223
656
1218
3266
846
884
1552
723
1958
723
1656
3266
722
1528
722
723
1510
295
2003
858
840
2004
3266
898
3267
2592
1525
2003
1257
2006
1221
2005
785
898
2026
2003
1251
2004
2007
882
295
921
1262
3266
1251
884
1529
2003
3266
2592
667
2004
2594
881
2566
3266
294
722
1259
2004
1263
1529
1529
722
3266
899
1531
871
2742
3266
3266
723
1218
863
297
885
3267
2744
294
723
3267
1538
3266
723
722
679
1942
702
921
833
3267
824
702
870
1226
2742
722
723
829
1547
3266
1262
1498
884
1945
3267
660
262
887
294
723
1240
2007
898
1223
3267
3266
722
3267
668
722
723
899
1223
872
1261
898
1541
1944
1250
1218
835
1260
2741
3267
3266
3266
703
845
898
1550
1250
1944
723
1265
923
703
1784
825
722
827
1781
899
1551
722
722
898
1542
1261
723
722
3267
2594
1224
806
704
722
1538
3266
882
3266
1492
3266
3267
2005
722
2595
3266
2744
879
803
2227
1530
3266
3267
1218
295
295
723
2994
2005
1264
899
723
2007
660
2745
2003
2005
2593
2594
1264
3266
3266
860
2744
3266
722
723
873
722
1519
723
294
899
1536
2740
1259
722
828
2003
2005
2005
2003
722
884
879
704
722
3266
2227
2591
899
2003
722
3266
855
722
898
272
856
2003
1218
916
722
1491
693
702
1251
2004
1250
3267
1260
2006
872
922
1267
3266
3266
899
1530
899
1225
2590
3266
2003
3267
722
3266
3267
3119
1257
656
703
1783
723
702
704
723
3267
899
687
1250
2759
3266
3266
295
3267
1258
1257
1250
3266
3267
899
1942
2003
1250
1645
899
872
899
869
2226
288
2429
2007
1226
2745
2591
2003
899
3266
1257
2009
3266
294
3266
1532
3266
899
656
3266
1251
825
295
722
832
3266
291
1257
1261
724
656
1253
1509
1540
722
3266
295
722
723
1226
2592
3266
1555
700
1553
868
3266
3267
722
1541
1511
1260
1656
295
723
297
2590
1507
2004
863
1259
2005
2004
1218
1252
801
3266
296
723
722
830
2004
722
1224
3266
3266
1654
3266
723
2005
1783
1258
723
3266
722
1250
798
3266
3267
3266
3266
3267
885
1508
3267
1781
660
1535
1539
1782
808
2007
3266
1252
1250
3266
2740
798
1535
898
1226
899
1781
1223
722
2827
656
722
2740
899
2744
1657
296
296
297
2006
294
295
296
296
294
297
297
297
295
294
295
296
281
295
656
295
296
297
298
298
296
295
297
868
2592
296
296
1259
296
298
298
295
297
296
297
296
295
296
296
296
295
298
1543
295
296
295
1654
297
296
296
296
296
295
295
297
296
295
296
1657
296
296
295
295
295
294
296
722
296
296
1554
296
297
296
297
297
295
656
295
1262
296
296
294
297
295
298
296
863
296
297
295
295
295
296
298
296
295
294
295
2007
297
722
295
295
297
1656
296
295
296
295
296
1260
294
297
296
295
296
295
295
294
1657
723
296
295
296
295
296
297
295
297
296
295
296
295
296
296
296
297
295
296
296
1783
1654
295
296
1654
298
296
295
296
295
1655
295
296
295
1218
295
296
296
1539
296
295
295
296
295
295
295
296
295
296
295
295
296
294
295
295
295
1656
297
1250
297
296
296
1535
295
298
297
295
297
295
296
296
842
295
660
297
295
295
297
295
296
296
294
297
296
295
1250
296
295
1656
295
1657
296
295
294
295
298
295
295
295
296
899
295
295
295
899
295
295
296
297
295
295
296
1782
1781
296
296
296
294
1511
296
298
295
296
295
296
296
296
296
1532
295
1537
295
296
296
296
298
295
723
297
295
297
297
297
295
295
297
292
296
295
296
295
295
1218
295
298
296
296
1511
296
296
296
1256
297
294
722
296
1547
295
295
293
297
295
295
1784
296
295
296
295
295
295
296
295
1525
694
1657
296
802
295
296
295
295
295
899
296
297
294
297
295
297
297
296
298
292
295
295
295
297
295
722
296
296
722
1257
296
295
922
298
295
297
295
1656
297
296
296
296
295
723
1781
801
722
296
295
297
296
297
297
296
1653
295
295
295
296
296
297
295
297
1537
295
296
296
295
1251
298
295
1655
296
1657
847
723
295
296
722
296
295
296
295
297
296
294
296
1241
298
295
296
1656
1264
664
296
295
294
295
295
295
297
296
294
295
295
296
296
295
296
296
296
293
1780
1257
295
296
295
296
295
296
296
295
295
296
296
294
1654
723
296
295
294
722
1776
298
1785
870
293
296
296
295
295
1657
1656
295
296
295
298
297
295
298
295
1780
295
298
1654
295
296
297
296
296
295
1654
656
295
839
295
296
295
296
1653
297
295
872
295
295
295
296
296
295
295
1785
296
296
798
1548
294
296
295
296
295
295
296
296
295
296
296
898
295
295
296
296
2592
295
722
296
723
296
294
295
296
296
296
295
295
296
295
296
295
296
671
295
286
296
296
294
296
295
292
296
297
1252
1657
1654
295
722
296
1655
296
295
1224
295
294
293
296
296
296
296
295
296
296
295
291
1654
722
298
297
296
1257
295
295
296
295
297
296
295
294
298
296
295
296
295
295
296
704
295
297
297
296
296
294
297
295
295
296
290
296
296
296
296
295
295
1654
296
297
296
295
298
296
294
296
296
295
295
296
295
294
296
298
1657
296
295
296
295
295
868
295
295
722
296
296
297
1539
295
295
295
1655
297
722
1780
295
295
294
1532
297
297
295
296
296
298
296
296
296
297
296
295
295
295
298
297
296
295
297
295
1654
295
722
298
295
296
1549
295
296
296
296
296
296
294
295
296
295
297
296
295
1781
295
295
1780
295
295
297
295
296
297
295
295
295
298
294
294
296
294
296
298
1656
295
293
296
296
296
1223
296
1656
295
296
1655
296
295
1532
1535
1656
295
296
296
298
723
297
1782
1657
295
295
899
295
296
1655
296
295
295
298
298
296
297
1656
1781
296
295
296
295
846
295
295
295
295
723
296
296
297
802
295
1654
296
295
295
295
722
298
296
295
1653
295
296
298
657
295
295
295
296
297
296
296
1783
295
1783
295
295
298
1655
295
882
297
1657
297
898
295
296
296
295
292
298
296
296
898
295
296
1657
296
1540
296
295
296
296
298
868
298
295
800
296
917
296
2003
298
295
295
295
898
295
297
297
295
297
295
294
295
295
1251
294
296
292
1653
297
295
1780
297
1656
296
296
851
1656
295
1224
659
295
295
296
296
297
297
298
296
297
1783
290
1260
296
296
296
296
295
296
294
1653
294
296
296
1656
297
296
296
295
1785
296
295
294
296
801
295
297
296
295
297
799
298
297
298
722
296
298
298
296
296
295
295
722
1261
723
1256
879
1266
1250
722
880
723
803
297
825
1530
1655
3266
878
1656
801
1508
1256
2742
920
801
1250
848
899
898
723
1783
3266
833
2744
1656
2004
1654
294
1531
1250
1507
2008
1250
899
722
800
2744
1224
660
2741
3266
1259
2744
2744
296
295
295
297
1657
298
295
296
1656
790
296
297
296
294
298
1536
1534
296
298
296
1655
297
296
295
295
296
295
1657
873
796
296
1655
295
297
723
295
1654
295
297
888
798
1518
1656
295
869
295
295
296
298
1783
296
295
723
297
295
1256
656
295
295
296
295
296
1656
722
1783
830
294
1656
296
295
876
295
295
1654
298
295
296
294
297
723
296
1785
297
296
297
296
295
297
296
295
297
1656
295
295
296
858
298
2006
296
296
295
297
296
296
296
295
296
295
295
298
1654
295
295
294
295
296
295
296
296
297
296
296
1657
294
295
296
295
297
671
297
295
296
296
296
297
1656
865
295
296
1784
298
296
295
1782
295
1654
296
1640
296
297
296
296
284
898
295
297
296
297
297
296
296
295
296
295
296
296
722
1655
1658
295
295
296
296
1656
296
296
296
296
295
295
295
296
295
1783
295
1539
294
295
656
295
296
296
295
296
295
298
1655
295
296
295
295
297
297
295
920
295
1655
295
295
296
295
296
296
296
295
295
1653
295
295
296
297
723
296
296
294
296
296
295
1780
297
798
296
298
295
296
296
295
294
297
296
295
1261
297
296
296
296
296
722
1538
899
921
295
1264
1655
298
703
295
295
296
296
294
723
1262
703
1218
1656
1250
2743
1263
899
2744
294
1544
1218
1540
662
3266
1259
830
3267
684
297
1658
298
297
2743
2744
899
2741
1226
723
898
3266
1260
1259
2741
722
1657
2741
655
1550
1256
2742
3266
298
295
294
1254
1529
295
295
295
296
296
297
294
296
296
296
296
295
294
296
296
295
295
294
295
297
298
295
297
295
1655
296
296
1782
295
296
295
297
722
298
298
298
293
297
295
1656
298
296
296
1656
298
296
1779
295
295
296
296
294
294
295
295
297
296
295
295
295
296
296
296
296
666
298
297
297
296
294
296
297
298
294
296
296
295
297
295
298
296
295
295
295
297
297
899
294
293
858
295
1781
295
295
297
295
898
296
296
296
296
295
295
297
297
295
295
295
295
296
295
297
296
295
296
295
297
295
296
296
899
1258
296
294
298
295
296
296
1655
296
1549
296
296
297
295
822
294
298
296
295
295
1264
295
1655
3266
295
296
1268
298
296
296
296
916
3266
3266
295
298
1784
295
295
295
1263
723
297
296
296
297
295
899
296
295
297
296
297
295
295
296
297
296
296
294
297
1940
295
298
296
296
899
295
1537
1656
295
292
296
296
296
293
294
295
297
1654
1941
294
3266
295
294
2512
899
296
296
297
296
295
297
296
296
298
296
297
295
295
296
296
296
1542
297
2742
1784
295
296
295
296
296
298
297
297
297
295
296
3266
296
296
294
295
1226
295
295
295
703
296
296
295
297
296
295
295
298
296
295
295
2008
899
297
298
1785
296
295
296
297
295
298
295
298
899
2468
292
3266
294
294
297
294
298
296
296
298
297
297
1535
296
296
1240
296
295
295
295
296
295
296
295
295
297
295
1654
295
296
295
295
294
295
296
294
295
294
297
295
295
294
295
298
296
296
298
295
297
298
296
297
295
295
296
296
295
1939
296
656
296
295
295
295
295
297
296
808
297
287
296
1935
295
297
296
296
295
295
296
297
295
295
1940
295
295
296
297
296
296
295
297
297
296
295
3267
295
295
3266
296
297
295
296
296
295
296
295
298
295
296
297
296
296
296
1218
296
800
295
296
296
295
295
1942
294
295
298
1653
295
296
1250
296
298
296
296
297
295
294
295
295
899
295
1654
295
298
296
297
294
295
296
296
1532
295
296
297
295
295
296
298
296
295
295
295
297
296
297
296
297
296
1549
297
295
298
298
294
297
295
295
2594
1657
295
296
298
1785
296
295
296
296
295
296
703
295
297
296
296
295
294
296
295
298
292
296
296
295
296
899
296
296
296
298
295
656
296
296
296
297
295
296
295
294
295
295
3266
297
296
899
294
295
3266
296
296
295
295
296
296
3266
295
296
1509
295
297
296
295
296
296
296
671
295
294
1780
296
296
1657
296
296
899
295
295
296
295
295
295
295
1507
296
3266
295
295
296
297
297
3266
296
296
296
296
297
296
1785
297
296
296
1507
295
296
296
296
899
296
296
296
297
295
296
656
292
295
295
295
1655
295
295
1262
296
297
1785
2007
296
296
296
296
296
2596
296
297
1510
297
296
297
292
296
295
296
295
295
899
295
2008
1534
296
295
297
296
297
297
296
296
297
294
2594
3266
899
297
1256
296
297
297
295
296
899
297
294
298
296
297
295
297
1656
295
295
296
2594
296
295
296
296
295
295
297
297
296
295
297
298
1656
1257
1218
811
898
1656
1526
1545
296
899
1655
656
1262
668
1224
1657
1656
1218
898
656
1783
1551
1657
294
1506
295
296
296
296
296
295
296
1262
295
297
296
296
296
295
295
296
3266
296
296
294
296
297
295
298
294
294
296
295
687
295
295
296
295
295
296
296
297
295
295
295
295
297
296
296
296
296
294
295
295
297
296
296
916
295
296
1655
295
1784
295
295
295
298
295
295
296
296
297
296
899
297
296
703
295
294
296
296
295
296
296
1544
296
297
295
298
296
295
297
1264
294
296
295
1250
295
295
1509
296
295
295
296
295
295
295
295
296
295
296
295
295
864
296
298
298
295
294
296
288
296
296
1250
296
1784
296
297
849
296
297
1251
296
295
295
298
295
295
297
295
2516
295
295
295
296
657
1782
295
297
282
3266
298
297
3266
295
294
291
297
723
296
3266
1785
295
2591
295
1533
295
705
296
295
295
295
296
1223
295
296
295
296
1533
296
295
295
3266
1225
1250
296
675
296
296
296
296
295
298
295
295
297
296
296
296
297
296
298
296
295
295
1259
296
295
1961
296
294
3266
805
297
296
295
296
295
298
295
295
295
295
296
295
294
296
297
296
296
298
295
296
296
296
295
294
295
295
296
296
296
296
296
296
3266
1655
2599
296
296
723
297
296
295
295
296
295
1655
295
295
3266
297
296
294
874
296
899
295
297
673
295
297
2591
296
295
295
296
296
297
296
297
296
296
295
298
295
898
296
295
297
2008
1250
295
296
1261
298
296
295
295
296
296
2738
297
296
295
296
296
2591
296
297
292
1535
296
1656
298
704
295
1785
298
295
296
295
2594
295
294
296
297
294
3266
296
3266
3266
1226
298
1260
295
295
2000
297
298
295
297
296
297
296
295
295
296
293
298
1650
295
294
295
296
295
295
296
294
296
297
297
295
3266
296
296
296
295
296
296
296
296
1941
295
1532
296
297
296
296
295
296
296
298
1783
1655
295
296
292
296
295
295
295
296
295
295
295
295
295
296
297
296
296
899
295
295
298
2740
295
296
297
295
295
1264
295
723
295
295
298
294
295
296
296
296
296
297
656
296
295
1784
1939
297
295
297
295
295
899
296
295
296
1782
1784
296
296
296
3266
296
294
295
2227
1783
922
297
1262
1941
296
296
295
296
295
298
296
701
295
296
295
297
295
1785
294
702
298
295
295
295
296
296
296
295
295
295
2594
296
295
294
295
295
296
295
294
899
295
298
295
295
295
899
723
296
295
295
297
296
294
295
269
295
1250
298
296
1545
295
298
296
295
295
1533
297
702
298
295
295
295
297
296
296
295
295
1532
296
294
1941
722
296
296
297
295
295
296
296
285
295
295
297
294
296
1784
296
295
295
297
296
295
296
704
296
3266
1785
298
296
723
3266
294
297
295
297
296
297
1262
295
295
293
297
297
296
296
296
295
296
1509
297
296
296
296
298
295
294
296
2740
297
296
296
295
294
295
296
295
918
294
295
1654
296
1784
297
899
295
297
298
295
2600
298
295
296
295
656
296
1530
296
296
2009
295
295
296
298
1538
296
295
295
297
295
3266
1533
296
295
295
296
295
295
298
295
295
1940
297
296
294
3267
1253
294
1545
1266
1251
1535
2004
2744
2745
825
1262
1261
822
2742
798
1654
2744
689
1547
1252
899
1655
899
1218
1655
1658
1655
918
1534
1657
899
1657
1656
1539
1654
2745
1654
899
899
898
1657
1251
898
1550
1263
1657
899
1543
1790
1655
1535
297
899
1528
1657
899
1530
665
1550
656
1654
1251
1541
1528
1657
1539
1548
1657
1218
1658
1529
2742
1261
2005
1260
1657
1657
697
723
1258
899
1657
899
1258
899
1251
1261
1223
1510
1657
1656
1250
899
1656
847
1657
1654
1658
295
291
296
1654
297
1532
297
296
295
296
296
291
899
686
1784
296
295
1651
296
899
656
296
296
2741
297
297
296
295
1518
1781
296
298
297
295
899
296
297
297
297
899
296
295
898
295
3154
296
297
295
295
296
294
1655
295
296
295
899
296
295
296
296
3266
295
899
297
295
295
295
297
296
295
295
296
295
723
295
296
293
295
889
826
701
1218
2744
1260
1259
656
1657
899
286
1550
1655
798
899
875
1218
1260
899
1265
2742
1250
1655
1264
1538
1262
1657
1656
2743
1534
1644
1656
899
1655
1648
294
899
1657
1533
899
295
1522
1509
1654
1656
1656
1657
2743
898
723
858
898
1655
1657
1656
1250
1655
1658
1226
1529
1655
2005
1647
1657
1225
2504
1250
1537
1655
1238
899
1544
899
1655
2003
671
798
1656
1657
1655
1657
295
1656
1251
1498
1658
899
1654
899
285
3266
1656
1510
2159
722
1656
1656
295
1652
899
723
1656
1223
845
1655
296
295
296
297
296
295
296
295
295
295
297
1538
295
295
695
298
298
297
1224
1528
294
295
295
296
2009
295
296
295
1654
1509
1518
723
1654
1656
1657
1225
899
1655
1529
1657
3266
1529
1251
1516
2003
898
1657
1538
1223
2740
1654
1264
1225
1658
1263
1656
1218
1545
899
899
1656
1655
698
295
1657
1652
295
1656
1218
1655
1654
1657
2005
1259
1657
1649
1219
899
1548
295
1654
899
1642
899
1654
1539
1225
898
1535
1223
1246
899
1655
822
1658
703
1651
700
1656
656
1656
1539
1657
899
722
1224
1551
899
656
899
1509
1251
898
1552
1656
899
1655
1657
1657
1654
899
1657
1262
1655
899
1655
703
1218
2740
1655
723
1537
1528
1250
293
1654
1261
899
1256
1655
899
1654
1255
1656
899
1654
899
1654
1654
656
1655
1548
1540
1655
899
1656
1656
1530
921
1260
899
2525
801
1257
1657
899
1656
695
1657
1657
1492
1239
1656
664
3266
897
1647
899
723
1654
899
1555
1655
899
3266
898
1655
790
1657
1658
1655
1657
1657
704
1656
1264
899
703
2741
899
1656
1655
899
1656
1655
2744
1261
1226
1655
1550
1655
1250
723
1537
899
1654
1657
1655
899
276
808
899
899
2739
1658
1654
1657
1657
294
2003
702
826
700
1655
898
899
295
2742
1658
2594
2003
723
1657
656
1654
1507
1655
898
1250
294
1250
703
1539
1656
722
294
1655
1657
1267
1658
1657
898
2006
1532
798
1657
1655
1655
1654
1251
899
675
1656
1257
1779
2741
1657
2742
1657
1251
1657
1542
833
1508
1257
3266
666
723
1656
1657
899
1654
1657
1257
1654
1657
1656
295
702
899
1555
1655
1261
297
723
899
1657
1655
1654
1655
898
899
899
2740
2744
1508
1225
1262
1540
2005
1218
1657
723
1250
1256
899
723
722
295
899
898
1655
899
1491
1651
1657
1655
1655
1654
2005
1656
898
1655
899
295
899
1506
660
1654
1652
1657
1654
1657
1656
1548
1263
899
899
1507
1658
1641
899
1555
1656
1656
899
1223
1498
807
723
1656
705
1656
1657
899
2742
899
899
1657
1547
798
1657
694
1655
1654
1654
1262
1657
2744
1655
296
1218
1655
296
1529
1654
1657
687
1655
1654
1534
298
1505
1656
2742
695
1265
1639
1657
899
1657
1545
1656
899
1551
899
1656
703
1654
1646
2740
2744
1657
1510
1658
1655
899
1654
1655
1656
1656
1525
1655
899
899
1264
1657
1654
899
2744
1655
2741
899
1251
1537
1658
1654
1656
899
1658
723
1654
1244
666
1250
1657
694
899
1657
723
1655
1655
870
1250
798
1655
1504
1534
899
1531
703
1546
1654
1218
899
1510
1656
723
2741
1656
2745
1658
1657
1257
1258
1510
1260
1658
702
668
1655
899
1654
1657
1655
294
2744
1534
2742
1261
1656
1655
1658
293
2592
1267
1656
1510
1657
1218
807
1654
1223
1647
1654
1655
1539
805
1655
1262
2744
294
1657
1536
1249
656
1251
1259
1654
696
1656
889
891
898
898
1496
1656
1656
295
1657
1656
2004
1528
1218
1264
2740
1782
1654
1527
1657
898
295
1655
1263
1657
1250
1223
1533
899
1655
1656
1656
722
1656
1657
1657
1654
1657
1657
2594
1538
1251
3266
296
2595
899
2003
3267
295
296
295
295
295
296
297
292
296
296
295
297
291
294
297
898
296
295
295
898
296
296
298
296
295
296
295
296
295
3266
800
295
295
295
296
296
3266
295
296
296
296
899
295
297
297
1218
298
295
296
296
296
297
298
298
296
295
296
296
2594
295
296
297
297
296
296
295
295
294
295
295
899
296
296
298
295
298
899
295
295
687
297
297
295
298
2594
296
1785
1263
296
295
296
295
295
723
295
1536
3266
295
296
297
296
295
295
295
295
296
1218
295
296
295
295
3266
296
296
294
296
295
294
296
297
295
295
295
295
295
297
296
294
296
296
295
296
3266
1529
295
295
296
1218
294
295
298
296
296
2009
295
295
295
297
1940
296
295
296
296
295
295
295
296
298
296
295
295
295
298
296
1781
296
296
297
296
297
296
295
297
296
898
898
296
295
295
296
2227
298
296
291
297
297
295
295
295
297
297
295
295
296
296
295
294
296
1656
296
296
3266
296
296
297
297
296
296
295
295
295
297
1785
295
294
296
296
295
1940
296
296
295
295
295
295
295
295
297
296
295
291
296
296
296
296
298
297
297
295
691
295
296
297
295
297
295
1528
917
296
2497
297
296
295
298
296
297
294
297
3267
296
294
296
295
295
297
295
298
296
295
296
296
295
295
295
2595
1785
296
297
1260
295
298
295
297
296
295
296
295
295
295
807
295
295
296
295
295
296
298
296
296
296
295
296
1508
297
297
297
297
297
295
295
295
297
296
295
801
296
916
295
290
296
297
295
295
297
295
296
295
298
296
295
297
296
296
295
295
295
295
297
295
296
297
899
298
296
279
297
1536
295
2004
1654
694
295
298
297
296
296
295
295
293
294
295
295
685
295
295
295
297
296
295
296
295
296
3266
295
297
297
722
297
295
723
298
295
1223
295
296
2009
3266
296
296
296
296
296
296
295
295
297
296
296
297
3266
296
295
296
295
295
296
295
1251
296
296
295
297
295
296
295
296
295
295
297
295
296
3266
298
295
294
1508
296
297
296
298
278
296
297
297
298
296
296
1225
294
297
295
296
295
295
295
295
295
298
295
296
295
295
296
295
297
296
294
296
1784
296
1656
298
298
295
298
296
294
297
295
295
297
294
296
296
296
298
723
295
296
297
296
295
295
1543
3267
297
294
295
1657
1657
1530
1657
899
1556
671
1654
1655
1657
1657
2594
1218
297
1262
1656
1506
3266
2741
1657
1542
1656
2741
295
1547
295
660
1655
2742
899
1256
1251
899
1265
1654
2597
1656
1655
1657
1218
1251
1656
1654
722
899
1656
1655
1657
2741
1657
898
1655
696
1656
1556
1656
1658
1508
1257
656
899
1657
1259
656
1505
1263
899
1657
899
1543
1942
657
297
1556
1657
293
2744
899
1657
1266
723
1507
898
2744
1251
1657
1510
1535
1657
1658
1655
1654
1655
1226
898
2747
1655
295
1654
2227
1655
852
1510
1552
1654
898
1655
898
1656
1656
898
1538
899
898
1656
899
899
899
898
1256
1655
1657
916
1655
1265
1657
1225
1657
899
1259
1657
1218
1656
1656
899
1263
2722
1538
1655
1655
1656
2005
1657
1656
1654
1658
1657
1655
1656
1655
2004
899
296
1654
1548
1491
1656
1250
1656
722
1655
1655
1538
2007
296
295
295
297
298
296
295
295
297
297
295
297
296
296
295
828
296
295
1784
295
295
296
3157
1553
294
295
296
294
297
296
297
2596
821
295
295
294
296
297
898
295
296
295
293
295
1655
295
296
298
297
899
294
295
295
297
295
1655
295
696
1260
1782
298
295
297
295
296
295
295
295
295
295
294
295
296
297
296
296
296
296
296
296
295
295
296
295
298
296
296
295
298
296
295
295
295
296
295
293
298
297
3266
1784
295
295
295
296
688
296
293
294
296
296
899
296
296
294
295
296
295
296
296
293
296
296
295
2593
296
296
295
295
298
298
296
295
1784
898
297
297
293
297
295
298
295
295
296
295
296
297
296
298
899
3266
3266
297
1658
295
295
298
297
1545
295
298
296
295
298
295
295
297
295
1656
295
295
296
295
296
295
2006
3267
295
296
296
295
681
295
1253
297
296
294
296
296
296
294
295
296
296
298
297
1550
296
295
298
298
295
296
297
296
298
296
296
296
295
285
1536
293
296
670
294
296
297
3266
297
295
295
297
297
296
293
295
296
296
295
296
295
296
296
297
1218
296
296
899
295
296
295
298
296
295
294
295
298
295
295
296
295
296
295
3266
296
296
297
296
296
297
875
295
297
296
295
295
296
297
1939
296
295
1656
295
2747
296
297
295
298
1218
1531
294
296
296
296
295
295
296
294
1534
296
1259
295
295
295
295
295
296
295
1267
296
296
2497
298
296
294
296
294
3266
296
295
295
297
297
295
295
295
3267
3266
1784
297
295
295
296
295
296
296
295
295
295
1770
679
1536
1556
1259
3266
1536
899
1257
1260
2594
1656
1224
3266
695
686
1783
295
899
2739
656
295
295
1262
296
295
2593
296
296
297
296
295
1540
295
295
295
685
2744
296
297
295
723
297
1940
295
296
296
2739
295
296
899
295
295
298
296
296
3267
296
298
722
296
295
296
296
295
295
296
295
295
3266
295
295
296
296
295
295
296
298
722
898
294
298
296
296
295
295
296
295
2591
296
295
295
295
295
295
294
296
296
294
296
296
295
295
295
1939
296
296
295
296
295
723
296
1785
295
296
296
296
297
295
294
295
296
295
295
295
295
295
296
297
297
297
2594
2582
295
295
296
294
1961
1257
297
297
3266
296
298
295
1260
295
295
295
1785
295
296
295
296
296
295
899
296
296
295
295
298
695
296
296
296
297
295
296
297
296
295
295
296
294
296
296
1780
296
295
295
297
296
296
297
295
296
297
295
296
1785
295
298
296
296
295
293
297
295
295
297
295
899
297
295
295
295
295
296
295
296
296
296
295
295
297
295
295
296
296
295
294
293
296
298
297
297
296
297
1939
298
296
295
295
297
297
296
295
295
3266
298
296
295
298
296
295
296
295
298
297
297
297
296
297
298
295
297
297
295
297
295
1771
1219
296
295
1785
297
296
899
295
296
295
295
1492
1784
295
296
723
296
296
297
298
295
296
295
295
296
297
295
295
295
298
295
298
296
701
3266
898
294
296
1941
297
295
296
899
296
295
296
295
295
297
3266
296
296
295
294
296
298
296
297
296
295
295
296
294
297
298
295
297
3267
296
297
295
296
294
295
1653
296
295
295
298
1785
295
297
293
656
693
296
1536
292
295
298
295
297
296
297
296
295
295
294
295
297
296
295
294
1941
297
295
296
295
296
899
1783
296
293
294
3266
295
3266
295
297
1655
297
3266
297
296
899
296
295
294
296
297
295
295
296
296
3267
296
295
295
296
296
1218
296
297
297
296
295
1785
295
298
295
295
297
899
1656
2742
1657
807
1655
1658
684
1226
1655
1262
1260
899
898
2740
657
1260
296
899
899
1266
295
294
1547
899
295
296
296
296
296
295
298
297
295
295
295
298
297
295
295
1263
1654
297
296
295
297
295
899
1534
296
295
295
292
3267
295
294
296
295
293
295
1652
295
295
296
295
295
295
296
295
298
295
297
898
296
296
296
2739
295
295
296
295
1538
1783
297
1940
899
295
1785
295
295
3267
3266
296
296
296
295
295
295
296
295
297
296
295
296
295
296
295
898
296
296
1538
296
295
297
295
295
296
296
297
297
295
294
295
899
1657
1252
656
1536
1657
2740
722
1654
1261
2744
1225
1657
723
1218
899
297
3266
295
296
723
296
1785
296
296
295
295
294
296
296
295
297
297
296
296
295
294
298
295
296
295
296
296
296
294
296
296
2004
295
296
294
296
295
296
297
295
296
295
296
297
297
297
898
296
295
296
294
295
296
296
296
293
297
297
295
295
1509
296
294
295
296
297
1542
295
295
297
297
297
296
296
1223
295
295
296
295
297
296
295
297
295
1654
295
1779
296
899
2743
297
295
296
295
1770
296
2542
297
3267
296
899
296
296
1781
1554
295
659
3267
295
296
297
296
1264
1244
297
298
295
296
298
296
296
297
295
296
294
298
296
295
1244
295
296
295
296
295
1533
298
295
295
295
296
1655
298
297
296
1655
298
872
296
295
295
295
1781
296
1657
296
296
296
296
1250
295
295
296
295
296
295
298
295
296
1507
297
296
296
295
296
297
722
298
295
294
295
296
294
1544
1781
295
296
297
296
296
722
297
295
296
296
296
295
298
296
296
295
295
297
297
296
297
888
295
1491
687
295
298
297
298
295
297
297
295
296
296
882
298
295
296
1782
296
298
297
296
297
296
1781
295
297
296
296
296
296
295
295
1262
294
295
296
297
1781
296
685
296
294
863
298
1653
295
296
297
297
1524
1264
899
294
297
297
295
297
295
1223
295
296
295
297
1783
295
1267
723
1655
295
296
294
292
295
295
298
297
1538
297
2739
1623
883
1257
899
2591
2744
723
656
899
2744
2742
297
844
1541
2741
723
2466
2741
2741
1531
1538
1524
1554
722
898
2743
723
722
2744
2005
683
295
864
723
2743
3266
1655
1538
2741
1534
875
919
1538
2741
1261
2005
2004
2740
657
1553
1529
843
838
667
693
2743
1265
2740
2005
657
722
797
826
2741
295
809
1939
1218
1262
722
1223
1491
2745
1539
1535
1544
899
1261
2744
666
294
1529
1655
822
294
2744
1225
2743
723
296
1250
1657
1657
2005
1548
899
1657
1658
1548
1656
2226
696
1541
1261
3266
808
1264
3266
899
899
1783
296
295
3267
1657
298
1784
297
295
899
296
295
297
295
298
296
295
296
899
295
296
899
295
663
295
3266
295
298
2007
295
1531
295
296
296
296
1257
296
296
297
296
704
295
294
295
1655
296
295
295
295
295
298
297
296
296
297
295
296
296
296
898
298
296
295
295
296
295
295
297
295
296
294
3266
656
295
294
1547
296
1653
297
296
296
296
295
295
297
1782
296
297
295
3266
296
3266
295
295
296
898
296
296
296
295
1531
295
1218
295
295
294
297
898
295
703
298
899
1784
295
689
295
295
1781
295
1261
295
1658
295
296
1257
295
295
298
295
1540
295
294
295
295
1224
298
296
1780
295
296
866
296
297
296
295
296
294
298
723
1657
295
295
296
295
296
296
295
294
1655
296
296
1531
295
295
1655
296
296
297
297
295
297
295
296
296
295
295
295
298
1656
297
296
295
295
295
296
296
297
295
298
296
296
297
1553
1657
1656
1505
295
296
295
297
298
298
296
295
296
295
899
296
285
2982
296
295
296
296
296
297
295
295
296
295
1225
295
296
295
1261
297
295
295
295
295
296
295
885
295
298
296
296
298
296
1655
295
1655
296
295
295
295
1654
899
296
295
898
296
297
290
1548
1536
294
295
296
294
297
291
297
295
295
689
297
295
296
295
295
295
1218
295
1255
297
295
1261
296
295
295
296
295
295
664
296
295
296
296
294
296
297
295
296
295
295
295
295
898
297
296
2594
296
296
296
296
295
294
297
298
295
296
295
704
294
295
295
297
295
297
802
1530
296
295
295
702
296
294
295
295
296
297
296
296
296
827
296
296
296
1656
296
295
296
296
295
294
296
297
295
799
295
723
295
296
296
296
296
296
295
296
296
295
296
288
295
296
296
2004
296
296
1534
294
297
1784
296
295
295
298
297
295
1255
1653
296
295
1657
295
296
295
295
296
296
295
296
294
295
295
298
295
295
295
296
295
298
1656
296
295
298
295
298
1657
297
297
296
296
296
298
295
296
295
1657
1656
296
297
296
296
296
296
296
2591
296
296
722
296
3266
294
295
296
297
296
297
295
296
296
297
295
296
297
2010
1784
291
296
2591
295
1252
296
686
295
295
297
295
298
3266
295
296
1555
1553
294
298
290
295
1251
294
295
295
3267
295
1785
723
297
296
295
294
295
296
295
294
295
296
296
296
296
297
297
294
296
296
296
296
296
295
296
296
295
297
294
295
296
899
297
295
295
298
3267
297
3267
290
295
829
295
296
1784
296
296
296
295
898
723
295
295
298
295
297
295
1528
296
294
295
1784
295
296
296
295
297
296
298
296
295
827
1767
295
295
295
295
685
296
296
297
297
298
298
295
296
1780
296
1785
295
296
1222
296
297
296
296
295
295
295
696
296
295
296
1530
1226
1654
295
298
297
296
295
297
296
297
296
2009
3267
295
1529
298
296
3266
296
296
298
295
295
295
296
295
899
899
1539
1267
899
702
3267
798
295
1656
703
1528
899
1543
723
295
296
2593
722
802
1225
1223
1546
295
1655
922
1226
295
2742
295
832
899
3266
1656
1656
682
1658
701
1225
1656
1531
296
681
2004
1260
2739
1250
1250
1546
1657
1656
919
1657
1257
1657
294
1656
1525
806
1656
702
1264
1654
1656
1218
1658
1528
1656
1251
899
678
1654
665
1657
1262
921
1224
899
1656
1258
1655
1655
1219
1545
1251
1656
1530
1539
2595
899
2744
1655
899
899
1655
2003
1224
899
899
1548
1656
723
704
1656
1251
1654
2740
1532
1655
1510
1535
1529
1657
1655
1259
667
2744
1218
664
1655
1657
704
1226
295
1649
899
1654
664
1533
1225
899
1657
1656
899
1658
899
1654
1225
2004
1655
1657
1655
1260
723
1657
1657
2744
899
1655
1255
1218
1655
802
1254
1656
1657
1657
1529
1655
867
2480
1538
1655
1658
296
1656
1654
1657
1658
1226
1526
1654
723
672
1655
1657
1542
723
1538
656
1655
722
1657
898
1657
296
1655
1267
1656
918
899
1656
1537
1655
1267
1656
2743
698
899
918
685
1655
1252
657
899
1656
297
1654
1538
1216
1657
1261
1656
1656
1656
297
922
2747
1657
1657
899
1657
1657
899
1251
898
1224
1655
1655
1655
295
2744
723
1508
899
1507
1654
899
1654
1537
1657
723
1657
1657
1654
899
1259
2744
1657
1548
1656
1658
1655
1656
1654
1551
859
1252
1549
1530
2744
703
2744
296
899
1264
886
1657
1656
2743
295
1250
1534
1548
1258
798
899
1250
899
695
1655
1260
1262
1554
1550
1649
1656
1507
1655
1657
1654
899
297
296
1655
1658
1655
1656
722
294
703
702
887
899
696
1537
1509
1656
899
295
1658
1257
701
1509
922
1641
802
899
1656
1658
1655
899
297
899
1257
1547
1492
722
1657
1545
1251
1553
898
1655
2739
672
1656
1218
1657
1654
1510
799
1550
1658
1256
1655
295
295
1541
296
297
295
296
295
1250
297
295
296
294
678
295
899
899
297
295
296
295
295
298
295
795
296
295
298
295
295
296
295
898
295
298
296
298
1784
2009
295
297
298
296
296
295
296
296
296
1536
1532
295
295
296
291
296
296
296
296
296
295
296
297
295
296
295
298
295
899
295
295
295
297
295
295
296
296
296
1509
297
296
1785
295
295
1218
295
297
295
296
297
296
2591
295
295
295
295
297
296
1250
297
295
296
295
899
295
296
296
296
295
296
296
723
295
295
294
1941
298
295
295
295
295
298
295
297
296
1261
296
296
922
290
298
295
297
296
298
296
3267
899
296
899
295
295
298
1528
295
295
295
296
294
296
296
297
296
295
2005
295
298
295
295
1784
296
297
1529
898
295
295
295
921
296
295
295
295
298
295
295
295
294
294
1218
296
2226
1256
295
1540
293
296
295
296
297
296
295
296
294
296
298
297
297
295
295
296
295
295
296
296
295
295
296
899
298
296
1542
297
298
812
296
295
295
295
296
295
296
295
1528
297
297
675
295
295
295
899
296
296
297
297
295
2594
3266
295
295
296
295
284
296
296
899
296
1260
295
295
295
295
1250
296
295
695
297
295
295
296
296
296
297
295
298
296
1542
295
297
1241
296
297
295
296
296
295
298
297
294
295
296
292
298
3266
295
297
295
296
297
295
295
296
2006
295
295
298
297
295
1940
296
295
296
297
295
292
296
1654
297
295
1545
3266
296
298
702
295
899
1784
295
296
296
296
297
296
298
297
2009
296
296
2226
3267
294
295
296
297
295
296
295
899
295
296
295
296
3266
298
296
296
1942
296
296
294
298
1218
295
297
3266
297
295
1251
1224
297
298
296
797
295
295
3266
296
295
295
296
298
295
1533
298
296
294
295
296
296
295
1552
1524
1656
899
3267
297
1532
2003
898
297
1657
1654
1653
686
1655
1218
1241
1657
1533
829
1260
1656
290
1656
295
1654
1250
2744
2744
1654
295
2005
1650
668
1658
1223
1652
1551
898
1656
1251
1251
1632
1265
899
2744
1509
1657
899
723
1263
1264
722
2741
1259
806
1543
922
1225
853
656
1532
2741
295
1536
1218
1653
884
2744
1260
295
722
2743
1226
3266
842
898
2741
898
722
2590
2743
1650
835
722
684
799
1266
1533
1257
723
2761
722
716
667
799
886
898
897
293
1552
722
885
2004
871
2004
2742
2006
1652
1259
1506
722
1654
723
2741
2757
722
2742
899
885
2737
1251
723
1256
2742
1529
2741
1223
1261
1539
723
1526
1655
2740
1251
2743
798
899
1265
1257
296
1250
799
669
1555
2741
1263
723
1654
2007
1541
2744
1226
723
1545
722
1226
2007
899
1511
877
2742
850
666
666
664
874
1256
1259
722
871
919
723
1251
803
714
898
668
722
722
2740
1259
1261
723
899
659
1528
2005
723
723
2743
916
844
723
1657
297
1657
722
2740
1960
1552
2590
2744
1554
1536
722
798
1260
1550
1648
873
2577
723
294
723
1657
2007
1250
798
295
1782
2005
1535
297
879
1654
295
2740
296
1250
722
1538
722
723
2006
2744
701
1531
2596
1252
1655
1794
1655
877
723
2594
898
1652
686
2745
295
296
295
296
296
295
1655
296
298
295
722
296
297
295
295
298
830
1655
1785
295
1505
295
798
297
848
296
297
297
295
1657
1655
919
916
295
836
298
899
296
295
295
297
296
295
298
295
295
295
295
297
1263
295
1540
295
297
296
296
295
296
296
1783
296
295
296
297
296
295
298
295
296
294
1655
295
296
295
296
297
295
297
293
295
898
899
295
296
297
295
877
296
295
295
296
295
295
296
298
1656
705
295
668
295
296
296
1780
296
298
297
722
296
723
657
294
297
296
722
1782
295
298
296
295
1260
295
296
296
886
296
295
295
1653
296
294
294
297
861
294
297
296
298
899
898
1543
296
1656
297
296
298
294
1655
297
297
296
296
295
297
296
295
298
295
297
297
295
1551
296
722
897
2743
899
2005
1526
798
722
723
297
3266
870
691
1256
2740
3266
294
1267
292
886
899
1262
1935
872
1555
916
898
795
723
1658
1513
1530
701
1218
723
1226
834
2741
1653
2742
2745
2745
1656
2741
919
3266
799
1642
701
294
2741
1266
898
722
1533
2595
2741
1655
295
723
2742
2739
840
1218
1656
722
295
2740
874
723
1518
2743
2003
2744
722
798
831
1655
846
859
2006
723
1252
1526
1547
3266
871
1653
297
1510
1658
295
296
298
295
295
297
296
296
294
295
296
297
722
294
297
298
295
1655
296
296
295
296
296
295
298
297
295
295
296
296
295
1655
1257
295
298
296
296
296
296
296
297
295
723
295
1785
295
297
296
295
294
296
296
870
295
295
676
297
296
296
296
298
297
1223
296
295
296
294
296
800
293
296
298
295
723
850
297
297
296
295
1530
296
1538
291
295
298
298
797
295
295
297
295
296
1508
295
296
1529
296
1657
294
295
296
296
296
296
296
1655
292
296
297
295
296
296
296
298
295
296
296
295
295
297
297
295
295
296
295
296
298
296
298
296
295
900
298
1250
296
295
295
295
296
298
296
295
296
296
296
295
297
294
296
298
296
296
1243
297
295
295
296
295
296
296
1656
722
296
296
296
297
295
293
1655
295
296
296
656
296
295
295
295
295
295
1539
1783
296
722
1226
296
295
295
296
297
297
298
295
296
723
296
296
295
296
298
298
298
296
296
296
723
1653
296
296
295
296
296
1218
899
296
293
296
869
295
295
1656
295
297
295
295
296
296
703
298
839
296
296
296
295
296
295
295
296
297
297
296
1263
296
295
1251
295
296
297
295
296
295
295
294
296
296
298
295
295
295
297
294
296
297
297
296
296
1218
295
297
297
1656
295
723
295
296
297
295
295
296
722
295
296
296
1657
296
1654
296
291
295
296
296
296
297
297
295
296
295
295
298
297
296
297
296
296
722
296
295
1656
296
1785
296
899
296
1655
1535
296
1653
722
297
295
296
296
722
297
798
295
1265
296
298
296
295
294
1240
296
295
295
296
296
296
296
296
298
294
1539
295
295
295
296
294
297
295
1557
295
296
296
296
295
295
296
295
295
298
297
292
295
297
297
296
297
298
296
296
295
296
295
3266
296
295
295
295
1656
295
296
298
296
298
297
295
1554
295
296
295
294
298
295
1218
296
899
295
295
295
296
298
295
295
298
297
296
298
899
295
296
296
296
295
296
296
722
279
3266
898
2005
1261
879
3266
796
1491
723
898
723
294
296
295
296
295
295
295
298
296
296
803
297
295
297
298
296
295
295
2006
1545
844
1507
722
833
898
801
2005
1940
295
288
295
283
825
297
916
722
2737
1959
722
1509
2745
2743
860
864
1262
1655
1250
1655
1531
885
826
297
799
723
1655
872
882
722
823
898
1541
800
2741
723
722
798
722
2745
2744
1226
899
1251
898
798
1657
916
2505
297
2744
1526
898
898
1655
2594
1941
849
1264
297
1225
874
2594
723
1260
2741
2740
1507
1655
1262
876
722
722
722
1224
1657
898
1529
1250
787
1265
1257
1218
1539
805
1266
1225
1511
1257
898
722
2743
2744
1511
2740
1269
722
899
882
723
723
722
722
1263
886
722
2744
898
722
898
1260
2744
1536
918
1654
723
683
2740
1257
1527
723
722
3266
802
722
922
1535
2745
1250
3267
885
899
2009
1258
1218
898
802
723
868
2743
295
866
1250
1538
2741
2741
701
874
671
663
851
898
722
1529
856
2591
723
3267
297
292
295
295
297
1225
295
296
294
298
296
296
297
297
295
295
1782
295
295
296
294
296
295
1783
294
295
295
295
296
295
1657
295
1267
295
297
294
295
294
297
296
295
295
294
296
295
295
1522
296
295
296
296
295
296
296
296
297
296
294
297
295
295
296
899
295
295
296
296
295
899
295
296
1656
296
294
296
296
297
295
294
297
294
294
298
1540
296
722
297
295
296
704
294
296
1653
295
297
295
296
296
296
722
295
296
294
295
298
295
296
295
296
297
295
296
296
295
1533
295
295
295
296
292
1529
296
296
295
296
1536
294
295
295
295
296
797
297
298
296
295
295
296
1784
296
1783
296
295
296
295
296
723
296
1655
867
296
298
297
296
1525
1653
294
294
295
1785
296
1785
296
296
296
296
1781
297
295
296
295
295
296
295
297
294
723
296
298
1536
295
3267
298
297
296
298
1533
296
295
295
1530
296
899
295
296
296
295
295
296
296
1539
296
298
298
294
295
295
295
295
295
296
295
296
295
704
296
293
295
294
295
2007
295
296
296
294
296
296
296
295
1653
295
296
298
295
295
289
295
296
657
298
296
297
295
1939
297
297
295
298
296
297
295
296
297
295
295
899
296
295
296
295
295
871
296
295
298
297
294
295
3267
294
296
295
295
297
295
296
295
1535
298
295
295
295
295
297
296
701
898
899
297
295
295
296
296
296
298
1528
297
296
298
295
295
297
295
295
295
297
296
899
295
295
296
295
295
296
296
296
295
296
295
296
295
296
295
1261
295
295
297
1535
297
297
296
295
295
297
295
297
297
296
298
297
296
295
295
294
296
660
296
899
296
898
296
297
297
1521
296
294
1655
1657
899
1782
296
295
295
723
1258
785
3266
2584
295
297
296
295
294
296
296
298
297
296
295
1262
295
296
3266
296
702
296
296
298
296
297
295
1548
899
294
295
295
295
295
298
295
295
296
295
898
899
701
1656
298
295
1785
296
295
295
873
296
298
297
295
3266
295
296
899
295
297
297
656
296
295
722
294
681
295
296
297
1528
296
295
296
297
3266
295
296
297
296
295
294
657
298
3267
295
296
297
295
296
1651
296
296
295
1940
1779
296
297
296
1547
295
295
297
295
1784
295
297
295
296
296
296
1538
295
295
296
295
295
295
295
296
295
295
296
296
295
296
295
3266
298
296
296
295
295
295
298
1264
295
296
1218
295
297
295
295
293
295
295
295
296
296
296
297
660
297
1260
1785
295
296
899
297
296
293
296
296
297
3266
298
295
664
293
295
296
295
294
296
296
296
899
292
296
296
296
295
1264
295
297
296
1538
295
297
297
295
294
295
298
295
295
3267
296
296
296
296
296
295
1554
297
295
295
295
294
296
297
297
295
295
1654
296
296
298
296
295
297
295
1264
295
1528
296
298
296
295
295
295
296
295
1785
294
295
297
3266
296
295
295
295
298
296
296
298
295
3266
297
295
298
295
297
295
298
296
298
297
295
898
1658
899
1556
1654
723
2741
809
674
1657
1226
2003
723
295
1657
899
1658
899
1541
1654
1253
1226
1654
1536
2003
1657
681
1548
1263
1656
1264
1544
898
1654
2741
1261
1657
1655
1657
1250
1655
1547
898
1943
1656
899
703
1657
1657
1531
722
1656
1655
1507
1226
1656
1654
898
1657
899
1252
1649
1652
294
2738
1657
1510
295
1226
1657
1226
1251
1257
1656
918
2744
899
706
685
1507
899
2005
294
297
1654
1257
1261
1251
290
1641
701
1655
1654
702
656
899
1536
1656
1657
899
2596
899
1549
1657
919
899
704
899
688
1263
1224
899
1656
2742
1266
688
1553
1656
1260
290
899
1656
1218
1218
899
1655
702
1655
1657
1657
899
1218
1264
2006
808
1223
1269
286
1257
1543
1506
1655
1268
899
1257
899
691
1655
1657
899
1654
1252
294
1657
1509
1655
2760
899
1657
1655
1654
1657
1656
1657
899
1259
1537
1538
1654
297
1657
899
1655
2744
294
1549
1657
1657
798
898
1655
1642
1655
1650
1656
898
918
1540
702
1657
2741
898
1540
1539
1531
1658
2740
899
1225
1256
1656
899
1641
1251
1655
865
1658
1657
294
899
1645
900
802
1655
899
1257
1257
1262
898
1536
660
1655
1656
1656
1556
918
1223
1658
1258
1657
1656
2740
722
898
898
831
1655
295
1655
899
1657
704
1654
1258
1532
687
1656
899
1656
1253
1548
1657
1654
899
899
1264
1655
1655
1654
1256
2734
1218
684
1656
1257
1654
1654
297
1260
1656
295
1528
1658
1509
1540
680
1657
1656
803
702
1657
1656
899
1535
898
275
1264
1250
898
722
290
297
1657
1258
1218
918
3266
1656
1658
1656
1658
899
1657
1654
1656
1656
2744
295
2744
1654
296
1656
1508
1531
899
294
296
298
2008
296
1538
296
294
293
296
1655
1539
660
1539
799
1656
1655
918
899
1657
1644
899
899
1245
1654
1656
1262
1655
899
723
1654
898
2594
1656
1658
688
1655
1655
723
1656
1530
1251
899
1647
1656
297
1655
1657
1262
1251
1556
1538
296
1654
1223
1539
290
1268
1655
298
1262
1654
1654
1657
1654
1536
798
1250
3266
1654
2594
295
826
1525
295
899
294
798
898
1509
2739
899
696
1225
899
1539
1226
1655
295
702
1657
1655
1657
1655
723
2743
1259
2745
1656
292
1657
1265
1656
1657
722
1656
1251
2742
1656
1546
295
1250
1654
1259
1262
1657
1223
1658
1655
1657
2005
923
1263
1218
893
888
1530
3266
1655
1657
1654
1526
1549
1658
656
1655
1531
2742
899
1656
1655
899
1658
1656
1654
898
1531
1655
898
669
899
1226
899
1218
899
803
1250
1655
899
898
695
1551
1657
899
298
899
296
296
297
295
295
297
1263
703
722
294
294
296
296
295
1656
1658
296
298
296
1527
295
296
298
297
296
295
295
296
295
295
296
293
295
295
295
1531
294
295
298
296
296
296
295
294
295
295
297
297
296
1782
722
297
295
1785
296
296
298
296
294
295
297
298
295
296
295
297
296
295
296
294
296
295
296
899
297
296
295
298
295
295
297
1783
296
295
295
295
704
290
298
297
295
295
1656
872
295
1657
297
295
296
295
298
842
298
722
1655
723
295
296
295
295
296
294
298
295
1657
296
295
296
295
797
297
296
899
297
295
295
295
296
298
1264
295
295
723
295
656
295
296
297
297
297
295
821
296
297
297
296
296
295
295
1505
296
298
1780
296
296
1511
296
1538
296
296
296
295
868
297
1654
295
296
296
296
670
722
296
1510
295
1508
1219
295
1657
296
1653
297
296
297
295
295
296
295
295
295
297
298
3267
296
295
297
295
294
1265
701
296
296
298
298
296
296
296
296
296
295
722
819
296
1530
722
296
297
296
297
295
295
296
295
1538
878
899
295
295
296
1262
296
296
1782
295
298
296
1251
297
294
296
295
295
295
722
296
296
298
296
296
295
297
295
1507
1656
295
1939
1531
1783
295
294
294
1781
1537
296
295
3266
1655
297
295
1653
292
294
296
296
898
295
297
295
287
295
296
723
297
2003
296
1260
298
294
295
295
295
296
295
296
297
298
295
296
296
295
296
295
722
1656
295
296
295
297
296
295
295
295
298
296
296
296
298
295
298
295
296
296
297
295
296
297
296
295
296
1784
295
296
296
296
2006
296
296
296
297
295
296
297
294
297
722
298
1654
1654
295
295
298
798
297
296
898
1653
295
295
298
296
294
296
295
297
297
295
298
295
296
296
297
295
295
297
297
295
297
295
296
294
1782
296
296
294
298
1654
296
295
1656
296
295
1259
295
295
1218
295
295
297
297
296
296
295
298
295
295
295
295
294
3266
295
1782
296
296
1656
295
295
722
665
298
296
296
292
1655
295
297
297
296
295
1539
294
1507
295
295
723
296
293
295
295
296
297
295
297
797
296
1543
296
1781
297
296
295
295
296
296
295
296
295
297
723
295
295
297
296
296
295
899
1657
296
294
705
1262
295
297
297
296
797
296
297
296
1656
294
297
296
295
295
1218
297
1538
1656
1219
2743
1225
2743
2744
1509
3266
877
3267
1657
722
723
656
723
899
295
1658
1510
295
1943
690
656
1522
1224
923
2006
296
296
298
297
297
295
296
296
298
296
3266
296
295
296
298
295
296
294
294
298
1779
1549
295
296
295
296
294
296
296
3266
296
298
298
1261
296
294
296
296
296
1942
1507
295
296
295
298
296
297
1543
296
297
295
295
297
292
1654
295
295
295
295
1655
296
1656
868
1657
1655
295
295
296
295
296
296
1532
297
295
295
298
296
848
297
296
295
296
296
297
295
295
296
296
295
296
692
295
295
1548
296
295
296
296
295
295
296
295
297
1781
295
298
295
296
296
295
1933
295
296
296
295
295
295
1656
1653
296
295
811
296
296
295
296
295
296
295
295
295
296
723
295
1537
295
295
297
297
295
297
297
723
1510
295
295
296
1656
297
298
294
295
297
297
295
293
296
296
295
295
295
295
1527
887
867
1656
295
296
1226
297
296
295
295
295
296
296
1259
298
296
1785
296
1781
295
3266
297
295
296
296
295
1549
295
296
295
296
296
295
298
294
295
295
295
722
294
293
295
296
297
722
1262
1255
899
831
722
1553
872
722
922
1656
296
296
290
1538
722
2735
703
1658
292
296
1250
296
295
803
290
296
295
295
1254
297
295
296
296
1783
295
1656
296
847
835
295
298
298
1544
296
297
722
295
297
296
295
1784
296
296
297
296
296
295
295
295
296
295
294
1658
297
296
295
296
296
1655
1548
296
802
295
722
296
660
295
296
296
2592
295
296
723
297
1656
298
297
295
297
298
1250
296
295
295
722
296
1260
296
295
295
898
295
295
723
295
297
296
297
1784
295
784
1654
296
295
296
295
1653
294
1535
294
297
899
285
297
1783
295
295
297
297
295
296
295
1655
297
296
295
1542
296
295
296
295
295
296
295
296
899
295
294
295
295
296
297
296
295
296
296
295
295
295
296
296
296
295
297
295
295
295
1657
295
297
296
296
295
297
297
296
1784
296
1541
808
297
296
296
295
295
296
295
899
296
295
295
298
295
295
296
295
1781
296
297
1655
298
298
298
296
1532
295
296
1540
296
296
296
298
295
296
295
298
919
295
298
1656
296
298
1654
296
298
3266
295
295
297
295
296
1656
296
296
296
295
797
1654
1652
1654
296
295
295
1250
295
295
295
295
296
295
295
296
1535
899
297
296
1657
296
296
295
899
296
899
296
296
296
1656
295
295
295
295
295
298
292
1657
295
296
704
296
296
1549
847
722
295
296
296
296
298
297
296
296
296
1552
297
296
296
295
1653
296
297
1657
296
296
294
297
296
296
879
297
296
292
295
1654
298
295
295
1508
847
1543
293
295
899
296
722
295
296
297
296
295
1658
1657
294
297
296
296
1537
828
298
295
1656
296
295
297
1654
296
297
295
296
723
1656
298
298
296
295
295
294
296
296
295
1655
296
297
296
296
296
295
295
295
297
296
295
297
296
295
296
723
296
898
703
703
296
295
872
297
295
1783
296
296
296
295
294
297
296
294
295
296
295
295
296
296
295
296
1655
297
295
295
1535
297
296
295
295
295
1539
295
298
298
798
295
295
296
295
298
297
882
296
295
295
294
294
296
295
293
296
295
1241
1256
296
1785
1654
295
295
1782
295
296
298
296
295
723
297
296
295
1654
296
296
295
295
295
295
295
1538
1657
295
296
296
295
297
296
296
298
295
296
296
295
296
296
295
296
295
296
295
1539
294
722
1780
298
292
295
295
295
295
1657
1507
296
295
297
297
723
297
295
298
833
294
296
296
296
1656
1657
296
296
296
297
297
296
296
295
295
294
295
296
295
296
295
295
296
297
295
295
295
296
296
1656
296
295
656
295
295
872
1657
296
296
295
1656
295
723
1655
295
297
295
296
296
297
296
296
298
295
296
295
295
296
295
296
297
295
297
1250
800
297
295
296
295
705
296
295
722
660
295
1655
2741
1218
3266
722
3267
3266
297
899
684
3266
2744
2589
2744
2762
722
722
295
1264
2590
1529
899
1656
1656
1655
1643
1506
1655
1223
1539
2739
1657
1264
898
2227
1546
1657
1658
1654
1655
1655
701
1657
294
1250
3266
1655
898
297
898
296
296
296
295
298
296
899
296
1653
297
899
899
899
295
295
2599
296
297
297
296
295
297
1655
899
898
295
1936
297
899
296
296
297
296
296
296
294
294
297
295
297
295
296
899
297
296
296
296
295
295
296
296
296
296
296
297
295
855
297
297
295
296
296
295
295
298
296
297
297
1654
296
295
296
298
295
295
295
296
294
295
3266
295
296
3266
296
296
296
1240
295
294
296
295
298
296
298
1780
704
297
294
296
296
294
1943
298
295
298
298
297
296
296
298
297
295
298
296
295
297
298
298
297
3267
297
295
296
297
295
296
1543
297
3266
296
295
295
295
297
295
1783
899
295
297
297
295
297
295
298
2007
693
297
296
296
296
296
298
296
1942
296
1654
296
296
296
296
294
296
294
295
296
296
296
298
296
297
296
296
3266
1224
296
296
297
295
296
888
296
296
298
2592
297
296
295
295
296
294
297
297
296
298
298
295
295
295
295
296
1530
1545
295
293
295
297
297
296
298
295
296
296
3267
3266
1942
295
296
296
298
296
899
296
297
296
295
295
898
1655
297
297
295
296
298
296
294
296
296
2761
296
296
296
295
295
297
295
298
296
297
295
296
296
296
291
1942
2595
295
295
295
295
295
295
295
1515
294
296
296
295
297
296
296
296
295
297
3266
296
297
296
295
295
294
296
296
295
295
295
296
296
295
298
296
296
1256
295
296
295
296
298
294
297
1654
723
296
298
294
3266
296
898
295
296
295
298
722
298
295
296
297
293
295
295
295
295
295
297
296
290
297
295
296
298
296
1258
298
898
899
296
297
1940
295
295
295
1218
295
296
296
723
295
295
296
297
296
295
297
296
298
295
296
682
296
295
297
295
295
898
296
296
295
295
802
295
296
296
295
297
295
1511
295
1783
296
2744
295
1523
296
295
297
899
2740
297
297
296
298
3266
295
298
296
297
296
295
2595
3266
296
296
296
297
295
297
296
294
295
296
295
295
296
296
295
1939
2741
295
1259
295
295
296
295
3266
3266
295
295
295
296
295
297
295
295
295
3266
1260
295
298
295
297
295
294
1224
292
656
296
297
899
296
298
295
295
722
296
296
297
296
296
297
296
295
297
296
295
296
294
295
295
296
1246
295
801
722
296
295
295
296
296
294
294
1655
722
296
295
3266
1780
295
296
296
296
296
296
296
296
296
295
296
295
295
296
295
899
297
296
295
296
1780
871
916
2744
2742
812
657
1656
2743
2741
845
3266
830
1518
842
798
1655
2740
287
1510
2593
3266
722
2743
1226
2742
1535
722
1260
812
723
1654
657
796
898
1653
1531
898
870
2743
2744
722
1527
1223
1509
295
1226
2005
297
2742
2742
2744
1226
826
2226
722
684
656
1782
2008
723
2600
1255
2744
1499
295
722
1258
1655
2745
2004
295
851
1540
722
701
722
1782
1508
1547
688
656
2736
295
2755
2742
2741
828
856
898
800
2470
2592
2595
1262
2006
1257
294
295
297
298
298
723
297
1656
295
296
294
296
296
295
296
294
296
1655
295
296
1781
295
798
295
295
297
296
295
296
297
295
295
296
296
1785
295
296
722
295
297
296
297
294
298
1782
296
296
298
293
295
1655
295
295
295
295
296
295
295
1534
295
702
296
297
1539
297
298
292
297
899
295
294
297
671
296
296
295
295
296
295
297
295
1657
297
298
298
295
656
295
3266
297
1544
296
722
295
296
297
296
295
296
296
296
1223
1657
283
3266
296
296
296
296
295
1657
296
295
296
296
722
295
298
297
298
295
297
295
1257
297
1551
295
1250
1530
295
295
296
295
1226
799
1655
2744
1655
840
2744
2745
2593
1507
657
2744
294
2499
722
2744
1536
2741
297
3266
2744
657
722
297
2594
1655
899
723
2596
1538
810
1256
2008
2741
2741
1650
294
2744
1548
722
898
1553
1224
723
2741
665
1656
722
722
1257
1250
2742
1264
870
2744
2743
2591
723
297
1654
297
848
295
296
295
296
297
296
899
1548
722
295
294
296
296
294
295
295
288
296
296
297
296
296
296
722
295
295
295
295
295
296
296
295
860
296
297
295
295
294
297
656
295
297
295
295
297
298
297
294
295
296
296
722
295
295
295
298
1653
899
296
295
722
723
798
1529
296
297
656
1780
899
294
296
295
296
297
296
295
1657
295
833
297
297
1654
295
295
296
296
295
295
298
1226
294
296
295
295
1218
657
1784
1780
296
296
295
294
295
296
296
296
295
298
296
294
295
296
295
296
298
1528
295
295
297
294
294
297
297
295
295
296
298
295
296
296
295
1226
295
1781
1218
885
297
296
1656
296
296
294
296
295
296
297
1658
1656
295
295
1656
296
295
288
296
297
296
297
1218
295
295
295
295
296
296
295
295
295
296
295
296
295
723
829
295
294
298
295
701
1781
295
295
295
295
295
298
295
296
872
296
296
296
296
296
295
1942
296
1656
723
295
296
295
298
1553
294
295
296
295
296
296
295
294
2716
1258
723
722
701
2741
811
1655
722
722
826
1545
1538
2744
1258
812
1251
2004
2003
723
723
723
899
295
1508
899
868
2543
1630
295
1782
883
2740
2740
1655
872
704
656
1508
295
296
1654
295
298
296
294
1632
296
295
296
295
295
296
295
1656
296
295
296
296
295
296
295
295
294
296
802
295
296
1522
296
296
296
297
295
1657
875
296
295
294
296
295
295
295
297
295
296
296
297
1538
295
899
295
297
1223
295
296
295
298
785
296
295
295
295
295
295
297
295
296
296
294
884
297
291
295
296
295
295
1655
296
296
295
298
1784
1259
296
298
295
295
296
294
295
3266
296
295
291
298
1522
296
898
296
2589
295
899
297
297
295
295
1784
297
295
294
298
296
294
1784
296
297
1508
296
898
3266
296
296
297
298
294
295
674
1656
899
830
1657
723
1656
1536
2004
1262
721
2742
1656
1550
3266
3267
296
897
296
296
294
297
296
297
295
295
297
1784
296
298
296
296
296
295
296
3266
1508
1252
685
295
294
295
296
898
295
295
295
899
295
295
1526
295
295
295
295
296
899
298
296
1785
296
296
829
295
3266
295
296
298
295
295
297
296
296
296
296
296
294
295
899
297
297
296
296
295
295
1941
296
297
292
298
854
295
295
296
3266
295
296
297
296
295
295
295
294
297
295
296
298
295
293
296
293
295
297
296
296
295
297
297
295
296
295
296
295
296
297
296
296
294
296
296
296
296
297
297
296
294
1783
298
294
1509
295
294
295
295
3266
1656
296
295
290
296
295
290
297
296
1509
297
295
297
296
295
298
295
3266
1250
296
295
295
702
296
292
298
296
295
854
295
295
3266
297
295
295
295
295
298
295
296
290
295
297
1218
295
298
295
297
296
297
296
297
1250
297
297
3266
296
3267
296
296
296
296
295
298
296
295
294
297
295
296
295
1541
295
1648
296
296
295
295
297
295
296
1224
296
296
296
298
293
296
295
296
295
1784
1781
2592
295
295
295
295
296
295
295
295
294
295
296
296
297
1784
296
295
295
295
295
295
296
1255
296
899
295
898
1250
899
1259
899
2742
899
1218
1262
1525
1655
1528
296
2593
1656
2005
2740
1657
1657
1654
1657
1253
2005
3266
3266
722
723
1261
2741
844
723
290
899
723
1543
1654
722
854
1261
1251
2742
1250
820
801
798
899
1225
295
296
1656
295
2741
1223
2741
922
2745
1657
295
1218
852
1654
882
2744
1529
2742
1654
862
899
847
1539
2007
899
868
2595
2744
826
722
1540
898
1658
1256
899
1261
1652
2005
2742
1783
1250
3266
722
2732
296
821
298
294
919
2741
1549
656
2746
842
1263
722
1655
294
1652
1545
1657
899
1656
723
722
1536
1656
2744
1657
1656
799
701
899
1655
1655
1250
1655
1656
1655
1656
1259
804
1532
1657
295
1658
899
2744
899
898
2005
1262
1531
1654
1657
1654
1532
916
1257
1657
297
1657
1656
1656
1655
1523
899
1217
899
899
701
1654
295
1507
1657
1656
1657
1655
1655
1655
898
1261
1655
899
899
695
1656
1657
1657
1657
1535
2742
1656
1657
921
1545
2741
1510
1251
1657
1260
1257
2743
1654
2741
1250
294
1262
1658
295
1265
1657
898
1658
1654
1255
1656
1263
2004
1556
1655
1656
1530
1223
899
1656
1655
1654
2740
295
817
1658
1654
898
899
722
1259
1657
2744
2744
1264
899
1526
1528
722
3267
1263
2743
918
1652
700
1250
1656
899
1544
2744
1655
1555
1654
1531
1506
1657
295
1657
1657
1655
1655
1783
1655
899
1655
1528
899
921
1657
1655
1657
1656
682
1658
899
899
1548
1657
2744
919
1654
899
1658
1250
1658
1658
1657
1656
296
1654
1226
1656
899
899
1543
1538
824
294
1545
1218
1656
1657
1655
1499
1654
1264
899
294
1250
668
3267
296
297
296
295
702
295
1261
296
298
295
296
295
297
298
295
1535
297
296
297
297
1510
295
295
295
298
297
296
899
295
295
296
297
295
295
295
297
1782
296
295
294
296
295
296
296
298
296
296
298
295
295
1508
296
1653
297
295
295
295
297
1938
296
297
296
295
296
297
293
298
296
293
297
2738
296
1653
297
296
1507
296
295
295
1781
295
2759
295
293
296
297
295
296
295
295
297
296
3266
296
295
1553
295
296
296
295
702
296
296
296
296
296
296
295
295
722
899
1247
899
295
295
294
296
296
296
295
292
296
295
297
296
296
295
295
298
2594
295
1263
297
296
296
294
1781
296
297
296
298
296
1654
1785
296
296
297
295
297
724
294
281
807
296
296
1941
296
295
295
295
296
295
298
1537
295
296
295
297
296
295
295
294
293
1260
296
3266
1528
297
297
295
296
295
295
869
296
298
296
297
295
297
1654
295
296
1781
295
1657
803
3267
722
2594
295
297
722
3266
868
870
1268
692
3266
1539
722
2006
1541
2742
1534
868
1226
723
695
1250
1529
1657
1508
1656
703
2741
797
1654
2743
2006
819
2744
1261
2227
1251
662
3267
898
899
2741
2005
2741
703
2743
898
2745
2741
3266
2004
723
2739
2595
843
1263
861
797
296
296
295
297
1785
298
296
297
296
295
296
3266
295
296
295
298
899
296
3267
295
295
295
1539
802
296
2008
295
297
297
295
295
295
1540
899
295
295
298
899
295
296
295
296
296
1785
292
296
295
297
295
295
295
295
296
296
297
296
1783
1506
294
296
297
296
296
297
1536
297
296
295
296
298
296
295
295
297
294
298
298
295
295
296
296
295
1527
291
295
296
295
297
297
295
298
296
296
298
295
296
296
297
295
296
298
295
298
298
296
1535
297
899
298
2004
296
295
674
294
1250
1539
1654
899
297
296
296
296
295
295
298
297
298
297
295
296
296
295
703
296
704
295
295
296
295
1770
297
296
296
296
295
296
295
1962
297
295
824
293
294
295
295
295
296
297
3267
295
899
295
297
296
1654
1257
296
296
295
296
292
295
297
723
295
3266
297
1785
2743
297
295
295
296
705
898
294
898
296
296
1655
1657
899
656
1535
1655
2005
295
2006
1654
1651
1656
1258
1498
1252
918
723
295
1655
3266
721
1654
672
722
1548
899
1251
723
703
899
1538
1537
2741
805
3266
296
899
1531
295
298
295
685
295
297
295
296
296
297
296
1251
295
296
882
296
296
297
294
1657
296
295
295
295
1492
296
298
1262
297
295
295
295
863
295
297
295
297
296
1656
296
829
296
296
295
295
296
294
296
1257
296
296
802
295
293
296
295
296
297
295
1780
295
296
296
297
298
295
296
295
1654
295
296
296
798
296
296
297
297
295
295
295
295
295
1223
298
295
296
297
296
294
293
852
1251
296
295
296
1216
296
1654
1655
298
296
295
1654
296
296
297
297
1250
1251
295
295
295
297
1261
297
296
295
294
795
296
874
296
296
298
295
295
298
296
295
297
297
664
297
296
296
296
296
295
296
898
295
1251
296
296
295
1656
294
298
296
297
295
298
295
296
296
295
294
295
295
295
295
296
296
295
296
295
298
295
1262
297
295
296
1492
297
298
297
297
1250
298
296
295
297
295
294
294
296
297
295
295
1656
296
296
293
296
298
295
296
295
296
1655
296
296
297
1257
296
297
295
1550
296
296
1654
295
1655
297
296
297
797
295
1250
297
295
296
1250
292
296
295
296
294
296
298
1255
296
296
296
295
295
295
296
295
295
294
1549
1657
298
296
295
296
295
1655
295
1653
297
296
297
295
295
296
296
723
294
296
296
295
1226
296
296
295
298
1785
296
297
1655
297
295
297
1554
295
295
298
899
295
722
296
296
296
842
295
295
296
295
296
857
294
296
298
296
295
663
1506
297
294
298
295
295
296
297
296
1781
295
295
296
295
296
295
295
295
297
1250
296
296
296
295
295
295
295
1655
297
295
296
294
296
296
296
702
295
295
297
1655
298
295
1654
295
296
1539
898
298
295
297
297
295
295
293
1260
295
296
295
296
297
295
298
294
296
1655
296
1783
294
295
297
295
1783
295
294
295
296
1256
295
295
296
1781
297
294
297
296
1654
295
1656
296
296
898
296
296
1257
297
296
1785
296
296
1655
296
294
296
898
297
1654
295
297
295
1509
296
899
296
296
296
295
1656
295
1784
296
297
297
296
296
1256
295
295
1655
1784
298
296
295
801
296
1782
2742
722
694
2744
1265
2005
2744
1260
1492
1656
1655
2745
2003
1223
2745
1251
1529
2740
1259
1534
798
656
1250
1250
722
722
3266
722
1260
1535
1531
1251
1533
1261
656
2741
690
2741
1535
1257
1223
1652
723
2744
1547
1535
2594
2743
722
1265
1656
878
723
826
722
1508
899
2741
848
795
723
899
1264
296
868
1528
3266
2739
1655
723
1550
723
1525
296
294
297
1784
722
882
722
899
294
1656
844
899
2744
2744
295
797
2742
294
723
884
287
1260
2742
886
798
899
2742
871
722
2005
2745
886
1261
1959
722
665
1960
798
899
2742
1259
899
722
2742
2744
2741
899
793
899
686
3266
1655
2742
1657
899
723
722
723
800
1250
294
1251
294
899
692
1506
723
3267
3266
899
868
1265
1535
799
722
2740
1218
297
722
1509
2743
695
723
898
899
899
852
1552
1654
1783
1781
702
899
1259
660
1655
2591
2742
722
1250
722
723
798
723
2739
1779
2745
3266
722
722
2740
2227
3154
722
898
2006
723
1258
1223
297
2745
1226
2005
294
2003
723
722
723
2745
1552
2741
2743
2595
1789
2591
1655
722
2512
1250
723
898
671
1540
2743
801
798
722
1536
1655
2591
296
722
1218
294
1655
294
722
1250
722
679
2402
869
1241
2005
294
1529
2742
1224
1250
2742
1627
2594
657
799
869
2741
3154
899
1250
1656
1656
1218
1510
899
899
1551
1539
1938
295
656
2003
294
898
1656
899
1654
899
2006
1657
1654
1655
899
899
899
1525
1657
1533
1657
1655
1253
1258
899
1535
2005
1654
898
899
899
1651
1529
1656
723
1532
1508
1782
1657
2594
1532
2744
1226
2005
3266
295
1646
1251
722
2743
918
1528
296
296
296
297
296
297
722
295
899
1783
295
296
295
298
1654
295
296
296
293
296
701
295
296
295
1250
296
899
297
294
296
295
1654
296
295
296
1261
296
295
296
294
295
296
1785
295
296
295
297
295
295
295
295
297
295
295
1218
295
296
296
1654
296
1654
1241
296
1538
295
297
296
296
295
298
1530
295
295
297
297
295
1783
296
295
297
296
296
297
1529
296
295
296
723
296
295
296
3154
296
297
295
296
1218
723
297
295
296
294
297
296
296
291
296
294
296
295
296
295
296
899
295
298
297
295
295
297
296
296
295
296
295
722
296
297
296
298
722
296
298
296
295
296
296
294
294
298
898
295
296
1528
1654
295
295
295
295
296
296
296
295
295
295
1655
722
295
684
295
295
296
296
1785
296
297
295
296
295
295
295
295
1653
722
296
297
296
296
295
296
1783
1654
1781
296
296
1537
295
297
722
916
295
298
295
295
298
296
297
295
296
298
296
297
295
295
1656
296
294
295
297
296
296
298
296
1651
294
1259
1655
295
1656
295
855
295
298
295
298
292
899
295
297
294
296
296
296
288
1782
295
296
297
297
296
296
298
1655
295
297
656
295
802
298
296
296
1782
296
295
296
298
295
295
296
296
872
296
297
295
298
295
298
1251
295
1250
1785
296
296
298
295
295
1781
296
801
295
297
296
1657
293
296
296
722
297
296
296
295
297
297
298
298
295
295
1654
297
1513
295
295
296
293
298
295
295
1653
295
297
296
295
295
295
297
296
295
1655
297
295
723
296
295
296
296
1781
296
1656
800
1655
295
295
297
295
296
1536
297
295
296
295
295
295
296
297
296
296
295
297
296
295
295
296
296
297
295
722
296
296
1551
295
297
296
899
800
822
295
295
295
295
1656
796
849
295
298
296
1528
295
294
298
295
1263
295
295
1260
295
296
296
295
298
296
295
1654
296
296
295
296
295
294
296
889
296
1262
296
296
297
294
295
294
295
1654
296
295
294
296
297
825
296
296
294
295
295
295
295
293
1654
295
296
660
1783
295
295
295
296
1783
294
295
296
295
295
298
295
