234
267
1270
898
286
1256
1544
686
166
848
726
789
137
722
228
787
643
897
921
274
780
224
921
723
903
138
266
819
1483
263
1247
794
244
898
271
662
1254
839
144
197
819
221
898
809
196
722
681
898
722
829
898
242
1940
694
722
722
1539
695
205
289
242
191
899
248
1262
222
1548
899
794
283
797
294
242
279
256
693
245
280
275
811
662
274
736
722
678
836
267
276
243
267
691
899
800
249
1261
222
223
698
1258
258
1535
282
871
850
288
278
1250
256
287
898
682
244
1251
220
1536
285
253
289
1266
838
655
288
922
1239
818
924
274
898
848
278
1547
681
210
810
923
287
1253
256
664
1251
797
236
1267
286
723
269
1548
183
923
1639
898
899
289
850
294
924
1250
1789
654
681
688
898
2594
841
670
723
285
258
898
898
1535
898
691
287
899
1540
1549
1778
675
287
803
1256
899
1260
796
294
279
292
1250
899
1528
667
1540
1252
292
675
1260
295
287
1999
837
810
270
281
1256
1529
1250
842
1259
242
722
296
1248
722
722
684
662
1508
268
1262
898
694
1514
1218
1256
678
863
1268
700
702
1256
277
290
834
722
853
294
701
1539
675
890
1530
674
917
2596
292
656
665
677
1223
1253
825
855
843
295
282
703
849
797
900
899
294
898
797
722
1259
1798
898
847
1257
1261
898
1498
1243
898
1533
1528
1534
1250
920
1259
722
1538
1536
723
1531
2007
1959
916
673
1225
294
1216
688
290
1551
826
282
1939
723
916
898
683
898
898
1781
898
1504
670
683
3266
722
866
802
688
723
1539
1508
1223
687
1263
295
695
289
1266
898
886
288
298
663
859
667
1532
668
722
694
722
898
293
899
1655
822
1218
1541
2589
1551
1536
921
1550
288
683
1223
1537
296
1251
899
723
289
290
678
898
889
669
1223
722
858
287
688
295
898
667
821
722
1259
1240
854
1506
820
1250
1226
1549
287
673
1218
2007
678
3267
2594
675
1646
1250
722
899
273
3266
672
829
1264
2743
1257
278
292
285
293
898
1250
724
292
1513
724
898
1225
1218
1251
795
1223
296
722
806
3266
898
1942
722
1265
1218
1507
2592
898
1534
297
821
1218
1250
3266
899
2004
722
1266
1943
1251
3266
1506
1257
920
1491
3266
1936
291
1258
1256
1223
1258
1534
1544
296
898
917
295
1528
899
296
922
1218
1940
668
3266
3266
296
1258
1509
1250
1525
1514
1529
1538
2003
1540
1655
2004
683
245
1251
1538
863
286
685
801
899
898
683
3267
297
718
1533
686
287
290
898
1262
286
1255
3266
1257
819
1531
1526
1655
899
3267
899
920
800
297
898
826
3267
2008
893
899
3266
1508
1223
723
3266
3266
3266
878
1226
2005
295
2742
3266
1550
1941
1261
722
722
1539
1225
1245
1943
3266
295
1262
3266
1930
722
898
1263
1942
687
294
2227
899
898
826
295
875
722
723
898
898
297
665
1509
1225
723
692
664
899
294
898
804
887
295
706
798
1532
291
722
2227
1255
895
2006
899
1544
722
679
1259
1549
899
899
807
799
1226
2761
899
688
2226
803
722
899
293
899
3266
899
899
2009
702
679
665
898
2226
296
2227
1942
898
1538
1258
291
899
722
815
295
701
3266
1252
3266
1537
285
3267
685
1656
3266
2005
814
3266
899
841
286
1251
292
1250
722
3267
1535
1225
3266
2009
899
1258
1553
1533
3266
899
807
899
2009
899
296
3266
899
2009
3266
294
898
722
293
887
3267
899
834
2227
679
898
295
899
3266
3266
3266
899
703
679
712
292
595
298
1942
723
3154
683
295
2598
3267
3266
899
287
899
1261
2008
1218
722
3266
1554
2006
807
899
899
2009
3267
2595
899
1263
2009
1939
2005
2009
3266
3154
3266
898
722
671
722
2009
898
293
892
722
898
296
3154
899
3267
724
899
3267
3266
1218
1262
1258
1655
2004
2740
1654
3266
900
594
595
2226
899
1535
2009
894
899
295
723
1785
1547
835
2741
842
835
295
2009
2009
1942
1508
1944
3155
3266
3266
899
595
723
261
722
823
723
3153
798
1250
1538
659
279
2402
3154
3266
2003
292
2226
882
3267
3266
798
3267
3156
722
722
1757
1542
722
722
594
715
721
701
2178
722
594
3266
722
3266
3266
3154
292
865
869
1225
722
2226
799
869
722
667
297
722
898
723
1260
3266
898
1250
2005
2003
3266
3156
3266
3157
1510
287
2591
3266
2226
1263
2227
3154
2591
3267
3266
2227
2403
798
2023
2003
3266
3267
1551
3155
3266
2226
2003
2004
2226
899
722
293
594
2004
2227
2227
804
722
683
296
2226
868
1253
868
1530
899
662
722
594
663
3267
3266
2003
3154
899
594
595
3266
3266
868
723
595
722
722
3266
699
869
899
723
1549
3266
2233
3266
2005
3155
3266
3266
1551
3266
2227
2994
1263
2005
3267
2007
3266
3155
3156
899
3154
3266
2226
1256
2003
2227
2226
850
2003
3156
899
722
3266
2003
2742
1543
1223
899
723
722
2227
897
595
3266
2003
2003
3154
3157
293
722
595
722
595
723
722
898
3266
3266
3154
899
799
295
594
594
3266
899
722
1939
2226
886
3266
2914
2994
723
2402
2744
3156
2402
2003
3154
2227
2227
594
722
3267
3156
3266
2003
899
723
722
723
594
722
2402
2740
1218
3154
2003
1263
3155
2227
3266
899
723
3266
899
595
666
295
722
2003
3155
802
2227
722
722
723
721
2003
3154
3266
2994
722
595
3154
3266
722
1225
2226
594
3024
722
722
683
295
293
879
882
595
723
723
723
594
594
594
722
689
594
2005
3266
899
722
3009
3266
3155
3156
244
295
2003
3154
297
869
3266
2226
3266
3154
3154
2226
3266
3156
3266
2003
294
854
2994
2226
3266
3154
1260
2004
3267
898
3266
2956
3154
2005
2414
3154
1256
3266
2818
3266
2740
879
722
595
722
3266
869
295
899
2915
2227
720
594
2005
3154
3266
2226
722
2226
2402
295
594
3266
898
801
293
722
722
594
594
594
722
722
1542
3266
2227
1244
3266
2003
1257
2227
3267
1528
3267
3266
2004
2227
1536
2227
595
872
675
723
595
595
594
665
898
722
720
722
664
2227
3266
3157
3154
3155
684
295
3266
2227
2006
3154
2227
1654
2745
3156
3154
3154
2227
1261
2003
800
296
868
899
898
722
595
722
669
722
594
1259
3154
1785
2003
798
722
839
796
1940
2226
2226
722
723
722
297
295
594
2227
722
595
2994
2596
3267
2003
3266
798
3154
3266
3154
3266
3266
2226
722
2005
2004
1257
1250
3266
868
3154
3266
3266
2227
879
723
594
825
722
899
295
2226
594
899
594
594
805
594
723
595
3154
3266
2003
3266
3266
2004
296
722
3266
656
3266
2004
295
3266
3267
1541
3154
687
3155
2005
2226
594
723
798
292
683
295
3267
2007
2003
3156
2226
2004
2226
3154
3266
2005
3154
3266
2227
2841
798
722
295
594
594
722
723
899
295
3266
2226
722
865
722
805
3267
3154
806
723
594
722
594
722
663
722
298
722
802
3267
3154
3267
2406
3266
3266
3154
3154
3267
3266
1250
3266
295
1962
722
276
722
722
594
594
699
692
594
722
594
594
722
1248
2226
3155
1536
722
1225
3267
722
2003
3266
3266
3266
1538
2005
3266
3154
2005
3266
2227
1543
2003
2940
1218
722
594
882
594
594
710
595
722
2403
3157
2003
1225
858
2004
2226
2226
594
723
594
594
715
2226
594
595
2227
667
867
1536
594
595
800
887
594
594
594
722
295
594
722
594
722
3266
3266
845
3266
3153
2004
3266
2226
722
722
3266
2226
2596
723
3266
3155
3154
1250
2005
3266
2004
2226
1550
899
2226
723
722
3266
2003
2003
2227
661
594
889
873
722
595
595
722
595
594
723
594
697
722
3266
2004
2003
3155
3266
700
887
3267
722
295
3266
2003
2914
2226
1509
3266
2226
594
722
295
898
295
668
2003
703
594
594
722
665
722
797
594
722
686
3154
1531
2227
1532
3266
3266
3266
2226
723
723
594
722
1529
2003
2227
1533
2402
3267
899
3155
2227
723
3154
899
719
595
3155
797
3266
3154
1223
3266
2003
2226
3266
2005
1223
3154
3154
2003
3267
1252
2591
1547
2597
2003
1219
3156
3155
2004
3266
2007
826
3266
2003
899
3266
2227
595
594
878
722
595
898
2227
594
594
2227
899
722
722
660
295
284
842
2226
3156
722
2821
3266
899
295
1550
2227
3154
3266
1258
3154
2003
2226
3266
2226
1783
2994
2226
595
594
794
722
295
888
1265
2227
3266
899
3154
2003
2227
594
595
594
594
722
722
295
722
594
3266
3266
1522
3267
2594
3154
3266
703
294
722
594
722
656
705
878
3154
2003
3157
297
1528
899
2003
295
2003
2005
2004
899
2227
2226
3266
3266
2746
722
2004
1254
297
2227
3155
2003
3157
2227
2227
2005
899
2595
2003
3266
3154
3266
3154
3266
2227
722
722
2006
798
1225
265
2994
3154
3266
2226
1654
3266
2227
2403
3154
2994
3266
2226
3266
3266
3157
2003
723
1531
3154
722
289
789
3154
899
662
594
3266
3266
3266
3266
2226
2004
2594
3154
722
3266
2003
1941
722
683
2226
722
594
594
657
295
3266
3266
3266
2227
3154
3266
3154
702
594
722
723
1257
2593
3266
2226
595
592
594
722
295
722
899
3154
3154
2003
1257
2994
2226
2003
1782
3156
3266
3154
3266
2003
2226
723
2226
1509
2227
2003
296
1225
1940
3154
3154
3156
2744
2744
1940
683
295
3266
3267
2226
722
1543
3266
3157
3154
2226
2004
2994
723
722
3157
3266
3154
848
3154
1250
3154
3266
2226
898
594
886
664
722
898
3154
899
291
857
899
3266
2226
899
3266
3267
3070
2004
723
722
1265
2226
2994
2003
3266
3154
295
659
286
701
869
2226
3266
3266
3266
899
723
594
595
590
595
722
594
722
722
3154
3266
3154
3057
2226
722
3266
898
919
3266
3154
1223
1253
723
722
2003
722
722
594
594
2005
2226
594
719
875
723
594
1533
2226
722
594
722
723
296
2003
3266
2227
690
3154
2003
798
2226
595
722
2004
3154
723
295
594
898
662
594
722
723
3155
3267
3154
3267
686
295
3155
3266
2994
2226
2025
899
3266
2994
3154
899
595
722
722
722
669
723
295
898
594
722
2227
722
3266
2006
2226
3154
3266
1536
2003
2007
868
677
260
2227
3154
3267
3266
3266
3266
3154
2226
3266
3266
2226
3156
3267
3156
2227
2226
1554
3266
3266
2003
3266
2227
1509
803
1507
1225
249
723
722
1940
3266
1250
2466
3266
3267
1256
2226
869
3266
2402
3266
2003
871
290
2589
2005
3156
3154
2005
3266
2227
595
585
1240
2005
2003
825
295
2226
3266
1656
2594
899
3155
3267
2226
798
842
3266
2003
2003
2004
722
594
722
2994
2402
3154
3266
3155
674
295
899
806
2994
2004
3156
3154
2003
3266
2226
1941
3154
899
2003
723
3266
2226
2226
3266
3266
3154
2994
3266
3266
3155
2226
801
295
595
722
722
722
722
2591
2226
2227
722
3267
2005
1254
2227
660
899
3154
1264
1251
2226
785
2473
2402
2226
1529
2003
2591
722
723
2003
2003
3266
899
2403
2003
287
3266
2922
2003
2003
3154
3266
2003
3266
2003
683
2007
2003
2227
1551
882
594
722
594
3266
3266
2003
2227
595
595
3266
3155
722
722
595
660
1225
270
2978
3156
2594
2227
723
2227
2226
1223
1655
3266
2003
1259
3266
2003
3154
3156
2226
594
595
722
2402
722
3266
722
722
669
595
3266
3267
703
722
723
594
594
899
722
594
723
3266
1506
292
1783
295
2003
2005
2004
2003
2226
847
3266
1492
3266
2227
595
722
295
722
595
295
594
594
661
594
722
594
582
711
723
722
3154
3266
3155
799
295
658
290
899
293
723
3266
297
296
296
1782
296
296
881
798
296
295
850
297
1510
296
296
723
296
296
296
296
898
295
295
296
594
296
296
296
595
297
297
807
296
296
594
297
296
1653
296
298
296
296
899
722
723
1225
292
899
294
295
297
294
295
1263
869
1657
296
295
295
295
2227
296
296
296
296
296
1266
875
3267
296
296
296
295
295
293
289
296
295
296
296
295
296
296
297
1783
296
296
296
296
296
296
295
297
297
1251
296
290
294
722
595
595
1654
296
296
2741
3154
1655
2594
2004
2457
2744
2245
856
2744
2226
2006
2741
882
2744
295
2741
722
2741
1655
2740
2742
2226
2741
2741
2227
722
1879
684
722
2226
2741
791
723
435
3266
2743
2745
295
2742
2402
2743
2227
2745
2747
1656
1655
1655
1261
1655
294
1655
1526
1658
1655
1655
1657
1655
1655
1657
1658
899
1655
1655
1655
1656
1654
1654
595
295
1658
899
292
1654
1655
1654
899
899
295
1657
695
1657
1657
1259
2742
2741
2226
2743
1223
2744
2743
2743
2226
2744
2742
2741
2741
1655
722
2744
2226
2226
2738
805
2226
3266
2226
3267
722
2005
3154
3267
3154
1553
3154
2003
3266
3154
898
2226
3267
3157
3266
1227
899
2227
3155
3266
723
2161
2227
2402
435
3266
3154
3156
3266
3266
3154
3155
2003
3266
3266
1538
2003
3266
3266
1653
3266
899
3266
2226
3266
3156
846
258
868
3266
899
3266
3154
2227
3154
1541
2226
2227
3266
3266
1531
2003
3156
3155
3266
3155
3154
722
683
295
722
722
722
723
2003
886
2005
2742
3266
660
2005
3266
1942
3266
2226
3070
2226
1534
3154
2226
2227
3155
3154
899
683
295
2994
899
899
2226
3266
2994
1251
2403
2226
1531
2226
3266
2226
3266
1527
3266
3267
1257
3266
297
3154
3266
2595
1250
3154
838
3267
3155
722
722
898
714
595
898
594
2227
899
3154
3266
3267
295
3267
2402
899
3266
899
2226
594
723
435
594
672
295
296
296
723
722
2994
2227
723
722
670
295
1257
3156
3266
722
722
898
594
2226
806
2003
2226
595
722
257
595
594
1506
2994
898
656
1225
1225
1266
295
293
3267
2227
2994
1943
1218
899
2227
722
722
3266
1530
798
3266
2005
3266
3266
798
2227
722
594
594
722
295
722
3266
899
722
595
595
663
594
722
722
722
722
722
295
898
594
723
2227
868
1240
887
2226
888
875
594
295
722
658
722
435
722
594
722
594
594
594
594
594
594
594
696
659
710
594
722
653
594
594
594
722
723
691
594
594
2003
3267
3156
2005
2745
3266
722
594
722
722
295
287
723
722
594
723
722
720
899
898
295
594
595
594
723
3266
869
1251
722
722
295
722
595
2227
2003
2226
1218
2227
3155
3157
3155
3266
899
595
3266
3266
3266
872
3266
2003
899
722
723
295
722
899
2003
722
595
595
595
722
899
723
899
899
1223
3157
2227
899
3266
2226
594
3266
3266
3267
899
722
595
722
295
594
1534
3266
3154
3266
3266
3266
3266
3267
3266
2003
2994
723
295
722
595
595
899
723
722
594
722
899
596
595
722
723
722
594
723
2994
3266
3266
1264
2226
2227
595
2003
3267
3266
2003
3157
3266
3155
3154
683
295
3154
833
293
3266
1547
722
2004
2003
899
864
3266
798
3266
3154
3266
3154
722
3266
1218
826
3267
3266
2402
3266
2226
899
898
723
665
899
3267
3266
2227
3266
3154
3267
704
2574
722
798
798
722
1251
2226
2227
722
594
663
722
2993
802
683
295
2227
594
723
3266
3266
3266
296
293
723
3266
3266
1223
1250
1528
2226
663
3154
899
594
595
722
595
723
594
2003
1549
3154
3266
683
295
2940
1783
2005
3266
2008
295
701
294
595
722
3266
3266
2226
594
2594
1534
2003
1218
2003
723
722
722
594
594
898
594
595
594
722
659
2227
3266
899
296
3267
3267
3154
3266
3154
2535
3266
2227
722
295
595
722
722
2227
594
594
595
595
722
2003
2994
3154
683
295
722
898
723
722
594
585
701
594
589
594
594
722
3154
2227
722
3267
3154
3266
3267
1223
3154
2227
2402
3154
800
899
2006
3154
3266
722
2003
1655
295
3266
2227
3266
3266
3267
2226
3157
2745
1958
3266
2552
825
722
899
3266
3154
899
294
292
2178
3154
722
2003
3266
3267
1259
2226
1541
722
722
1264
295
722
722
3154
2003
3154
2003
801
3154
3267
3154
3154
2227
2003
3266
2003
3266
2591
2227
3154
722
722
2003
2226
1259
3267
3266
2227
2005
2226
2003
2227
3267
1782
846
1220
2226
3155
3154
2227
3154
2003
3154
2003
883
3267
3266
1528
3154
3266
2003
3266
3154
2402
2227
1223
2004
723
2226
2227
2227
3154
2227
869
2402
3155
3154
899
2003
812
798
294
3154
868
2227
3133
3154
3266
2003
3266
723
722
2227
2227
1219
802
2389
2227
899
2362
3266
3266
2003
2003
2226
723
3154
898
899
722
2402
3266
2591
3156
3266
1257
2808
3266
2283
3154
2226
899
898
2226
296
3266
2994
851
1656
723
297
3154
2006
2227
3266
868
295
2003
2003
3266
3266
3154
3267
2227
1526
1252
3266
898
2005
3266
3154
2227
899
3154
2226
2958
899
2003
3266
3266
1656
683
269
3266
3266
2227
2994
2003
3154
2226
2226
2226
847
3266
2005
2005
3154
2227
2226
3157
3266
798
3267
3267
3266
3266
3154
2226
3266
2226
3266
2003
2226
2007
269
899
3266
3266
3156
1250
3156
2227
2003
3154
3155
3266
2227
1251
2227
3154
1218
660
2226
2005
2226
3266
2227
3266
2744
3266
3266
1259
869
285
920
723
1165
1135
3154
2227
3266
2227
1529
2226
2227
879
595
594
668
593
723
594
722
294
722
594
1655
2741
2740
2005
805
2741
2743
2226
1226
2226
435
723
798
1250
722
899
594
595
2741
683
295
1790
861
784
722
594
434
296
835
723
667
593
594
1655
1649
869
722
595
711
2742
898
296
722
2402
1225
2226
2226
2227
2744
295
1648
1655
2741
1654
2226
1258
1648
2744
295
1256
2744
869
2008
2741
2178
2741
723
1218
1654
2740
2744
1139
2226
2741
2594
2226
2745
2743
683
295
2740
2226
2744
723
2744
2226
2740
3154
1537
2005
2003
2003
1529
2003
3266
3154
3154
3266
899
3266
2005
3266
656
3154
2227
3154
2003
1265
1553
3154
3266
3267
3154
3266
2003
2005
3154
796
868
2226
293
3266
899
3266
3267
2227
2226
3266
1533
2003
1655
865
898
2226
2226
3267
899
1223
2009
2226
3266
899
899
276
295
3266
2004
2226
2745
1225
275
2227
723
594
670
295
595
594
3154
3266
2227
594
670
722
595
2003
2003
3266
1783
295
3154
871
799
3266
3266
872
3154
3154
3266
2227
3266
3155
684
295
2003
291
844
2226
722
2003
2227
722
595
2226
723
722
594
3267
3156
898
3266
795
783
900
716
3266
3266
3266
2003
2227
3266
1530
295
2994
3154
899
1533
3266
3156
1259
2003
899
3154
3154
3266
2227
594
722
3266
3266
2005
3266
2226
3154
899
594
722
723
2699
295
296
296
899
1250
1654
883
293
868
295
291
1654
296
296
296
297
683
295
294
294
229
722
594
1654
296
295
722
298
294
1250
297
294
1656
296
296
296
296
295
294
295
1657
296
296
296
296
296
296
899
297
295
295
296
296
296
296
296
296
295
1656
296
296
296
296
296
296
296
295
296
295
295
1656
296
296
296
294
1656
296
296
295
294
796
297
292
295
294
594
295
296
722
297
296
296
295
295
298
296
297
295
805
296
296
296
296
296
296
296
296
295
1250
297
290
296
296
295
723
296
297
296
296
296
296
296
296
294
296
296
296
296
297
296
296
296
295
296
296
296
296
296
296
296
296
296
296
1656
296
295
296
297
296
296
296
296
296
296
296
296
296
296
296
296
295
295
296
296
296
296
297
295
722
1266
722
1266
899
594
296
296
296
295
295
296
296
295
295
295
294
296
296
595
297
594
297
295
295
594
297
296
594
296
297
594
295
296
296
723
297
296
295
295
296
296
669
291
722
296
296
295
294
296
295
293
295
294
294
723
722
3266
1538
2994
3267
3266
877
882
2003
2004
2914
3154
3154
868
2005
3266
2227
3267
872
805
295
2005
899
1943
798
2403
2005
656
722
2402
2429
3155
723
2003
3267
2226
1656
869
1225
2947
2003
3267
3154
2927
2004
2004
2226
921
1536
868
2226
2003
3154
3267
1259
2003
3266
2226
3266
3267
2994
2226
2004
656
295
2227
2227
1257
899
701
666
899
1510
3267
868
898
868
2227
3266
2226
3155
3266
2005
722
675
868
2227
2003
3156
3154
3154
3266
660
294
3266
2226
3154
3266
2227
3154
295
2226
594
1922
866
295
722
722
722
2227
722
595
669
722
2227
595
1250
656
2004
899
595
2731
1535
3267
3267
2226
3154
269
722
722
594
899
2226
864
899
295
3266
3155
2004
3267
1223
2226
722
723
669
722
1536
2227
1261
873
722
818
722
706
678
722
2597
721
723
595
595
595
722
594
722
723
595
722
1530
701
595
723
3266
3266
722
723
1854
594
722
594
3156
3154
2994
2226
594
2007
3154
3266
2005
2227
723
722
1537
899
723
872
295
1260
2005
2005
3154
722
723
595
594
724
722
297
678
722
1218
3267
1547
3266
2005
787
2226
722
293
663
594
595
722
2008
3154
3154
3154
2226
594
3267
2005
2994
223
1264
295
296
2005
3266
869
3154
1509
2005
2226
595
594
663
1546
3266
3156
2227
1262
2227
721
3154
2226
2226
723
594
723
822
594
2226
722
722
1251
3267
3154
3157
3267
2227
2226
2226
899
722
721
669
671
722
722
722
2005
862
3267
1538
898
857
722
3266
3266
2994
2226
595
722
712
898
595
722
898
3266
809
3266
2226
2402
829
2004
3266
1782
1256
295
2003
886
825
3266
1510
722
722
595
594
2226
722
722
2227
2226
667
722
722
889
594
722
3266
3266
2226
2005
2226
2006
1939
2590
2226
595
595
2007
295
291
3266
3267
3157
3266
2005
3156
722
1264
295
2003
2004
3157
704
722
723
596
2005
3266
799
1535
702
722
595
595
723
722
722
668
594
295
722
595
3156
819
1534
2227
1791
2003
1512
723
722
898
1223
2003
2227
3154
2003
899
665
899
682
722
666
594
3267
2003
3266
1258
2226
723
722
2003
722
722
722
595
723
722
722
594
594
595
594
722
3153
3154
2596
2003
1262
3157
2005
3266
1942
3154
1779
3266
3156
2023
2995
2003
3266
2003
3154
3266
3154
3154
2003
3267
3266
1543
2005
683
3154
868
3266
2226
595
2402
3154
2592
3267
2650
3154
3155
1261
1251
2227
722
3267
2226
594
585
595
657
295
2227
595
3266
3266
3266
3154
682
2402
2226
899
899
3266
2003
3154
2227
2005
1218
3266
1245
3266
3266
2006
899
295
594
594
2003
922
3267
2003
2227
722
722
1226
3266
2741
3154
2003
2003
3153
3266
296
722
594
722
594
723
722
434
594
722
722
722
3156
1250
2227
3267
2227
2003
2006
1656
2227
1261
3154
3266
2227
3266
3267
2994
3266
1223
3266
1778
722
2226
594
663
722
723
594
594
594
693
595
2227
2226
2739
2227
3266
2226
594
3154
899
795
722
268
3266
722
722
594
722
722
3154
2858
1262
295
3154
2007
3266
3266
3266
3266
3154
295
3157
2003
3154
2227
713
722
879
898
867
722
289
722
722
3267
1535
3266
3267
2003
3154
825
295
3266
722
723
667
295
722
594
594
722
1263
2226
594
722
595
3266
805
799
258
3154
3154
2403
297
722
594
293
718
722
723
295
713
595
723
720
722
722
1262
2983
1268
722
722
594
722
722
722
722
887
3266
1554
3266
1250
3266
2226
2285
722
594
594
675
594
594
886
722
799
723
831
3266
2005
3266
3267
899
2005
2743
3266
2226
2226
2330
2005
2994
1936
2003
2402
1225
1258
722
2590
2007
2402
898
1256
723
883
594
722
2227
722
3266
3267
3266
3267
918
1505
1251
723
293
3266
2226
594
722
723
804
899
722
722
3266
3266
3267
3266
295
3155
2003
2004
2004
1259
3266
2227
2003
3266
3266
3154
2003
2994
297
3266
821
2589
2004
3154
2994
3156
842
2594
3266
3266
3155
1531
3156
3266
2004
667
1256
295
703
3266
722
722
722
722
886
295
722
723
595
3154
3266
3266
704
3267
3154
3157
2003
3154
3266
3266
1267
723
2226
722
594
883
594
594
722
722
594
722
722
723
722
296
594
594
594
3266
2227
2005
723
721
722
294
722
594
2007
3266
295
3266
722
3154
2227
723
594
2005
3154
2594
1548
899
665
594
2003
2227
898
594
2994
722
295
595
594
722
722
898
722
826
806
918
3266
3266
3266
3266
1266
2025
678
3156
2226
1517
722
3266
1783
660
722
3156
3154
2227
1263
2226
2226
2005
3156
844
3154
1538
1263
2595
3157
295
3157
1544
3266
2296
1507
898
3266
3153
3154
2226
3266
3154
2513
3156
683
1554
2003
2994
3267
2005
3157
1543
1533
1530
3266
2227
722
722
720
594
723
722
722
722
594
722
594
722
594
722
295
289
722
1250
3266
2003
3266
2946
2226
295
722
722
889
889
595
666
899
3154
899
2003
3266
3266
3154
3266
3157
2004
3266
3266
1257
1528
2004
2226
668
298
722
1942
2003
3266
3266
2226
2226
722
594
595
722
722
722
722
722
295
722
1268
2226
3154
3157
3266
2595
722
595
722
703
294
720
1546
3266
3154
2752
3266
3155
269
1257
3155
2226
595
595
722
3266
3154
801
2226
668
295
3266
1529
2931
2226
2226
3267
2003
833
3266
722
2226
594
293
722
722
594
718
3157
3154
2003
1549
683
3266
722
722
723
3157
2226
1945
435
1942
1226
295
2003
3266
2226
2227
2003
833
1265
830
2005
723
722
722
594
594
722
3267
3155
257
3267
2226
1531
3157
1543
1260
3267
2402
659
1264
295
3266
2003
660
722
1653
295
297
3157
2949
1254
2003
1549
1263
3267
2226
595
594
2226
595
722
595
3154
3266
2744
867
1250
3154
3157
1225
722
722
594
803
295
898
668
594
2227
3156
2403
2004
899
722
295
723
592
594
594
594
722
2003
3266
899
3266
2003
2253
701
2994
295
2003
3266
798
804
1800
3266
1529
2003
3266
826
3154
899
899
3266
2741
2227
2227
3266
2994
3267
3156
2005
3266
2226
296
3154
1250
802
722
787
899
3156
1498
2402
2226
2227
3154
3155
722
3266
3266
2003
3154
3154
3154
3266
683
295
3266
2227
3266
2003
3267
2927
2005
2227
722
830
293
683
2005
3156
2226
3154
3267
2003
3155
1257
3267
802
3154
2003
3266
3267
2003
2003
723
723
725
3266
722
594
594
671
851
3267
2226
3155
2226
723
3154
2226
3266
2226
3266
3155
2005
3266
2227
3154
1783
686
675
3266
1526
2588
1531
2686
295
1654
295
297
293
295
295
1226
294
295
722
595
296
296
297
297
722
722
295
293
289
435
296
722
297
296
295
294
851
1784
295
295
296
297
297
1656
295
296
296
296
722
296
296
296
296
296
295
295
292
295
667
296
296
296
595
1266
722
1653
295
1657
295
296
674
1533
296
296
296
297
295
295
295
295
296
295
296
295
296
295
296
296
295
899
296
296
296
802
296
296
296
296
295
1657
296
296
296
296
295
296
297
295
296
296
296
295
296
296
296
296
295
296
295
2003
297
296
296
1783
296
296
296
1785
3156
296
296
1266
295
297
298
1225
829
295
296
297
2226
295
296
296
297
298
296
296
295
295
701
295
295
296
295
297
683
295
295
294
279
296
295
295
723
295
296
296
296
296
296
296
295
296
296
296
296
296
296
296
296
296
296
1657
296
296
296
296
296
296
295
295
296
297
296
296
296
296
295
296
293
294
295
295
1538
296
295
296
296
296
296
295
295
297
296
297
1780
296
296
296
296
296
296
296
296
296
296
296
296
723
296
296
296
296
296
296
296
296
296
296
296
296
296
296
296
296
296
296
296
296
295
296
296
1655
296
296
296
296
296
296
296
295
295
296
295
296
296
296
295
295
296
296
295
1655
298
296
1785
296
296
296
296
296
296
296
296
296
296
296
296
297
1050
295
296
296
296
296
296
296
296
296
1657
1653
296
296
296
296
872
722
296
294
296
297
1656
1656
296
296
295
296
295
296
295
296
297
296
296
296
296
296
295
296
296
296
296
296
296
296
296
295
295
295
297
296
296
296
296
296
296
296
296
295
296
296
295
296
297
295
1656
296
295
296
296
296
296
297
296
296
296
296
295
297
295
295
1653
296
296
295
295
296
876
722
899
899
899
595
898
296
296
296
595
295
296
595
296
295
291
295
722
297
296
296
296
296
722
678
295
296
296
296
683
295
295
1654
296
296
296
296
295
296
1658
296
296
296
296
295
296
296
296
296
296
296
296
296
296
296
296
296
295
296
296
295
1250
297
296
296
296
296
295
297
295
296
296
296
296
296
296
296
296
296
295
295
296
296
296
295
296
296
296
296
296
295
296
296
295
295
297
295
296
295
296
1655
296
296
296
296
296
296
296
296
296
295
296
295
296
296
296
296
296
296
296
296
296
296
296
296
1658
296
296
1656
296
295
296
295
296
296
296
296
296
296
296
296
296
295
292
296
296
296
295
297
296
295
295
296
293
683
295
297
295
3157
899
2025
3266
3266
3154
1491
899
3267
846
3267
2226
2005
1536
2003
1528
2003
295
3154
3154
2226
848
3266
1250
846
899
2226
2006
2004
2003
2994
1226
2742
2227
2226
899
2003
3267
796
3154
3155
3266
3155
2994
828
1223
2004
3154
2226
2003
1783
899
722
2003
833
3266
2227
2226
898
3154
821
242
1537
1257
3154
297
3267
2226
919
3266
1538
1262
3266
3154
800
798
295
723
798
2594
434
1940
2227
3266
3154
3266
2226
3155
3266
2003
2226
808
899
723
702
595
595
722
723
722
594
722
291
722
2025
3155
2226
594
723
896
722
595
594
722
3266
2226
899
899
295
594
595
723
594
594
723
3154
818
295
3266
3156
2005
2003
3154
801
2227
594
594
722
3154
683
295
1782
3156
872
2227
594
594
594
3154
2227
595
2594
296
269
2594
722
722
3154
2594
3154
296
723
277
295
875
722
867
2227
3266
2760
2226
2227
2592
3266
3266
3266
2226
2226
3266
798
660
296
2005
2901
3157
2003
2226
1534
3156
1538
3266
3266
3155
3266
3266
2578
2003
3266
2226
3266
2226
3157
296
723
722
722
800
295
669
722
723
595
3266
830
899
295
594
898
723
717
594
869
1940
1218
3266
3154
798
2978
2003
2005
3154
801
825
295
1259
2003
3156
722
722
710
594
2003
1942
1548
2003
2994
2226
3266
2226
2227
869
1223
2003
2402
2003
3266
3267
723
663
2003
3154
2226
723
595
3154
2850
3157
3156
722
868
1225
683
295
2227
1543
3266
702
722
2003
2226
723
722
594
2226
3154
3266
1268
3266
3155
3266
3154
1782
916
3266
295
3266
2994
3266
2003
3154
2226
720
293
722
2226
3266
722
3267
722
2003
3154
3156
2226
595
722
2227
722
2864
3154
295
3266
3156
3266
2227
595
722
722
594
722
898
722
3155
703
722
722
723
2226
722
295
722
1543
1258
3267
2994
3154
3266
3154
3156
723
295
594
722
670
888
720
3266
2003
3154
3267
722
2003
1261
3266
3155
2005
1533
2003
3157
2226
3157
2226
802
2003
1225
683
295
3157
296
2599
3266
799
3266
1657
722
291
722
722
595
594
722
722
722
3154
2006
3266
2006
1266
2227
295
722
848
899
296
1542
899
887
594
2226
594
887
898
594
723
3266
1531
1533
1549
2007
2003
899
2003
3155
3266
3266
1498
3266
868
3266
2006
295
3155
3266
2402
1554
3266
3266
1538
3155
3266
3266
2226
722
722
594
298
722
3267
899
657
3266
3156
2003
2593
3267
3266
3157
3156
1251
3266
1554
801
2003
1262
3266
2227
594
723
722
295
594
668
595
594
667
722
663
899
722
3266
876
594
722
2226
722
722
722
1251
813
722
2594
3266
3155
3266
3156
848
2226
1264
1264
3266
3266
722
2226
2227
1533
1240
2226
898
595
712
293
723
594
899
722
295
892
3266
2227
3154
799
3266
2162
1942
2226
595
595
595
594
722
3155
3266
2227
594
2374
2227
722
595
2004
3154
3267
3266
3266
722
2003
297
880
721
595
594
665
677
3266
3154
2227
3154
872
2006
898
295
595
594
594
2226
3266
2227
3266
3267
2745
3266
2994
293
3267
2004
2006
2003
656
294
899
595
594
1534
1532
2003
3266
2003
3154
3266
295
293
2003
3267
1940
722
295
595
722
723
2227
595
3154
722
1225
845
899
594
594
595
722
3266
1538
2003
899
594
594
722
594
722
1543
1534
3156
2003
2403
802
849
1225
294
295
294
3266
2226
2226
1223
2227
3157
1548
3154
2226
594
722
2005
3156
3266
2003
3154
1259
2003
2003
2227
595
293
853
709
2745
723
3266
1781
2005
2227
657
3266
2504
2003
899
594
723
1550
722
657
703
899
594
594
722
2226
722
896
595
830
722
858
722
3266
2595
3266
800
2402
2004
3266
1544
3154
2227
1654
3266
3154
3266
3266
3266
3266
2226
1537
899
663
288
722
595
3266
2003
2003
295
294
292
1251
827
295
297
1653
722
296
722
594
723
722
296
722
1225
2004
899
594
594
887
722
722
722
898
722
295
595
1535
3154
2994
2227
3266
2226
2004
1223
1655
1534
1539
3157
1255
2005
2994
2744
899
668
594
882
722
667
722
2227
2004
3267
3154
869
2226
3266
2004
723
2003
1548
2005
2994
3154
3156
2227
595
3267
2226
594
2994
2742
845
722
899
2005
3156
2004
683
295
295
3266
3154
3266
722
594
595
798
723
898
295
594
722
594
595
594
1538
798
3155
2005
3155
2227
662
595
294
723
594
3266
3266
2226
722
594
2226
722
722
670
669
594
594
3267
2226
3266
3154
295
854
723
680
1259
295
899
295
594
722
595
722
722
824
898
722
1250
2227
722
3266
3267
3266
3266
3154
3153
3266
3266
3267
2227
1507
295
1790
3154
2003
2005
2227
1782
3266
2003
3154
3266
3154
3266
842
3267
2470
2005
2226
594
723
899
2003
853
2226
594
666
898
722
3266
3266
3267
3266
3266
2004
1266
2840
2005
2003
2005
2590
2005
898
2594
1513
3156
294
868
293
798
3154
722
3155
2003
723
3157
1250
1258
3154
2994
2227
3156
883
667
898
595
722
594
594
594
722
899
834
295
3266
2226
3155
3267
3266
3154
2226
594
898
2005
3156
706
296
1538
722
1262
2003
3157
3154
2226
295
295
723
594
594
595
2226
594
663
593
722
594
582
594
594
594
722
722
722
594
594
722
2994
2517
3266
2226
722
594
723
898
594
296
595
594
594
722
2227
2226
1268
1258
2003
800
2227
595
595
3266
722
723
295
722
722
2227
2004
2226
3156
3266
2402
3154
1509
2003
3266
3266
2473
878
2402
3154
689
295
2004
3154
868
3157
899
2004
3266
3267
1535
722
722
594
722
667
722
594
594
595
295
899
667
594
594
594
2005
3267
1523
830
2994
2005
3154
3266
3157
2005
899
898
669
722
295
722
594
723
595
722
722
595
922
887
1250
2226
801
3267
723
723
3266
3266
723
3266
3154
2005
2227
722
1533
3020
2227
595
813
295
722
723
594
2003
2226
3267
722
595
2226
595
3154
675
293
2962
722
1530
2003
899
722
722
883
723
722
722
594
594
891
723
3267
922
830
1259
723
594
594
595
666
722
594
722
898
1149
1543
1262
1262
899
666
595
594
3266
899
595
719
594
595
722
722
1257
3267
3266
2004
704
898
594
2003
3266
2003
3267
295
294
2226
2226
2227
722
722
2227
2003
3267
1250
2226
2003
3266
899
1509
885
899
595
2003
3266
3266
3155
2226
2003
899
594
899
722
680
3267
2005
701
703
296
295
295
595
295
294
295
723
673
723
722
3266
3266
3157
1260
3154
2226
899
664
722
595
665
822
869
1225
3267
2003
2994
1259
2402
2227
2227
3266
899
899
595
722
593
898
3115
3266
2227
722
2226
594
722
723
722
3266
899
723
722
3155
898
722
593
722
689
434
594
594
712
595
595
594
665
666
594
2741
1246
3266
792
2003
899
722
723
663
888
295
595
722
2593
899
723
723
594
595
595
3154
3156
3267
3266
2227
722
722
723
723
899
2226
594
295
666
722
722
722
2226
1538
722
898
722
1250
899
594
722
667
722
722
594
722
594
1533
3266
899
595
594
898
671
295
3154
2009
2005
2226
898
722
676
594
2003
869
675
2226
670
722
722
719
879
594
722
294
722
898
723
594
710
722
594
722
722
594
3157
3267
1226
3155
3266
2227
723
916
3266
897
2413
3154
3266
3154
3266
3155
2226
2226
3267
3266
2226
722
722
722
1225
3266
722
293
722
3267
2992
722
295
595
594
594
595
2226
722
722
3266
2005
3266
2994
2403
3154
1510
3267
3266
868
2005
2003
2005
2227
595
594
2227
3266
2226
3266
2743
2402
3266
3154
2003
3154
3156
2226
722
594
594
2003
1543
2227
2226
3154
722
802
3266
2594
2003
2005
2003
819
844
723
722
586
784
594
722
594
1940
3266
723
1941
1261
295
800
796
295
2006
296
1781
3267
3266
2003
3266
2005
2994
3267
3266
2226
722
594
2226
2742
3267
3266
2226
665
594
3267
3154
2227
435
722
2227
594
594
1940
2227
723
595
723
898
594
258
722
722
662
723
2227
1781
2003
295
3266
1534
3157
1223
3266
1223
723
596
594
722
722
722
722
723
723
3266
2005
2003
2994
3154
3266
3154
3266
2227
722
2227
595
825
664
269
722
723
1779
3266
3267
2226
893
899
594
732
595
3154
872
1264
799
295
899
295
721
681
723
595
703
594
594
594
594
722
594
594
2003
3266
3267
3155
869
2995
2403
882
594
723
923
722
297
2227
594
882
723
898
282
722
594
594
594
3156
2003
2004
898
3266
2226
722
722
722
722
898
722
1776
723
595
595
722
595
898
594
595
722
594
295
722
595
671
722
1251
3266
3155
3266
3266
3156
298
723
595
1225
215
1218
3267
799
2003
875
670
594
596
845
3267
2226
295
798
3266
3154
3266
1508
879
595
887
3155
3154
2402
1550
295
3266
3266
722
704
899
722
594
823
595
296
595
595
869
3266
2226
594
722
722
898
723
594
3266
3266
1941
898
3156
1526
2004
2226
595
656
1544
3154
3267
2003
882
723
710
670
723
722
723
594
3266
802
3157
3266
1534
3156
2226
295
722
2005
3154
723
899
595
666
595
898
723
594
722
722
1225
669
594
722
722
722
722
3267
3154
290
1783
2003
1251
2402
296
3266
2402
3267
3266
3266
2005
3156
1780
2004
3266
3154
3266
899
295
711
722
594
722
3267
294
822
295
294
1801
3155
2003
868
2226
2227
883
595
594
722
723
2227
3157
899
2403
3266
2003
3154
3154
657
295
2227
722
722
723
2226
2003
2226
898
723
2003
1263
3154
701
2003
3154
2003
2226
2003
3267
2003
2227
2005
2003
2227
722
594
594
722
722
723
723
594
723
722
660
291
3267
845
1251
3154
1509
294
3154
869
2005
3153
826
899
899
3266
2006
899
3266
3266
2226
722
721
898
891
668
594
595
3154
2227
666
3266
594
892
899
295
899
2402
2226
2226
899
3267
899
899
2226
1261
3154
1554
2226
899
295
899
1265
3266
3154
695
294
702
294
292
594
295
594
723
594
722
899
630
295
722
722
3266
3155
2226
595
3266
2003
3267
2619
2005
1258
2227
2227
1546
2227
3267
3266
3266
898
897
722
722
722
594
1657
861
899
295
594
594
723
594
723
594
664
2003
1509
2227
3154
3266
2226
594
295
723
663
2226
3266
2870
1522
2003
2003
2226
2226
801
2007
3266
3154
879
722
723
657
297
3266
1800
683
3154
899
722
722
594
722
664
1528
3266
2402
1551
3267
3266
2006
2594
2004
3267
2003
2226
3266
3267
3266
1992
899
3266
3266
2003
1656
291
1535
3266
2003
3267
2003
3267
3154
1534
899
594
3266
2741
3157
3155
3155
2994
2003
295
3267
872
801
3154
722
722
3153
722
899
2227
2226
898
3267
3154
2227
2005
3154
2226
665
295
3154
297
660
869
1654
1654
296
293
1225
1225
265
722
296
595
594
594
711
898
296
3266
722
663
295
722
666
722
3266
1527
3154
2226
722
3266
723
3155
3154
2595
3266
3266
3266
869
2994
722
722
596
722
2003
1218
2227
594
594
722
594
722
722
1225
2003
1218
2005
722
721
2227
722
722
722
722
594
723
3154
2931
2226
2003
899
2226
722
722
2226
2003
2226
595
2003
2004
1538
3266
3266
1545
3154
3155
3266
2226
3153
3267
2227
723
293
2001
595
2005
2505
2226
722
2227
3157
3267
847
1225
799
802
290
2226
664
722
2003
3154
2741
295
899
595
1506
2226
594
2226
887
3266
3266
3266
3155
2227
723
670
722
686
295
3154
3156
798
1528
899
3266
899
594
719
595
595
722
296
294
899
595
595
723
894
899
2003
899
805
2403
3266
845
656
2003
3266
899
2227
674
594
719
1530
3267
3267
3266
295
3266
3266
2962
2003
899
899
3154
3266
1218
2226
3153
3267
1508
3266
3266
899
723
2994
1266
3266
2226
3266
1536
3155
2004
3267
899
3266
3266
1250
2003
868
1265
295
2003
1268
2402
3267
2226
721
721
594
722
666
595
295
722
883
594
595
723
663
722
3266
3154
3156
3266
2005
3267
1654
293
1260
3154
2227
2227
3157
1507
3266
2226
917
3154
2227
3154
2891
1211
722
722
722
722
295
594
594
722
722
723
594
1942
722
715
633
722
722
1251
594
668
594
594
722
2226
594
295
594
2227
798
1251
3266
2480
2003
916
916
3266
3267
3154
3266
3266
3267
1538
869
899
3266
3154
898
1225
1940
3266
2402
2227
3266
722
668
722
838
898
296
722
295
899
594
594
3154
3266
3266
3266
2994
656
295
867
3266
3266
1548
1932
3154
3266
2227
3155
1256
2994
722
3266
2896
3155
2227
665
888
722
722
722
722
663
594
688
285
1656
296
293
295
782
860
295
295
1782
296
3266
1654
296
722
295
295
296
1656
296
296
295
295
297
683
295
1654
298
296
821
295
296
296
295
295
1655
296
1653
296
296
2003
3154
2003
3267
2003
3266
872
1940
2402
1262
3156
3266
2978
3266
1250
2226
3154
722
723
722
594
1218
2004
2472
2994
1261
3154
2226
899
1779
2226
887
802
2226
723
2226
3266
2003
2226
723
3266
1218
2226
2226
722
723
898
797
2003
2005
798
1259
1540
1258
1510
3157
868
1533
2003
1511
294
3154
1943
296
701
294
722
1226
850
3266
2226
796
796
803
2005
2005
3155
1251
2003
2227
2003
2003
703
2005
2226
2226
671
2003
3154
2402
656
1225
2226
2227
797
2003
722
865
3154
3157
3154
1550
3266
722
3266
2003
899
722
722
899
722
594
594
591
715
2477
2226
722
722
872
922
656
703
723
3267
1940
680
2226
723
594
596
722
594
595
595
898
723
594
723
722
1260
1257
3266
3266
2005
3266
3266
2226
899
594
723
898
2003
295
2227
3267
3051
1776
3154
2004
868
3266
3267
3154
2915
1223
3154
856
722
3154
3155
2666
3266
3156
2025
722
2227
3267
1218
1941
723
898
293
722
3266
869
2402
3154
3266
1261
3266
2005
3155
3266
723
297
899
918
899
2227
2003
2226
722
722
722
722
594
715
722
594
723
594
595
898
663
674
292
805
2994
2003
2226
2006
3266
3266
899
722
594
3154
899
594
722
595
722
722
722
594
715
722
595
722
3266
2402
3266
3157
3154
657
2004
2003
295
2226
879
722
722
722
722
1539
2004
2595
1530
2227
3266
3156
723
722
257
722
595
295
722
595
1258
899
3266
3267
3266
868
3266
3266
295
2003
3266
3154
702
722
722
3266
1540
295
723
703
722
722
722
722
594
594
594
1940
722
595
594
722
722
595
594
594
3154
801
3266
3154
3266
1534
3266
3266
2227
723
2226
2226
594
3266
869
2226
3156
2003
295
3267
2006
2593
3266
2005
2226
723
722
3266
2004
660
899
723
722
2769
701
295
722
671
722
1538
2003
3266
3153
2003
2226
3266
3154
3155
680
3266
