188
898
861
1255
246
213
862
1232
722
279
187
898
807
902
174
921
1274
903
1543
195
281
1219
212
1200
899
821
215
920
918
898
284
685
809
1263
677
205
682
656
1207
898
728
722
1209
663
804
166
1238
178
242
1257
220
1257
811
281
687
797
649
898
1261
785
858
255
1246
1256
285
276
286
292
1258
1251
656
698
1539
285
258
206
268
697
203
285
259
828
1259
250
294
1260
245
1251
1525
1253
1259
294
786
898
261
700
289
824
917
898
1554
680
686
1241
1263
1256
898
775
247
226
1267
224
696
722
1538
253
1251
225
663
653
1551
925
277
920
1256
289
668
289
245
676
856
899
290
1258
705
853
701
1251
284
291
290
279
898
1515
666
1504
242
291
803
710
283
1218
722
801
898
854
899
722
1260
722
646
898
287
898
699
883
722
268
898
293
287
898
1263
288
286
700
722
839
1259
244
867
898
1250
662
800
722
722
1222
662
686
722
830
1520
1252
1261
805
853
898
263
251
287
657
790
294
722
1550
898
667
1249
1256
823
669
293
722
703
722
295
683
288
280
687
722
822
294
295
677
833
1251
899
716
898
671
722
1265
723
828
1225
1220
691
823
1528
284
722
869
1510
722
865
1256
1539
853
689
899
1506
723
2006
272
899
293
693
257
702
1248
704
722
1263
722
722
1211
899
291
681
297
703
921
702
853
671
293
296
669
1215
661
898
1264
672
722
668
898
722
838
680
722
1250
662
667
1527
700
271
868
802
1514
898
296
867
1507
687
1258
791
722
1250
286
293
654
293
1218
1218
1261
293
898
1263
723
855
899
1218
1530
293
295
700
658
898
822
862
821
1263
1779
852
1535
803
688
884
275
283
801
843
296
293
898
2590
292
1538
1961
1267
292
864
722
898
855
1262
703
722
263
722
899
3266
923
703
295
2004
1541
723
1224
722
293
1506
294
665
1528
722
2724
899
294
871
296
723
1526
1264
796
881
2734
723
1535
1553
797
1218
722
296
3267
862
693
873
686
1538
1508
842
292
898
1253
899
295
1226
1541
1259
292
1546
1939
898
295
898
869
1262
1551
295
294
678
1545
862
687
295
1530
841
1540
1943
920
851
722
683
848
1529
1218
722
1548
794
1532
1263
1528
723
722
702
3266
669
1511
898
2594
1538
688
2595
722
695
898
3266
3266
898
722
296
2004
1259
722
723
1536
1781
1260
291
1533
899
1225
1535
1218
1225
1543
1938
1259
703
2594
294
885
722
295
722
297
1780
659
1548
703
899
3266
722
1534
666
898
723
3266
3266
1260
294
3266
1780
1226
3266
828
722
285
2597
288
1261
722
806
3266
1532
1261
1259
660
898
1532
1261
864
1261
1939
3266
3266
3267
296
296
295
294
295
295
296
295
296
1652
1653
3266
297
294
296
917
294
899
297
296
3267
805
297
295
723
297
295
295
297
297
1654
297
295
2008
799
295
295
297
295
899
296
295
295
295
294
295
1218
297
296
2004
683
295
723
294
294
294
294
295
296
1656
297
296
1655
1655
723
295
294
1655
295
297
294
295
297
298
2007
1656
702
1534
295
297
1224
295
297
295
296
296
2005
298
296
297
295
875
296
294
296
297
294
296
297
295
298
294
297
798
294
295
295
295
297
296
297
294
295
296
294
295
295
297
295
294
296
297
916
294
297
297
297
869
294
2730
295
3266
294
296
295
297
297
295
294
296
296
1656
296
294
296
297
295
295
1783
297
297
294
294
296
295
297
297
295
294
294
294
295
2004
297
297
295
297
295
723
297
295
1784
294
294
295
294
860
295
295
294
294
296
294
297
898
296
798
296
294
294
296
296
656
294
297
294
297
296
295
1654
295
296
296
297
297
295
297
297
297
294
1930
295
294
295
295
1223
295
297
296
295
296
297
297
294
294
1656
297
295
296
294
294
294
297
847
2005
294
803
294
296
294
294
295
1655
294
295
1655
898
295
297
297
295
298
295
295
295
294
1223
295
294
294
295
297
723
297
295
296
295
662
295
722
298
1551
1252
293
297
1656
294
723
295
294
295
295
297
294
295
298
295
295
294
294
294
1656
297
295
295
3266
294
294
297
1538
295
3266
292
1218
295
294
296
916
295
294
295
1264
294
295
296
723
295
294
297
295
294
297
296
297
295
297
297
296
296
1785
1639
295
296
1655
297
295
294
1784
296
722
295
297
723
295
297
295
294
297
295
295
1653
296
294
295
295
846
297
1655
289
294
1656
297
1516
1938
1657
295
1655
294
666
295
825
294
870
295
295
296
1782
296
1655
296
295
296
295
294
294
295
295
297
1549
295
849
723
683
683
295
1655
3266
1655
295
297
295
296
1653
296
3266
294
294
296
294
722
296
294
295
295
2344
297
295
2006
294
296
294
297
297
297
294
851
296
296
296
723
295
294
1656
294
1656
297
295
295
295
290
294
297
295
297
295
294
1784
294
294
295
295
295
295
295
297
2006
1225
298
295
294
294
295
296
297
297
295
295
821
855
1250
294
898
1656
297
1656
1261
296
297
294
295
295
1259
294
297
1655
294
703
1936
2008
294
1656
296
798
295
1541
297
296
294
295
294
296
296
295
1655
1258
825
295
298
295
295
294
295
295
295
294
1250
297
294
1254
295
294
298
296
297
899
295
3267
709
297
294
295
295
297
1657
1654
297
295
722
294
297
295
1649
294
294
1654
899
295
297
1531
294
295
297
295
723
297
294
722
296
297
296
295
1541
297
296
295
1631
722
294
801
295
295
295
294
294
294
295
281
2005
297
294
295
295
1655
297
297
1784
295
295
295
296
295
297
1553
1251
297
295
295
294
294
295
297
1655
294
297
297
296
295
295
1259
295
296
294
295
296
295
899
296
296
295
297
295
1785
297
295
295
294
295
297
296
1782
1657
294
295
297
295
295
295
295
296
701
296
296
295
295
918
295
295
295
294
294
722
3267
298
1256
295
295
297
297
295
295
295
297
1226
1655
297
297
294
295
297
295
295
294
295
295
297
294
296
1523
295
296
1782
899
297
297
295
297
722
295
294
295
1654
295
295
858
295
295
297
295
899
887
295
294
297
296
295
835
295
294
295
296
1218
295
295
295
886
297
297
295
294
296
295
295
1654
294
295
722
295
296
297
297
295
298
1250
297
294
294
295
295
296
294
899
295
296
295
297
294
296
1218
296
295
295
1545
297
297
295
295
667
294
1556
295
294
295
294
296
294
295
1654
1265
296
1509
294
295
295
1524
295
297
1513
701
294
297
1654
294
297
297
846
295
294
295
1654
294
294
297
294
1656
812
296
295
295
689
296
1655
898
296
295
296
296
297
656
295
295
295
1251
295
294
868
1510
295
722
1263
290
885
295
1655
1226
294
294
296
297
297
296
295
295
297
297
295
294
723
295
297
1781
295
294
295
294
1551
294
798
1654
294
294
294
294
294
296
799
297
297
297
888
296
1621
295
295
291
297
294
294
295
295
295
294
296
295
295
1244
1259
295
294
296
296
1267
297
295
1655
269
296
1782
297
1545
1655
296
295
295
295
295
294
295
295
295
295
899
899
296
294
1656
297
295
295
1535
296
875
1782
294
297
1655
294
295
3154
295
295
293
295
296
295
294
295
294
297
296
295
297
295
297
294
1259
295
294
1656
294
297
704
297
295
296
296
295
294
295
722
297
297
1259
297
296
296
295
723
723
1261
296
294
295
297
294
294
297
294
1529
683
295
722
723
295
295
660
296
295
1261
1656
1253
295
295
295
294
295
297
295
297
295
702
292
294
3266
295
295
899
296
295
723
297
297
295
722
297
828
295
294
294
295
1654
296
723
296
297
296
702
295
1260
294
294
296
294
295
297
1657
295
296
1250
297
868
1534
297
722
296
295
294
1251
297
294
1554
2005
296
830
844
294
296
297
1656
671
295
294
297
295
297
293
295
294
1783
295
295
295
838
871
294
1656
294
689
296
297
294
296
297
295
295
296
297
2007
294
297
722
296
297
297
667
294
703
295
294
297
3266
297
898
295
297
295
296
872
294
297
294
294
722
1223
722
899
294
296
294
296
295
1550
294
1263
294
296
295
798
295
296
899
294
296
296
722
295
295
295
295
294
1653
295
1656
296
294
1525
294
294
294
295
295
295
295
1655
294
295
295
297
3266
722
2594
702
295
294
295
294
295
296
294
1546
2006
295
295
704
295
294
295
294
296
294
295
1550
723
722
296
295
294
294
899
296
2737
852
295
296
295
297
295
297
296
294
295
297
1535
295
723
3266
295
296
296
297
916
297
723
297
297
294
297
1657
297
831
295
297
294
297
798
3266
295
297
296
297
1655
297
294
1656
294
295
1258
1655
295
296
296
294
294
294
294
294
295
2005
1250
297
297
295
297
295
295
1782
290
294
684
297
295
296
295
916
295
1782
295
294
294
1251
296
295
1650
295
297
298
297
295
294
296
801
294
295
294
826
798
295
297
295
295
295
294
294
295
296
297
295
294
295
295
3266
1257
1655
295
294
294
295
296
296
294
294
295
295
1656
295
722
296
295
294
3267
296
294
295
296
297
296
295
294
1658
1250
1655
294
295
295
296
1546
1656
297
294
296
722
918
674
295
2760
295
297
297
297
297
1656
3266
295
869
295
296
296
1656
294
296
297
845
295
1533
297
295
295
1656
295
295
296
297
872
297
1654
297
297
723
295
295
298
870
297
294
296
294
296
297
882
296
296
295
294
297
1263
294
296
297
294
294
296
295
1226
294
1656
297
1783
295
1654
296
295
842
295
297
294
296
294
1223
297
296
294
294
1654
293
295
1507
295
296
2005
294
293
294
297
664
295
294
295
1656
1657
297
899
296
1218
294
294
297
294
296
296
296
295
1784
295
297
295
295
296
296
297
294
294
1540
294
295
296
296
294
296
702
295
295
1655
296
295
1658
1655
295
295
297
297
296
296
294
297
297
295
295
295
294
295
1532
295
1655
294
296
1532
1254
1548
295
295
1654
294
295
296
296
1782
1656
295
872
297
297
295
295
297
294
296
296
294
289
297
295
898
295
1657
296
297
871
297
295
722
297
297
1783
294
296
294
294
297
297
297
296
722
295
1656
295
294
295
295
801
298
1656
295
297
295
295
296
295
295
295
295
294
687
295
297
295
294
295
297
1532
296
297
294
294
294
296
295
295
294
294
294
298
685
295
722
295
669
294
722
297
295
296
294
294
3266
295
296
297
294
1655
1656
802
297
295
295
295
295
295
297
295
298
296
297
899
1655
296
701
295
297
296
1651
294
297
295
295
296
296
297
297
297
296
296
298
296
296
295
294
824
1655
898
3266
296
859
297
294
882
1782
295
295
294
297
1656
1783
294
1529
295
295
296
294
295
296
1942
294
294
294
294
296
296
295
295
297
3266
296
295
1262
294
295
855
295
294
297
295
296
897
296
295
722
297
1261
1655
295
296
294
294
3266
295
295
296
1655
297
294
296
294
295
295
1783
295
294
295
1655
297
296
1554
723
298
297
722
296
296
296
295
295
1548
2759
1655
297
885
723
294
294
294
295
295
1655
3266
1657
296
296
296
295
295
1218
297
294
1938
295
293
296
1264
295
296
295
295
1655
722
295
298
295
294
295
297
805
297
295
295
294
3266
1780
297
296
295
297
297
295
294
295
3266
1543
1656
294
297
297
297
1941
294
1655
297
297
294
297
296
294
297
1218
723
294
297
295
657
296
296
844
297
297
1264
295
296
1656
297
294
295
295
297
295
297
296
294
295
296
294
295
295
295
295
899
295
295
295
1265
295
294
296
295
295
1218
295
294
294
297
1535
295
294
296
828
296
296
297
294
296
297
295
294
295
295
294
294
808
297
294
295
295
295
660
295
297
297
295
295
295
295
297
294
294
297
295
1656
294
1260
1655
295
297
1784
294
1268
297
296
297
294
294
297
877
294
294
294
296
297
297
294
1783
295
295
290
294
1506
722
295
295
295
294
297
297
296
1257
297
295
296
297
701
295
296
297
1655
295
296
294
887
295
1223
294
295
857
295
294
295
1657
296
297
294
294
1531
1226
294
294
295
295
295
296
294
1656
294
295
1654
297
297
295
294
1655
3266
295
294
295
294
687
295
294
295
3266
294
1657
297
294
295
294
295
1223
1783
297
295
297
298
297
294
297
296
296
297
294
294
298
296
1783
1656
1657
1533
722
295
296
297
296
723
295
295
298
295
295
1543
295
294
1782
297
297
295
295
1780
296
294
1655
899
293
295
297
1654
1555
295
295
295
295
295
294
294
296
297
297
294
297
1655
1782
297
294
297
868
1538
685
296
295
294
296
294
295
294
1783
296
294
297
1657
801
296
294
295
284
296
2007
295
295
296
295
297
296
297
295
2007
294
297
294
295
1544
1535
297
297
295
295
296
294
294
1655
295
295
294
294
295
295
1783
296
296
295
297
295
657
295
296
1655
297
1251
801
295
898
297
295
722
294
1250
295
296
1653
297
295
294
1553
1653
295
294
294
702
294
297
1654
295
722
294
1250
297
295
294
295
295
295
723
294
296
296
295
1783
294
294
296
1538
865
296
723
295
297
295
295
723
296
298
722
294
294
295
295
701
295
1655
1250
1657
295
296
295
294
295
294
295
294
297
297
296
295
296
1218
294
297
294
297
1656
295
295
1654
295
1218
296
294
297
294
295
295
722
657
2739
1656
296
1656
295
295
294
295
295
295
295
898
297
295
879
294
788
296
296
297
297
297
1655
294
1258
294
662
296
296
1657
297
295
295
1223
297
294
294
295
296
295
296
295
297
722
295
294
296
1655
294
295
295
295
296
1653
1655
295
295
297
295
295
295
297
294
297
297
295
295
865
295
296
296
1654
722
294
295
295
294
295
1218
294
722
295
1656
295
298
297
295
294
295
1262
295
789
723
294
294
295
295
723
295
294
296
295
279
294
294
295
294
294
294
1269
295
1515
295
295
1782
295
837
297
1513
295
295
297
294
297
295
297
294
297
295
297
797
295
295
295
294
295
295
899
297
297
296
297
295
297
295
298
921
295
295
295
294
1784
1539
295
1556
296
295
294
1656
295
295
297
295
294
296
722
296
1656
295
295
295
295
297
294
295
295
294
294
1260
297
723
1257
297
723
2003
2743
868
1654
1524
703
294
2741
723
2744
1260
722
899
826
722
3266
2005
2742
722
2742
279
1658
295
296
722
2740
1655
883
804
722
2744
1225
2741
1651
1261
2004
2744
797
1554
723
722
722
664
899
1268
3267
1554
722
702
3266
918
688
703
1259
1656
2744
1652
1492
1536
660
1507
803
1253
722
297
842
1262
924
2744
1544
1656
2004
2739
1218
722
848
657
898
819
843
1251
1655
2742
885
871
283
686
1253
3266
2003
722
1261
660
801
1265
683
2755
723
2742
1656
1257
722
880
723
722
2227
1540
2744
1251
2006
1655
1250
696
2741
1255
899
2744
1656
1223
899
918
899
1250
898
722
2744
1655
1534
853
1554
1533
295
3267
1537
722
899
899
1656
798
1532
1656
684
2741
1251
1537
2746
1250
2741
2744
1250
1654
1537
1657
722
704
2741
898
898
2004
2004
2588
868
2591
295
879
1256
898
1268
722
871
2743
798
1254
723
3266
847
2587
1543
1218
1492
723
830
295
1224
824
1656
1507
2741
1225
1537
804
723
2741
2005
899
3267
899
295
2740
2744
899
1527
722
826
2003
722
294
722
898
1655
294
899
1250
1547
1508
1258
723
2739
659
1261
1938
1781
2742
701
703
1653
1655
1262
2739
795
723
2741
1657
2743
1639
1657
2746
1557
1535
295
899
723
1260
2740
801
1540
899
1223
722
1655
295
1265
806
723
1531
2005
723
723
1510
722
2005
723
2759
2742
2594
2746
916
1507
823
2744
803
656
2743
2226
2744
878
2742
722
798
1654
2744
1540
2006
1534
723
295
1265
2003
801
812
899
1655
2743
2004
2744
2747
2004
3266
1538
2744
1252
1260
888
1649
898
1551
722
701
690
1654
884
722
2742
292
695
296
723
1533
804
1250
868
2594
723
722
899
1539
656
2743
723
3267
1960
2588
1255
2744
722
2743
1509
1780
3266
296
2742
2743
2741
295
1653
722
723
898
671
898
798
723
1223
872
295
874
877
873
899
678
2742
2742
722
1655
722
1223
295
1657
1260
802
802
1538
722
2744
2742
722
2741
829
1511
723
1656
722
1268
2742
1546
899
1655
2004
722
1654
832
1263
1258
703
2593
723
2742
295
2743
878
856
2743
2743
3266
1263
1636
1268
2743
1225
2595
1656
2744
690
1264
3266
1655
1255
297
722
824
721
723
679
2742
3266
2743
2595
1531
1656
1259
2741
3266
296
1256
2594
846
3266
1223
1655
899
1532
898
722
898
722
898
2594
722
2741
808
1657
1250
1942
723
1535
2741
1654
1245
1533
830
3266
2005
1257
800
2744
295
2744
1655
798
2006
1225
3266
1266
2005
656
802
1250
1250
1540
722
1251
1533
1653
723
2005
1257
1250
723
1527
2583
3266
2740
846
1261
858
2734
798
875
722
683
1656
1261
829
2744
1655
1555
2739
2742
656
2227
722
723
1539
898
723
1962
295
1657
669
794
2588
297
871
1656
805
898
846
1654
2743
2005
1499
1657
2744
1245
2745
2005
722
294
1492
1554
2741
723
1261
825
2592
1527
899
2567
2005
899
297
3266
2740
882
898
899
722
2734
1541
1263
899
865
1491
1653
722
1540
851
898
695
2743
1223
2742
2741
723
2741
1218
656
1261
1250
702
1539
1555
848
1542
2003
703
878
1223
899
722
1530
701
2008
722
804
861
682
899
296
2008
722
723
722
2742
2740
899
2741
1510
2004
1254
294
898
1262
723
295
899
2227
1536
665
669
2745
1653
296
722
1780
669
723
2741
1655
2743
879
3266
2744
1258
1223
1260
2741
1654
696
1654
1218
2741
723
1546
919
1543
1656
1651
878
722
3266
1528
723
1250
1655
1541
2505
866
898
2746
2742
295
2742
1532
1548
723
1642
712
721
2737
874
1651
1507
1252
899
1535
2740
2743
1535
722
898
843
899
1539
688
2743
288
2594
2003
1250
723
2005
3266
898
2595
2741
2744
1546
722
701
2742
2712
899
1257
1656
2741
2745
1259
1655
722
723
887
723
1551
800
1250
1782
847
1638
1655
3266
295
1508
826
723
723
1542
899
826
899
2744
2739
899
2003
723
2745
723
918
722
2737
2744
797
1541
2742
294
294
2740
1530
2744
854
294
1225
923
1515
899
2741
1506
3266
2742
825
2741
1241
292
1251
2747
2742
723
1261
294
1655
723
722
1223
3266
1537
1509
2742
722
916
899
2745
2003
2745
723
2742
723
2742
722
722
1218
1226
1655
1791
1544
656
1253
1547
722
1508
1266
294
1260
2744
1544
1531
898
1533
868
722
2007
1657
722
3266
883
2006
2743
1654
1218
2745
798
1530
722
722
2227
723
801
1654
1656
2743
723
1263
723
2743
1542
295
1527
844
2743
898
2744
295
820
2742
294
722
722
2591
2742
673
2743
2741
898
2743
3266
2744
1657
1264
1630
898
2741
1224
883
875
804
722
2744
804
801
878
2744
2594
1941
802
722
868
1655
2745
872
722
2744
723
806
1939
2743
723
3267
880
1251
916
1554
883
3267
1653
889
2740
858
1656
798
2005
899
694
2742
1655
1225
899
1225
723
722
723
2743
1656
1512
295
1245
1779
1553
3267
1266
2743
828
3266
1654
1768
2744
898
2004
1261
1262
2742
2744
798
1657
1782
660
2744
2594
2744
1535
1655
921
1250
802
1258
840
656
1251
898
722
2744
2742
1539
722
703
826
2741
801
899
1526
2745
899
1538
899
1218
1491
802
1657
899
2744
802
899
1538
899
722
1529
1223
899
2004
898
2740
3266
722
657
1218
2003
702
1250
2744
2744
887
1657
899
723
722
1218
1511
702
1265
722
2746
1218
3266
798
723
722
2745
2741
868
723
703
885
2744
2005
1256
1250
295
881
866
1536
898
695
1556
2592
2740
2741
2594
1656
1525
1226
1257
840
723
3267
2005
2742
722
1241
2741
922
2590
1258
875
1779
857
1539
2227
865
697
1554
704
722
1517
723
1251
1260
1250
880
1511
1250
798
1653
1250
864
722
1654
1251
881
852
1655
701
1250
656
1529
1656
703
2741
2493
801
2744
723
1218
1959
882
828
2745
722
918
899
868
722
2744
701
1544
1250
1537
808
722
886
1540
294
1654
838
722
1218
1511
1654
879
704
2745
703
2741
1553
1655
2744
722
2744
2594
2744
294
2741
824
2741
2594
898
2227
1250
275
1223
2741
722
722
2742
1655
2742
1509
1536
1654
294
2744
1655
1262
1535
2594
2741
703
2739
2744
899
1549
1959
2745
3266
722
1223
1492
1218
1549
723
1250
1534
1507
2742
861
723
2744
842
899
1226
2741
294
1533
2745
899
1251
297
1252
2744
2005
898
2744
722
2744
2744
3267
2740
916
656
1655
2744
1655
1655
723
1246
899
1655
899
1539
1657
1655
686
1655
922
722
2595
1261
1218
1264
295
692
795
2743
2742
2743
723
295
825
1652
2594
1251
2745
798
2744
806
2745
1537
1655
1656
1652
1218
1656
899
1655
1656
1656
723
1655
1655
899
695
655
293
2741
295
2596
1655
1247
1251
1657
1541
703
1654
1657
899
898
1655
1657
1507
1657
1655
1256
1263
295
1528
1649
1655
1648
723
1657
1655
899
1540
685
2742
1509
702
1655
1543
899
899
722
2741
1507
1258
704
1658
722
297
1535
1650
1654
1657
899
1656
1658
1555
1654
1654
1532
1655
1226
1656
1251
1251
1265
1226
1654
916
1529
1654
2003
1532
1262
704
899
1656
898
831
2744
899
899
1543
2003
1510
899
1657
2744
1260
2003
723
295
723
294
2744
295
802
701
899
1531
2227
1549
2227
1250
2740
817
2742
2740
722
656
1264
2744
656
2744
2740
703
294
870
722
1225
819
2741
1250
722
656
723
1538
722
1536
3266
297
2480
722
722
2742
798
2745
898
1218
2595
2589
1654
2745
2594
1940
723
1250
869
2745
1532
1654
1545
690
899
899
899
1656
1656
2003
899
1655
1491
689
1268
1541
1655
1502
694
1223
1224
722
1654
1543
1655
1520
1547
1655
1654
2745
297
1556
1656
1656
1219
1654
1656
1226
1251
1261
2742
899
1539
898
297
1540
1226
2744
2746
295
1538
1654
1656
899
1657
1266
656
296
1224
1257
1225
899
1656
1655
1657
1656
1251
1657
1657
1656
294
899
1552
1654
1250
2005
1656
918
830
1507
899
3267
1657
1656
1656
1508
1532
1525
1252
1655
1657
1656
1251
899
1538
1536
1556
1656
1250
1260
1536
899
1223
1655
899
1226
1942
1261
1525
1537
2744
1554
702
899
1648
2743
1250
1508
1268
1655
899
2745
920
916
1507
1657
898
1657
1655
1539
2744
899
1264
1250
1656
830
704
1657
1262
899
1656
295
1656
1654
1218
1656
1258
898
898
297
1535
898
1256
1657
2744
1655
1656
2744
673
1637
1655
1655
723
2594
1656
1655
2744
1655
2740
1497
1657
294
1246
2741
2003
1536
899
1535
1657
1252
2743
295
1657
1550
1654
899
295
1655
1657
1655
297
883
1655
1218
296
1549
1535
1649
704
1656
1655
1256
2745
1656
1536
1535
1656
1656
1241
1657
1268
1260
1656
1657
1250
1539
1262
1511
1655
1933
899
2744
1658
298
899
1535
1655
1505
1539
1654
1657
1531
921
1499
1655
1656
1655
880
1542
2005
722
1656
1511
899
1508
1252
1218
1656
1535
1509
297
295
896
899
899
2740
1655
660
899
899
1657
722
1655
723
2594
899
861
1657
923
1656
1657
1658
1531
899
1260
1657
898
1656
1241
2598
1538
1250
669
722
1549
2589
1656
899
1641
1543
1511
1657
703
921
2745
723
861
2007
1654
798
1507
898
899
703
695
2003
2740
899
296
899
1650
899
1508
1657
1657
296
1540
668
2741
295
1536
899
1657
1262
1250
1657
1260
1263
1534
898
853
1657
1656
1656
1256
1657
1655
1658
1657
1259
1536
295
1657
899
723
899
1526
1655
921
1535
918
1656
2741
1654
1658
2007
1657
1654
899
1656
1225
1655
1657
1532
1655
723
2003
1656
1658
295
919
2742
899
899
1656
1655
1258
1510
1658
723
2742
681
899
1539
1655
1656
1655
1656
899
1527
899
2741
1533
1658
1656
704
1654
1256
722
1646
1241
1655
292
1549
1536
701
1251
1655
1657
1655
1218
2003
1247
1656
1655
295
1539
1657
1655
1657
684
722
1546
295
1553
899
3266
1525
1655
1553
1657
1656
294
1546
1261
1657
1547
898
687
1224
1533
1257
1531
1655
294
1531
723
1656
723
723
2003
1508
899
1257
899
1654
1655
1535
296
2741
1638
722
863
1783
1540
801
898
3266
830
295
1261
1218
2743
722
2742
723
722
722
1528
1539
2743
1780
2740
1251
723
723
2740
1653
1538
2743
683
898
1527
1218
1223
2003
1257
1652
2741
2744
295
722
704
1223
1655
854
2743
723
1781
857
3267
703
2741
2599
3266
1545
2741
1657
2005
1262
798
2744
2743
1262
2594
1522
664
2743
3266
1498
1548
1536
1656
1225
1538
723
899
295
1783
295
722
3267
1512
3266
1504
2602
1652
1655
1256
2743
798
1255
722
2006
1546
899
1543
1654
1258
2004
2744
722
2003
1776
899
285
2594
294
704
3266
899
829
1257
705
2742
1657
1653
1654
2005
2745
872
2742
898
823
1265
723
3266
833
295
683
1252
875
1261
722
2004
827
3266
2740
918
1250
294
722
295
1657
2743
798
2603
899
874
1225
723
898
1550
2746
1655
723
1258
1655
722
1264
2744
2744
1658
703
723
1532
723
868
2740
704
702
656
3266
1223
885
2742
295
877
723
836
1536
2744
1653
2742
722
899
878
722
1529
722
723
2744
1521
803
898
1783
1539
2745
2741
723
2591
1535
1528
899
2004
722
1226
1218
899
1268
2744
294
1241
1527
2741
1544
1531
3266
852
898
701
800
899
1941
870
2744
3267
1779
1260
2744
2740
2744
723
723
722
657
2744
722
723
899
1656
1657
870
1649
1657
1656
1657
1656
1508
1637
802
899
899
1645
898
1655
1223
1542
1540
1657
1655
1654
899
722
1510
723
1657
723
1657
922
898
1655
1657
1531
1508
1529
2594
1657
899
2741
1258
899
1655
1654
1657
1241
295
1257
1223
1259
1264
656
1657
2003
899
2007
1656
854
1257
294
1652
845
2741
2741
899
1941
863
2741
722
1656
899
1785
921
1515
1536
298
295
297
295
295
297
296
295
297
297
295
1542
1783
295
297
296
297
723
296
1779
295
295
295
296
295
296
293
296
296
295
297
1656
295
1224
296
295
295
295
297
802
1536
296
1654
296
296
282
295
298
296
296
295
298
298
799
296
1656
296
296
295
296
298
1654
296
297
296
296
297
295
297
830
296
295
295
295
723
295
298
859
1658
296
723
296
296
295
1225
295
294
297
722
295
296
295
295
298
295
295
298
1657
804
1224
295
298
295
295
295
296
296
296
298
1782
296
295
296
1225
295
296
296
295
295
295
296
1656
3267
295
296
296
1530
295
298
295
295
295
296
296
295
1657
296
296
295
297
296
899
296
295
297
1785
1552
1654
295
296
296
295
296
889
297
1256
294
295
722
295
296
297
295
296
296
295
296
296
805
295
295
1654
1655
296
297
1784
295
295
296
298
297
296
296
1656
296
296
1782
722
922
295
296
899
297
295
295
1655
1655
296
295
296
297
295
295
296
1532
296
296
296
296
295
295
295
294
294
298
295
297
298
296
296
296
295
296
798
298
297
295
296
295
295
297
295
296
802
295
840
296
296
297
296
296
293
722
295
297
296
295
296
295
295
296
296
295
298
296
297
295
294
297
1549
295
723
296
296
296
296
681
295
296
295
295
295
298
723
295
1539
294
296
295
1654
297
295
868
1507
295
296
295
3266
1530
1654
297
295
1657
296
295
722
296
295
296
291
297
295
295
295
296
296
296
295
296
295
296
899
295
295
296
298
1261
296
298
722
297
296
296
1252
295
297
295
1250
296
295
296
296
795
1549
297
296
866
805
1223
1539
1533
2743
1508
722
2742
1223
686
2746
722
2743
899
3267
2004
2005
1550
1538
2740
722
723
1225
809
723
2741
898
723
2743
2227
2227
1534
1251
2008
1508
723
868
656
296
2003
898
899
1653
703
1627
1657
899
3266
722
1505
1655
1655
921
723
1656
899
2742
1251
1655
1656
676
1532
899
2757
1518
1652
1538
1510
295
899
2740
1658
2744
1545
1549
1656
1509
1658
898
1536
1656
899
1246
1657
1508
1647
2008
899
1654
1658
1656
2742
1262
1656
1657
1549
1523
1657
1551
1657
1655
1656
1648
1528
2594
1530
1655
899
1655
1656
1541
1657
1224
1257
695
1654
723
1654
2741
899
1655
899
1657
1655
1250
1654
1657
1538
1657
899
899
1655
2743
668
898
1656
1655
899
899
899
2742
1657
836
1510
1657
1654
1654
1251
1658
899
2744
1657
660
898
1657
1546
1656
916
2744
294
296
294
899
296
1265
295
899
295
297
295
1262
295
296
296
702
295
702
296
831
297
295
899
295
1267
823
1543
899
295
296
295
295
295
295
296
1942
298
1781
3267
882
2005
2740
2742
1940
1553
3267
295
1654
1782
2743
295
837
722
722
1533
2744
722
1549
2741
818
1535
801
918
296
722
809
1554
1531
898
899
1255
701
2745
1649
1657
898
683
1656
2759
1648
703
801
1267
1223
1655
2744
2743
723
1656
2003
1219
1783
700
296
298
297
295
296
296
296
294
1656
296
1543
296
296
295
722
296
296
295
296
297
297
295
296
297
276
295
1250
295
296
288
295
798
899
297
298
295
294
296
1251
298
294
295
899
297
296
297
296
296
296
296
295
296
296
296
1654
1940
297
1543
1782
296
3267
722
297
296
295
722
296
1655
1218
297
298
295
1782
295
1655
1554
298
295
298
296
1250
295
295
297
1656
295
296
1540
295
296
1655
296
295
295
296
297
295
296
295
297
294
297
296
1654
296
1782
295
297
1257
296
298
295
1656
298
722
295
296
296
298
297
296
297
1528
297
296
297
295
296
656
1655
298
295
296
1655
297
298
296
296
297
296
296
868
296
298
296
298
723
298
295
298
297
295
1654
295
296
1255
298
296
298
294
2606
294
296
296
920
297
296
297
296
295
296
295
292
1251
295
298
295
295
296
295
297
297
798
295
3266
296
295
296
295
296
296
298
296
296
297
1549
296
843
297
296
296
295
297
298
296
294
295
298
298
295
296
296
297
295
296
296
295
295
296
295
295
1782
296
296
295
292
1653
800
297
297
296
296
296
296
295
294
297
295
295
295
298
297
2006
297
298
295
295
296
1544
1784
1224
295
722
704
295
295
1544
297
1257
295
298
296
296
296
1653
294
296
298
1223
297
295
296
2740
722
2742
2742
1218
2744
2003
1655
808
899
1241
2003
2744
1552
297
805
2743
722
722
2744
899
722
883
2594
2742
1656
723
660
2743
785
2742
704
899
722
1507
1261
700
2227
672
723
671
3266
879
875
2744
2743
2743
2512
723
1536
1782
832
2743
1267
1251
1261
1543
898
294
296
295
296
296
296
297
298
294
296
296
295
298
296
295
298
296
295
296
296
296
821
298
297
722
296
295
294
297
722
296
296
295
296
296
294
296
295
294
295
295
798
297
296
296
297
297
295
295
297
295
296
1654
295
294
1541
296
295
297
295
294
296
295
292
1244
295
1655
723
298
1656
297
1783
295
296
1782
295
1251
295
1782
296
293
297
295
722
296
297
295
295
295
295
298
723
294
298
296
918
295
295
298
298
295
296
295
295
295
846
298
296
1782
295
295
798
296
1226
297
296
296
295
898
294
297
297
298
296
295
295
295
722
295
298
297
295
296
295
1781
722
1250
295
297
295
295
296
296
295
297
296
1225
296
295
295
886
295
297
295
864
296
295
295
1781
295
295
1655
296
297
295
295
296
295
295
296
295
295
295
297
295
296
295
298
296
297
2594
723
838
296
295
842
296
296
295
296
295
1218
295
297
1262
296
298
294
295
296
294
296
296
1779
295
295
297
297
1653
1223
295
298
296
298
296
296
295
294
297
1250
296
296
296
296
298
1656
298
295
296
295
295
1780
296
295
295
3266
297
723
295
296
723
296
296
297
295
297
296
296
298
295
295
296
296
1263
296
1218
297
295
295
295
295
296
296
297
702
296
1783
296
296
295
1657
298
297
679
295
297
295
295
296
296
295
295
296
297
1782
899
295
296
296
295
296
295
296
296
297
875
296
297
801
296
1526
296
295
295
295
722
295
296
296
298
295
295
296
898
722
296
298
294
298
295
296
298
295
297
1654
296
722
2744
2743
701
827
1535
1533
1218
2744
722
723
1657
2006
1265
1258
898
829
1262
798
1547
1655
899
2466
1944
723
875
2742
1260
826
1223
2744
1942
295
3266
1259
857
797
673
1547
2003
2741
2745
722
899
295
1218
722
722
2745
660
1654
805
899
1548
1550
1657
2594
2740
899
830
3266
722
798
2742
722
806
1508
1529
1260
851
298
799
2742
1249
1534
295
2740
1649
663
1652
1253
3266
1267
1223
294
1261
723
1654
1942
898
898
898
703
1527
798
1655
886
1655
682
296
1553
1655
1516
1655
1658
1535
723
1656
1535
1657
722
720
1218
1656
1655
899
829
1654
723
1658
1654
1508
898
899
1262
1658
2742
1656
1220
671
2739
2740
722
1650
1657
2744
868
1535
1223
723
1251
1654
899
295
722
2756
864
801
1262
723
3266
660
1252
1942
848
705
2740
2590
2744
722
2739
723
3267
1533
1656
657
3266
296
1250
2005
1261
2744
294
701
2594
722
2740
722
1941
2741
2743
722
1655
1656
2744
1218
899
686
1656
899
1657
3266
668
1553
1258
674
296
1657
1241
899
297
1654
899
1532
1637
699
1536
1218
2741
295
1657
723
298
1529
292
295
295
2007
295
1226
296
295
723
295
1658
295
294
297
296
296
1218
295
295
298
295
295
878
297
294
295
295
296
296
295
295
1785
298
296
296
295
296
1656
296
296
296
723
296
3266
294
297
296
295
1656
295
298
297
702
296
656
295
674
1538
1654
1263
1783
295
1784
722
1548
898
296
2003
3266
722
882
657
298
1255
297
296
787
1260
722
723
2005
722
1779
1537
1540
1492
1250
3267
2006
3266
2592
881
656
898
1218
1224
1226
1783
296
296
296
296
297
296
296
295
296
1262
1261
296
295
297
295
296
295
295
294
295
296
296
298
298
295
294
723
295
297
1785
295
295
1654
297
296
295
296
295
295
296
297
296
295
295
296
660
296
295
288
1536
297
297
292
297
296
296
296
297
295
295
295
297
1535
1656
1785
674
298
295
296
296
297
1784
295
296
295
295
295
298
295
295
296
297
296
295
295
1529
296
296
1654
295
295
296
673
296
295
295
294
296
296
293
298
296
295
295
295
295
798
295
1264
295
296
298
922
1654
295
295
295
292
295
296
703
297
296
297
295
899
295
295
294
722
295
295
295
298
296
298
297
295
298
295
296
295
1515
296
295
296
847
295
722
296
1516
296
295
295
296
705
722
297
297
295
298
297
296
1784
293
296
297
298
295
296
297
295
296
298
296
296
830
294
295
804
295
295
297
723
296
295
862
688
295
797
294
297
296
297
869
296
296
296
297
295
296
295
296
295
296
298
296
294
296
296
294
295
1780
296
899
296
296
722
296
1553
295
296
1218
295
295
293
724
1226
294
1532
2004
1250
1654
723
1780
687
2744
296
1261
723
1657
1656
1262
1548
835
899
2744
1539
2742
722
687
798
1655
1264
847
722
702
722
3266
2745
297
294
722
798
899
866
287
295
295
298
703
722
296
296
297
667
297
296
296
722
1658
294
296
295
296
296
295
3267
295
296
295
296
298
295
296
295
1781
296
295
297
722
1654
296
297
296
1782
295
296
295
295
297
1524
2007
296
295
899
1783
1542
1785
297
298
295
296
1655
296
296
296
295
295
295
296
297
1523
295
798
296
296
723
297
298
296
296
297
298
295
1781
295
898
296
296
295
295
295
1783
296
656
296
295
295
297
296
296
296
296
295
295
296
723
296
294
723
296
295
1656
295
703
295
294
298
295
295
295
294
1657
295
295
296
3267
1933
3266
848
1259
2744
1223
2744
1656
702
1224
2227
289
722
2742
856
722
1537
295
723
1506
1266
2507
1655
1257
2744
2740
1250
2744
1655
3266
799
1513
1654
882
2743
802
854
2744
869
1781
295
297
3266
295
295
295
1655
847
1653
296
295
296
295
295
1779
295
292
1652
295
295
296
296
1785
1223
1784
295
296
297
3267
297
1784
295
295
1551
899
1784
298
3266
296
1250
921
296
295
723
1251
294
296
295
295
296
295
296
296
1263
290
297
296
295
296
295
1535
295
295
297
1781
296
296
296
723
802
295
297
294
899
295
295
297
295
1656
295
295
1654
1266
296
2744
296
295
297
298
1657
296
296
297
800
297
295
295
297
296
2591
294
295
294
297
296
296
290
294
295
723
296
296
295
295
295
295
294
295
295
295
296
298
1657
1262
296
295
296
723
296
295
296
297
298
296
297
294
1261
293
704
826
722
3267
1656
917
296
295
296
296
295
295
295
295
295
295
298
296
723
295
296
296
296
297
295
296
294
296
295
297
822
295
296
296
294
295
295
295
296
297
297
293
296
803
298
294
296
296
1653
294
298
899
297
295
296
295
295
295
296
298
294
295
295
297
295
295
861
298
296
294
798
295
870
296
294
295
294
1654
1268
295
294
296
1535
296
296
1656
295
722
296
295
295
296
296
295
874
296
1655
295
297
722
295
295
296
295
294
295
296
295
296
295
296
722
296
296
296
294
296
296
295
296
296
1654
1654
296
296
296
722
296
296
1518
295
295
293
1785
287
294
295
297
296
296
295
295
296
295
296
291
297
295
296
882
1655
295
298
295
296
295
297
1538
294
296
296
295
296
295
296
295
295
295
295
297
899
1526
296
296
295
296
296
297
296
296
296
297
297
296
295
296
298
296
296
1656
295
296
296
298
293
295
296
298
296
296
295
297
297
296
295
296
296
295
295
296
295
295
1780
296
298
296
296
296
295
657
295
297
296
296
296
799
297
296
295
295
296
297
295
295
1654
1522
296
296
296
296
298
295
296
296
295
295
298
296
298
295
297
296
917
296
296
297
899
899
1262
1261
899
1654
1257
704
899
899
1654
1657
1657
845
295
1263
1657
1654
1654
899
1535
1658
1656
675
1655
1656
295
899
1548
898
1657
1241
1654
1657
1540
898
664
688
799
1262
814
1657
1555
1656
1260
899
1657
1511
920
704
1218
722
1655
1655
1655
1655
1510
917
295
1656
1655
2006
1528
662
1223
1655
687
1511
899
1657
1251
1653
1261
1654
1657
294
1542
899
1657
2743
1257
2003
1658
1658
1223
1656
1508
2744
2003
1637
704
899
1261
1656
899
2002
898
899
2008
663
899
2227
1656
3267
3266
1250
677
1218
1657
899
1657
898
1218
1218
918
1654
1657
1263
1654
899
703
2757
922
2003
1655
1655
1658
702
1655
1533
1250
854
296
824
899
899
1655
899
1657
702
899
1655
899
1657
898
1260
2744
1550
899
1656
295
2744
1656
701
1252
1654
1656
899
1654
917
1218
2744
2005
1552
1539
297
1654
1655
1654
1656
1539
1655
1642
2742
1551
1267
700
1262
1656
1268
1531
1262
1530
1656
1653
2742
1654
1655
899
268
1511
1508
1653
884
1649
1250
1655
295
1527
296
1533
296
297
298
801
295
294
1226
294
296
296
1656
295
295
296
722
294
295
1250
296
1785
296
296
296
722
297
879
295
833
295
294
295
1654
297
899
296
296
298
297
297
295
295
296
295
297
295
295
294
295
295
296
296
298
899
295
803
1783
296
295
296
295
832
297
295
870
296
1656
298
296
1781
296
297
296
298
295
294
854
295
295
660
295
296
880
297
1782
296
295
295
1655
1218
296
297
295
297
297
1655
295
296
296
296
296
296
296
296
295
296
295
295
295
723
297
722
298
296
297
298
296
1654
296
295
294
295
295
298
898
297
294
898
1656
295
702
295
297
296
294
295
295
295
295
295
298
295
296
295
296
1654
1264
722
295
296
295
294
295
295
294
296
298
297
294
295
843
1654
297
295
294
296
916
296
296
295
298
295
298
295
295
295
1655
295
298
296
295
1781
295
295
1218
295
296
296
295
1265
295
722
296
291
296
297
294
295
295
296
295
296
297
1544
1553
801
295
298
296
1781
1783
297
296
295
294
296
296
295
295
297
296
1654
298
296
295
296
297
877
295
295
296
295
296
298
295
295
1251
722
1655
1658
296
295
296
295
296
295
899
297
1548
296
298
1265
798
1654
295
298
295
298
295
1656
295
297
295
723
899
723
294
807
295
294
1941
298
295
297
1546
1654
295
296
297
295
295
296
294
296
722
298
1258
1780
295
296
295
297
295
1655
296
1656
296
295
296
294
295
295
296
296
1654
296
295
295
296
295
296
295
295
296
295
297
294
295
296
298
296
1267
1251
295
296
290
297
297
296
297
811
298
295
295
296
296
295
722
295
296
298
295
296
1260
297
1782
295
1533
297
295
295
295
297
294
298
297
297
1263
295
295
1652
1526
830
2006
688
2742
722
798
2593
924
1256
2594
295
867
1654
798
723
295
722
722
802
1267
2741
1656
722
656
723
2485
2740
1790
1657
1253
3266
1657
1226
295
1257
1655
1218
1656
1530
1657
2741
3266
298
296
297
296
298
296
295
296
295
294
296
898
296
295
297
297
296
296
295
295
296
296
295
298
295
665
295
295
296
295
295
295
295
295
296
295
295
295
295
1522
296
297
296
294
296
295
298
297
296
297
1784
1943
295
295
295
297
295
295
295
297
298
295
1258
295
295
297
297
296
296
297
295
296
296
298
297
3267
295
297
1785
295
1785
295
295
297
899
296
296
295
296
296
295
296
297
297
297
296
1218
1218
294
295
295
298
295
656
3266
293
296
296
295
296
295
295
297
295
296
296
295
295
296
296
296
297
296
295
297
296
2761
1654
296
296
295
295
298
296
899
295
296
1252
296
3266
296
298
298
3266
899
295
298
899
295
294
295
293
297
295
295
281
296
288
297
297
298
295
296
297
1941
296
295
1260
295
297
1508
296
295
295
295
295
295
295
295
294
296
297
295
294
295
298
295
296
3266
298
295
298
296
296
295
295
1556
296
297
295
1785
295
294
295
2738
289
295
295
296
298
296
1259
1940
296
296
295
295
298
296
1491
296
296
899
1260
296
295
295
292
296
295
294
298
295
295
296
295
3266
1532
295
295
296
297
899
2227
288
1491
295
295
296
297
295
295
295
295
296
899
295
296
296
899
296
1655
297
1541
296
899
298
295
296
295
1508
295
899
296
688
295
297
296
297
297
295
721
296
684
297
683
1529
1535
298
295
296
296
295
297
295
297
296
295
295
1785
296
295
296
296
298
296
296
296
296
3266
295
1939
297
1260
296
2740
295
899
296
296
294
704
297
296
296
1654
298
296
295
296
295
295
295
298
723
298
1534
295
295
296
297
294
295
296
296
295
298
296
296
295
295
295
297
295
296
2745
296
296
295
297
295
297
297
296
295
1531
298
1648
295
296
294
296
295
298
295
297
3267
296
298
295
297
297
296
295
295
296
296
295
296
2469
297
296
295
2740
294
296
295
295
295
296
1538
295
694
296
703
1253
295
298
297
297
723
296
2593
899
1656
1264
1656
1264
295
1492
1262
1656
1532
1656
1658
1655
1226
1656
1255
1651
899
1658
1658
1225
899
1655
1657
693
1655
899
1656
899
297
1657
899
722
1518
2741
2744
295
295
295
899
295
296
297
296
295
296
723
296
293
2741
295
296
1260
296
295
296
295
296
294
294
295
295
295
296
298
3266
296
296
296
296
295
899
1542
297
1261
295
297
295
297
723
296
295
295
3266
899
296
296
801
295
297
1259
296
298
298
899
296
296
298
296
1655
295
298
295
899
296
296
3266
297
296
296
295
1655
297
296
295
293
2740
296
295
295
297
297
295
294
294
298
295
295
298
296
296
295
294
295
296
295
295
298
294
297
296
296
1940
1653
298
296
1785
722
295
294
295
298
295
298
296
295
295
295
297
298
294
296
297
296
295
295
295
296
295
287
296
294
692
296
296
2008
296
296
296
298
298
2007
295
295
295
297
295
298
2551
295
296
295
3266
294
295
296
3266
295
295
295
295
292
296
295
295
1225
297
1241
295
295
2725
295
296
694
899
297
1939
296
1784
296
899
296
297
295
295
295
3267
295
295
296
297
3266
295
1547
295
296
294
2007
296
296
295
294
295
295
1250
298
298
296
899
296
695
295
705
295
295
295
295
295
297
1657
296
296
294
3266
899
296
297
295
295
3266
3266
2762
898
1539
3267
296
295
296
295
3266
296
297
3266
298
295
296
295
2008
296
295
298
297
296
296
297
297
295
297
298
295
3266
296
296
295
295
296
296
295
296
295
295
296
296
297
1261
295
295
296
298
1943
295
296
297
297
296
296
296
297
295
3267
296
296
297
296
296
296
298
297
296
297
296
296
294
296
296
297
295
296
298
294
297
297
294
295
295
296
295
298
296
701
295
693
295
298
296
296
296
296
297
296
294
296
899
2594
296
1218
2006
296
1523
296
295
298
296
295
296
296
899
295
296
899
296
295
297
297
296
296
297
296
660
296
922
297
1943
295
295
1654
296
296
1781
295
295
297
3266
295
297
1537
295
295
295
295
294
295
296
294
295
297
294
296
297
297
295
1540
1783
295
297
1653
290
295
296
296
295
297
295
296
3266
295
294
899
298
296
2227
295
296
298
295
899
295
295
295
295
296
296
1542
296
297
295
296
295
298
295
296
298
297
295
295
294
296
898
3266
296
295
296
298
2003
919
1225
295
1960
1257
295
1780
295
296
295
295
297
295
294
898
296
295
297
293
295
296
296
295
295
295
295
295
295
298
297
296
294
296
296
293
296
295
1767
296
295
3266
295
2744
1259
296
297
295
295
3267
295
295
297
295
704
296
296
295
295
295
899
295
297
296
296
295
3154
295
1784
295
899
295
296
295
3266
297
297
296
296
2007
704
1543
295
3266
1655
1505
1218
1655
2741
701
835
1654
1654
1656
1540
1655
899
898
694
1655
1533
899
1653
899
2594
1657
899
1657
704
1553
1658
1648
1537
1258
1264
899
1258
686
1265
1556
829
2742
1656
899
1257
1657
1654
2741
1657
2594
899
1654
1654
702
1654
1655
1655
1654
1656
2742
1223
1657
899
1655
1511
1529
3266
1637
701
1547
1655
2740
1643
669
1541
1655
672
1657
898
1530
2744
1656
1251
1657
1649
1657
1657
1657
723
1256
1655
1657
1655
723
295
2743
1642
1657
1531
1507
1654
295
1654
295
723
1250
1656
899
1655
899
1645
1648
848
1655
899
898
1259
1510
2007
704
1655
1656
1650
1657
1539
1658
1655
1657
839
702
2744
2744
1533
1261
1553
1540
297
1250
1262
2747
1534
1509
1654
1655
899
2003
1655
3266
1547
1655
1250
1657
1543
1529
2734
889
667
721
671
2004
845
898
2742
1250
295
1250
1536
1657
295
1541
1554
917
1658
1499
1654
722
1654
1781
1258
899
1657
1657
1656
2745
3266
1654
1657
899
1657
2003
2744
1655
899
1655
899
2742
1226
898
898
899
702
899
297
801
3266
861
920
802
2596
1655
899
1657
2003
899
1534
2745
1549
898
702
1657
1544
723
1552
1655
853
898
1657
2745
1254
1656
1657
1655
1658
798
1542
1655
702
2740
1656
1656
2005
1644
1657
1252
1225
1657
830
1540
656
1656
3267
297
295
296
296
296
1223
1657
1265
2743
1656
1657
1655
1263
2505
899
723
899
1657
694
1262
1656
704
1532
1656
1656
1657
1655
1656
1509
296
898
1656
1218
1554
1656
1265
1657
889
1997
1654
1654
851
918
2005
1657
1655
921
294
3266
704
1657
898
1658
1257
899
294
688
899
1263
1657
1527
1250
2743
1657
1547
1655
702
1545
1257
1251
1250
285
1654
723
2740
286
2591
294
899
1507
922
1657
1657
1250
1655
1539
2735
2743
1655
1257
899
2743
1654
2744
723
1657
900
1545
2003
1656
722
2742
295
1261
1257
1784
872
1657
2757
2746
799
1258
1259
1256
1546
867
798
1263
898
852
876
1538
1518
722
289
2744
295
2740
872
3266
917
2745
851
1223
1784
722
899
922
2741
703
2742
2744
2742
1241
872
2743
297
1250
295
899
1265
722
872
3266
1537
1507
2743
2740
294
722
703
2595
1656
1653
2744
296
295
1260
1657
1531
2744
838
722
1783
899
1654
1258
2741
1251
1547
879
722
2003
2740
1653
722
2744
1254
722
899
702
899
899
297
899
860
1540
899
3266
2595
1546
685
1657
722
1250
2007
3266
2226
2744
672
916
1534
2744
1512
723
886
2738
1653
2226
2742
2742
2005
723
792
1257
2743
2005
882
899
3266
1654
2568
2584
1492
858
1510
1257
865
723
2741
723
2744
294
722
2746
2745
2675
899
1261
723
722
722
1265
1533
297
722
1548
2745
786
2438
722
1250
722
1225
2593
879
1655
697
723
1549
1250
722
846
2003
1651
1656
678
1547
1267
1252
803
1655
1529
1657
1655
899
1534
1658
1223
295
1655
1547
1527
898
683
1529
1539
1261
899
294
1651
1252
898
1657
1257
1655
899
297
916
1656
1658
1655
785
824
3266
667
1656
857
2743
2743
1539
1262
862
785
722
1657
1260
2740
1656
1250
297
2594
796
1553
294
2740
804
1941
829
2745
918
3266
296
808
2740
1218
1257
2756
862
899
885
1555
1225
1960
2743
899
722
2744
2594
1261
722
1941
795
1549
2740
2744
2741
1220
1260
1654
1657
1656
1657
1655
1656
898
917
284
1657
1507
899
1250
666
1656
1656
1656
1656
1250
722
703
1256
1657
1657
1218
686
1654
1508
1655
1250
1657
1656
1262
1657
1658
898
1264
1263
1657
1657
722
656
854
899
1656
1656
899
2739
1656
1657
297
1263
1656
2003
1259
898
1554
1507
1658
899
1656
295
294
1655
899
1548
899
660
722
1250
723
899
1511
899
294
1534
1259
1657
1530
294
1654
3266
899
723
1534
1537
1508
665
899
1545
899
1258
723
899
1257
1250
664
1509
1655
899
823
1534
296
1508
1534
923
1656
295
295
296
295
290
297
298
3266
298
295
297
296
296
296
296
295
296
295
295
295
297
296
1250
1528
296
297
298
297
296
295
296
296
295
296
297
293
294
1654
3266
294
1655
297
295
1263
296
296
294
296
296
296
295
295
295
295
296
295
298
3266
295
298
899
295
899
296
296
1251
297
295
1784
296
295
1535
298
295
296
295
296
296
297
296
298
297
296
3267
295
295
1657
295
1940
296
296
298
295
295
297
296
296
295
296
298
296
296
295
296
1257
295
297
296
296
295
295
296
295
295
3267
297
297
696
297
298
297
297
295
295
297
296
296
295
289
296
296
899
297
3266
298
295
295
665
295
295
296
297
296
297
295
1655
294
295
297
3266
297
3267
296
297
296
296
3266
722
287
298
295
296
3266
295
296
296
295
295
1263
3266
297
295
295
295
295
295
295
296
295
294
295
1651
295
296
297
296
295
296
1655
295
298
295
296
296
295
295
295
296
298
295
296
296
295
296
295
3266
295
295
296
296
1533
298
295
296
296
1532
296
297
295
296
802
298
296
295
298
899
295
296
297
295
295
295
295
297
296
3266
295
297
295
1547
295
296
295
298
296
296
295
297
295
295
295
295
293
295
298
297
296
1537
294
898
296
297
1785
295
297
1500
296
295
3266
296
298
297
295
295
296
297
295
295
297
296
295
295
298
295
295
705
296
295
296
297
295
295
298
801
296
1250
297
297
1785
295
899
294
3267
295
295
295
3266
295
2591
295
296
296
297
297
295
2008
703
899
296
298
296
3266
296
297
295
296
295
296
298
295
295
296
296
3266
295
297
1939
295
723
1655
295
296
296
296
295
297
296
295
293
297
297
298
295
296
296
297
297
295
295
296
295
298
296
295
298
294
294
1785
296
295
664
296
294
3266
297
295
298
298
293
2227
295
297
297
295
295
3266
296
297
1259
295
295
295
295
296
297
297
1785
296
295
295
898
297
295
295
898
298
297
1250
296
296
295
1784
295
296
1251
1781
295
295
295
295
1783
297
295
296
296
1264
295
295
2759
295
297
1223
296
297
295
295
296
295
296
296
296
295
295
3266
1943
294
297
295
295
296
294
297
1654
296
296
297
296
297
1268
898
899
296
297
296
296
296
296
297
1655
296
295
296
1784
298
298
297
296
297
296
297
3266
295
295
297
295
295
296
295
1253
296
2591
296
296
297
296
295
296
296
656
297
1534
899
1223
297
295
296
295
295
295
1784
296
297
1785
660
1267
298
899
916
295
294
298
295
295
296
296
294
1226
296
298
292
1556
295
295
297
295
296
703
296
296
297
298
296
295
295
297
295
3267
296
296
1785
1656
1267
296
296
289
1655
294
296
294
1782
298
295
1538
295
295
295
298
899
295
295
298
295
3266
297
298
295
296
297
292
294
1784
295
298
297
1657
297
1936
1785
296
295
296
295
295
293
295
1266
295
298
3266
294
295
297
294
899
295
297
296
292
297
296
1784
296
297
3266
296
296
296
297
295
297
297
297
296
295
802
296
296
296
886
1656
1258
1657
1657
898
1657
899
1652
686
656
899
1658
722
899
1264
1654
1657
1531
1656
1657
803
1654
1656
1261
1655
2744
1656
899
1657
656
1656
294
1218
1657
1541
1509
1657
1529
702
1656
1657
1654
1528
1656
2745
295
899
1267
917
1218
1257
1656
1534
1529
1658
1263
1656
1267
1238
1218
701
1654
1543
1657
834
899
1655
1943
1259
898
671
1657
898
1250
2742
1656
1259
1657
3266
723
1657
1549
1654
1267
1261
899
1657
1223
1257
1656
1658
1547
1657
899
2744
702
723
1657
1549
1654
1657
1656
898
899
1251
1533
1654
701
2003
1657
1223
1657
1656
899
898
1656
899
1656
1656
294
1657
1547
1655
899
1549
1654
899
297
1552
1655
1260
1263
1507
722
294
899
1654
1655
1656
1515
1655
1657
1657
1657
1508
1654
898
1517
1262
1656
1655
2759
3266
295
295
296
295
298
295
294
296
295
295
296
296
899
294
296
298
296
296
296
296
1257
295
295
295
298
297
295
295
296
296
296
296
295
295
295
295
2008
295
1653
297
1785
294
295
297
295
1654
297
1516
297
296
296
295
296
702
295
297
295
296
296
295
296
296
296
296
296
298
295
296
3266
1657
295
295
295
295
295
296
297
295
297
722
1250
296
295
296
295
898
295
297
295
296
296
295
1781
298
296
297
296
294
294
295
295
295
296
296
1941
1654
296
295
1225
297
295
296
295
296
296
297
295
295
916
1548
298
3267
296
295
294
296
296
296
295
295
297
297
296
296
2592
295
1654
297
295
296
1260
295
297
295
296
295
1553
3267
294
291
296
297
296
296
296
297
295
295
295
295
294
295
296
289
298
295
296
296
296
2009
297
296
295
296
295
295
295
296
295
296
295
295
296
899
295
296
296
296
297
297
298
296
295
296
296
295
295
1509
296
298
899
295
296
298
295
295
295
295
296
294
296
296
296
296
296
296
296
296
295
295
295
295
296
297
295
296
295
295
3266
295
296
295
296
297
296
295
295
296
295
1782
291
898
1938
297
296
1267
1536
295
295
1656
296
296
295
296
296
295
295
295
1783
297
294
1655
296
296
1654
296
297
296
295
295
295
298
296
1265
293
1782
295
296
298
295
296
295
296
297
296
722
899
296
295
295
1262
296
298
722
297
296
297
295
1240
295
296
295
297
296
295
295
292
295
296
295
1783
295
1785
296
296
295
798
296
293
298
294
295
295
296
922
1654
828
288
295
3266
1534
1654
296
296
295
284
296
296
297
296
722
296
1530
295
296
704
296
296
297
1534
296
298
295
296
295
296
863
3266
296
295
295
1658
1529
702
868
2005
1654
295
296
295
296
2007
296
297
295
296
295
3266
296
295
297
297
296
296
295
1784
296
296
1250
295
295
1250
294
3267
298
294
295
296
297
296
1535
297
295
297
1634
298
295
296
297
298
295
296
2595
297
295
296
295
295
296
297
295
296
294
295
3267
295
898
1531
295
295
297
667
294
294
295
295
296
295
296
298
923
296
297
295
297
295
295
298
297
295
295
294
297
295
298
296
3266
295
295
297
296
296
295
295
295
1547
296
296
296
295
295
295
296
295
298
297
296
296
295
1261
295
298
294
296
294
296
297
295
297
295
297
297
298
294
295
298
291
296
898
296
2741
296
298
1508
2006
294
296
295
295
295
1550
298
295
296
295
3266
295
294
295
296
296
661
295
296
296
692
297
295
298
296
297
296
297
295
298
295
1262
1258
295
297
295
293
295
297
296
3266
296
296
296
296
2592
3266
295
295
295
295
297
297
298
296
296
3266
296
296
295
297
296
296
295
295
295
295
295
296
295
295
296
295
295
1250
296
296
296
297
1784
296
298
297
918
1542
298
295
898
295
296
297
296
297
297
3266
2483
296
297
295
296
295
296
1251
295
294
296
296
296
295
295
294
296
296
297
298
295
898
296
898
295
295
297
296
295
297
297
296
295
296
297
295
296
296
295
298
295
1257
295
296
295
296
294
297
295
298
3266
1525
295
296
296
723
296
294
297
1530
296
298
294
295
294
296
296
2742
296
1654
2006
2747
297
297
295
296
1655
295
298
295
296
295
295
298
295
295
294
296
297
297
295
723
702
702
1535
295
295
296
296
899
296
297
296
296
295
3266
296
296
1651
1250
2007
298
295
295
295
297
298
1221
1529
297
295
1547
295
289
296
1252
295
296
296
296
296
297
297
295
296
295
295
296
296
295
1538
899
296
2592
294
2747
660
295
295
296
297
1506
2594
295
296
297
298
296
297
294
294
1224
297
1654
296
295
295
298
296
294
296
295
297
296
296
298
297
296
295
295
295
296
295
296
295
295
295
899
297
295
295
295
295
296
1655
2742
899
1657
866
723
1656
1533
1656
1266
1254
1655
2006
2759
296
723
899
1633
1653
296
296
295
295
296
297
295
696
296
295
297
295
296
295
899
295
295
296
295
899
294
298
1784
295
295
295
296
295
296
297
295
296
296
298
298
298
704
298
296
296
296
296
297
297
295
295
3266
295
294
295
296
295
295
295
296
297
296
296
296
297
296
656
297
297
295
295
295
297
296
898
295
295
723
294
298
297
1535
295
3267
1784
296
295
295
702
295
296
295
295
3266
296
296
296
297
297
298
295
296
294
294
295
295
298
295
295
1533
294
296
898
298
296
1259
296
296
296
295
295
297
294
295
295
1656
296
296
2595
296
898
297
296
294
296
295
294
296
295
898
798
899
297
296
295
295
899
298
295
296
295
295
296
295
295
2008
295
297
296
295
296
296
295
1257
296
296
295
664
1506
3267
296
787
298
295
295
295
295
297
297
295
298
296
899
295
2744
1656
917
1508
1535
2734
292
296
1655
295
826
3266
296
296
297
297
296
296
295
295
295
722
1251
298
295
296
296
298
298
295
296
295
296
296
296
296
296
296
289
296
1785
295
296
3266
296
295
296
297
1532
295
295
298
295
295
296
296
295
723
296
294
294
1785
295
296
296
296
297
296
296
297
295
1224
295
296
296
297
295
1784
296
296
295
296
295
296
295
297
296
1785
294
295
296
296
722
296
297
296
298
3267
295
295
294
296
294
2742
297
296
1267
3267
296
899
2007
292
295
295
295
296
297
295
295
296
298
856
295
296
295
296
899
295
296
295
297
660
1534
899
296
296
295
297
296
294
296
295
295
3266
296
295
295
295
295
1782
701
296
295
296
297
296
298
295
295
295
296
1784
297
296
296
1506
1656
297
1223
1223
1657
1251
723
1553
1536
898
2741
1657
1265
1491
899
1654
295
2742
1552
899
2744
2742
1526
1655
693
723
722
1530
1534
723
723
1541
656
2742
702
2743
2746
722
2740
899
2744
723
2742
1267
722
2739
1507
1263
1766
1258
1250
2592
295
297
293
294
295
1252
3266
703
898
295
1782
2592
1536
1218
723
3266
295
296
297
295
295
722
294
296
296
294
723
297
296
295
295
295
882
296
1653
296
296
1653
295
296
1226
296
1656
295
295
1656
296
295
294
295
296
295
297
297
294
723
1656
298
723
297
297
722
1654
296
296
296
295
861
656
296
295
296
295
295
295
297
1656
1783
296
294
296
296
295
296
297
296
296
298
873
296
295
295
295
297
296
296
296
295
296
296
1656
296
296
296
923
1781
296
297
723
806
296
297
1656
295
297
1218
297
295
296
295
295
295
297
297
295
295
723
3266
296
1656
296
701
1656
1656
723
296
295
294
294
296
295
1528
297
298
296
298
295
295
297
295
295
297
1519
295
294
295
295
296
295
296
296
297
295
295
295
295
722
295
295
295
296
296
296
298
1653
296
297
298
1549
296
295
296
295
1264
295
298
296
295
295
294
296
297
295
296
296
295
296
296
296
297
804
298
295
295
1656
296
298
296
295
295
298
298
1218
296
295
296
295
722
297
1933
296
296
296
297
298
295
843
295
296
295
295
295
296
295
295
295
1264
295
297
296
295
296
297
1532
899
298
1250
295
296
296
297
295
1654
297
296
298
296
1263
2004
1539
1226
2004
1218
297
2595
1657
2006
1549
899
845
1654
702
1654
1655
1656
1655
1554
899
899
1655
2742
1263
1657
1250
1536
1655
1251
1656
696
1263
683
1262
1655
899
1652
2744
294
1657
899
1225
1508
1258
1655
1266
294
1654
1223
1657
1657
1657
1548
1532
1253
295
295
1654
1535
1252
1657
899
3266
3267
1656
296
296
297
296
297
295
296
298
296
295
295
295
899
2007
296
294
296
298
296
296
296
296
296
297
899
296
297
295
297
1940
296
295
295
296
296
295
296
295
296
296
297
296
298
723
295
296
296
296
297
295
295
295
296
295
686
297
297
297
3266
1778
298
294
296
296
297
2740
297
899
296
2587
3267
296
296
1532
296
296
297
295
296
294
297
296
295
298
1550
296
298
298
295
1655
296
295
296
297
295
295
295
295
294
697
295
295
295
296
1785
296
296
295
1259
805
295
296
1783
294
295
3266
1518
295
295
296
294
1784
297
295
295
296
296
701
296
296
297
295
1535
295
296
295
297
1782
296
1267
296
295
1226
296
298
703
297
296
295
297
295
291
296
2588
297
298
295
296
296
296
298
295
296
296
296
295
297
296
287
296
294
297
899
296
295
722
898
296
297
298
298
296
291
295
898
295
292
296
296
295
1781
296
3266
295
296
295
297
3266
296
2008
295
295
295
295
296
298
1226
296
296
295
295
298
1656
296
3266
1784
297
1655
298
296
296
296
297
295
296
704
296
297
295
296
295
297
296
296
295
865
295
295
1655
703
295
1656
297
898
1783
1251
296
295
295
1529
297
295
899
295
298
295
3266
295
298
296
295
295
296
298
297
297
899
296
296
2005
1251
295
297
295
1225
296
1534
295
295
296
296
296
295
1506
295
296
292
296
1653
296
298
1507
1553
296
296
295
295
296
296
295
298
1784
296
854
295
1784
294
703
297
295
296
295
296
295
295
296
295
296
295
296
295
295
295
296
296
296
294
297
293
298
295
297
297
295
296
295
297
297
1552
294
295
296
296
1655
296
298
298
295
296
295
295
295
297
1656
296
3266
295
295
295
296
1554
723
298
296
295
296
296
296
295
297
297
295
295
298
1266
295
295
296
1536
296
295
295
899
898
295
1784
294
296
295
684
295
1785
296
3266
296
296
298
295
295
296
296
899
683
296
296
298
296
295
296
297
298
295
3266
295
899
296
295
296
295
1785
296
295
297
296
296
297
1259
296
1499
297
294
295
296
294
1784
296
1223
294
295
295
296
297
296
296
296
293
295
1260
295
898
295
3267
295
295
297
899
295
1264
294
291
1262
295
3266
296
295
296
295
3266
295
1257
296
295
3267
295
295
296
295
295
1653
295
295
1656
295
295
1529
702
1656
899
3266
1548
1264
899
1943
295
297
297
295
295
295
293
1218
1658
1654
1241
1544
1656
1654
2745
1528
1257
1655
1657
1540
1656
295
916
1218
1250
1263
1654
1541
723
2741
1657
898
1656
695
702
1656
1655
1548
3267
296
298
296
295
297
297
298
295
295
297
295
295
295
1784
295
296
1774
295
295
297
296
3266
297
295
296
1655
3266
1654
297
295
295
296
296
295
296
295
704
296
296
296
295
296
1261
723
295
856
295
296
296
1767
295
295
294
297
296
295
295
294
296
298
298
898
298
295
295
295
1263
293
295
295
295
297
3266
296
295
296
1771
297
297
296
295
295
295
295
898
296
1498
899
723
296
295
295
3266
298
297
295
296
297
296
297
294
295
294
918
298
2742
296
295
296
296
297
294
297
294
295
296
1539
296
295
295
3266
296
297
297
296
295
295
295
296
295
296
295
289
296
296
295
295
2595
295
298
296
295
296
295
294
296
296
296
3267
295
296
296
1554
1508
298
295
295
296
295
3267
295
296
297
297
295
296
296
295
1785
296
295
687
296
295
296
295
1785
297
296
295
294
2741
296
298
296
298
295
295
295
295
295
295
294
297
297
295
295
298
296
702
296
295
296
295
296
295
295
295
296
298
295
2742
296
296
296
298
296
296
296
296
295
1780
297
296
295
3266
1533
295
295
2594
298
295
294
297
2741
3266
295
295
2597
296
296
297
298
295
1259
3266
296
296
296
295
296
297
296
294
296
296
295
297
295
295
297
295
297
298
297
296
295
3266
298
295
297
1653
296
3267
295
296
295
295
295
1257
298
295
296
296
295
296
295
298
295
296
295
295
295
296
297
899
296
294
296
2006
296
296
295
857
296
296
296
296
296
296
296
295
295
296
297
296
297
1508
295
296
297
295
297
295
296
297
295
296
296
295
297
1508
295
295
297
296
723
298
295
296
296
297
1262
296
295
296
1261
295
296
296
1226
295
899
296
296
296
296
296
296
298
296
865
1935
296
294
296
295
899
296
294
1785
296
296
296
296
296
294
295
294
296
296
1655
295
297
297
295
295
3266
295
288
296
899
295
295
296
298
295
296
294
295
1543
899
294
297
295
296
1540
2598
1654
298
295
296
294
295
297
298
297
1264
297
294
1550
296
295
296
899
296
298
295
297
295
2007
295
898
297
1218
674
296
295
297
296
295
296
296
296
296
295
298
296
1543
1259
1251
296
296
295
298
298
723
298
296
297
298
298
295
297
296
295
295
294
1781
1942
295
295
297
294
296
295
298
1655
297
297
297
295
296
298
295
3267
295
298
295
298
295
294
296
295
1251
296
296
295
899
292
2594
294
294
296
294
296
296
298
295
1252
3266
293
296
295
295
297
295
294
295
295
296
296
291
1782
1940
899
1508
296
1654
295
295
294
296
916
297
1533
296
296
2009
295
1506
295
296
296
295
297
297
1539
1654
297
295
296
296
295
295
294
294
295
295
296
297
295
297
898
897
674
1226
3266
3266
296
3267
2600
294
298
296
295
296
297
298
1784
1655
898
295
898
297
295
295
296
296
296
297
296
294
297
287
296
295
294
295
1940
1538
899
1533
295
1654
297
298
295
295
296
3267
295
296
271
295
2744
294
295
295
1250
296
295
295
1656
917
296
297
297
295
296
298
295
295
295
295
296
297
295
295
297
898
805
294
296
295
294
297
295
296
296
297
295
295
298
2744
297
296
296
296
296
297
294
297
294
295
294
295
298
295
297
297
296
295
296
3266
1218
297
1226
1780
295
3267
722
1655
2741
899
1538
1259
293
2551
1784
297
296
296
295
298
295
297
700
296
296
296
295
295
296
298
296
295
295
298
297
295
295
295
295
295
296
296
295
899
295
295
296
295
899
294
296
295
297
295
296
295
296
1257
295
295
295
295
294
295
296
296
298
295
295
297
295
295
296
296
296
296
295
296
295
295
1253
2010
918
296
296
295
294
297
295
898
294
295
296
295
295
297
296
298
295
295
297
295
296
297
3266
295
295
295
1528
295
295
296
297
298
295
295
296
296
294
296
298
296
295
295
295
295
295
295
298
3266
296
297
295
297
296
1549
1531
296
297
296
297
295
296
296
296
295
3267
297
295
296
295
295
1260
3266
1527
296
1655
1656
1655
1656
1655
1656
1250
1250
1655
2744
2740
1226
1657
1654
1507
899
1223
2592
295
1654
1654
1657
808
1655
1656
2744
1656
694
1655
1654
1656
1529
1657
1256
899
1551
1218
1260
1782
899
1260
1266
1652
899
1539
656
1251
1655
1535
660
685
1657
899
1656
1657
1530
1656
1532
1256
1654
1655
2742
1654
1657
1657
656
916
1655
1655
296
1656
899
1654
1654
1657
1657
1261
2593
1262
838
1657
899
1548
898
886
1222
857
1654
1532
703
1657
1656
2595
697
3267
295
297
295
295
298
2595
296
296
296
297
295
860
296
297
295
297
295
1538
298
296
295
295
293
298
295
297
296
296
295
295
1784
1784
295
295
295
296
295
298
296
295
296
296
295
296
295
297
881
1785
296
296
296
297
1218
899
294
296
297
296
296
723
294
899
295
297
1656
1250
295
296
297
295
297
295
295
295
295
295
723
297
296
295
295
802
295
723
295
295
298
1250
295
296
295
1785
297
296
296
297
1782
295
295
295
297
294
296
295
295
295
296
1656
1657
295
1655
297
1657
295
1654
296
1656
294
296
297
297
297
296
295
295
295
296
1657
1654
295
296
295
1540
296
295
294
296
294
295
293
295
295
295
295
295
296
1218
298
297
296
296
296
1655
295
1509
723
296
295
1260
295
295
294
296
296
294
295
296
295
853
864
296
297
295
296
297
296
295
1550
295
1550
296
295
296
296
295
297
722
296
297
296
295
296
296
298
296
296
296
294
723
295
1540
295
297
295
296
298
1654
1241
295
296
295
292
297
723
295
297
295
295
296
297
288
295
296
1226
3266
295
295
298
294
296
1656
898
295
297
296
296
298
295
295
295
295
1257
296
836
297
294
1252
296
296
296
722
296
1534
297
296
297
295
295
296
295
297
295
297
1529
295
298
295
297
297
722
295
295
298
722
296
298
297
297
702
296
296
295
297
296
296
296
848
297
297
295
295
295
296
296
295
298
296
1654
296
1654
297
297
295
295
295
296
1781
295
1780
295
295
298
295
295
296
295
1534
294
296
296
295
842
296
295
295
295
295
296
298
295
295
296
298
297
922
296
295
1251
294
296
846
295
295
295
295
297
295
296
1653
297
295
297
297
295
295
295
296
296
294
295
296
1506
296
296
1656
296
295
296
295
296
293
1785
296
295
703
1657
296
295
296
295
295
1656
296
296
296
723
295
296
722
296
297
829
295
296
296
297
295
868
296
295
295
844
296
294
295
296
297
1653
296
298
296
1657
296
295
298
1656
296
1655
295
295
296
295
295
296
294
918
296
278
296
295
296
295
296
703
296
295
297
1526
297
296
798
296
296
295
295
295
297
297
297
295
296
295
295
1785
295
296
296
296
295
295
298
296
1529
1656
295
1657
296
295
1240
297
1530
295
295
296
1783
296
294
296
295
295
297
1657
295
298
295
872
298
296
295
296
296
723
294
295
295
297
798
296
295
296
723
296
295
295
296
1654
294
295
296
296
722
1780
296
295
297
297
295
295
294
295
294
295
296
1545
296
295
295
298
297
1511
296
295
296
1656
295
296
695
296
295
297
297
296
295
886
296
295
295
1523
295
296
295
293
297
294
294
296
290
899
296
297
296
295
898
1655
296
1656
296
295
296
295
294
297
3266
298
298
296
294
899
296
296
295
295
296
296
295
895
294
296
295
295
295
295
295
296
296
296
1546
297
295
297
296
297
296
295
295
3266
296
296
3266
296
298
296
296
295
295
296
296
295
295
297
294
297
298
294
899
723
295
297
298
296
297
296
2009
295
296
296
294
294
1250
2227
297
297
296
296
295
296
917
1538
296
298
1544
298
3266
296
296
1539
807
3266
295
898
295
297
1783
296
295
298
291
898
296
295
295
295
294
296
295
298
296
296
898
295
296
296
663
1540
295
3266
1766
899
1655
1655
899
1226
702
1267
1657
704
2744
1657
289
3266
1533
1251
1656
899
701
1657
1657
1553
899
1544
1246
1657
1259
899
2509
2595
297
1550
1655
1656
1656
899
1654
1657
899
656
917
798
1656
1655
898
1654
687
856
1658
1654
1540
1261
1658
722
899
1655
1537
1254
899
295
1656
722
1531
2005
1654
1543
1224
1937
294
1522
1646
1250
1655
1251
899
1657
1529
697
1547
899
1655
1257
1657
899
1654
1655
899
1257
1225
292
1257
1655
1654
296
1508
1656
1223
1655
1657
656
1655
1526
294
1656
841
1218
1260
694
723
1657
1536
899
1655
2006
2741
298
296
296
1261
296
295
899
295
1264
297
297
296
295
1224
698
295
899
296
295
297
295
295
295
295
296
297
3267
298
295
295
295
296
298
296
297
294
295
825
295
296
295
296
1507
295
295
296
296
295
295
297
292
722
294
296
295
295
297
295
295
298
298
295
894
722
1529
296
722
722
295
295
296
296
296
298
297
297
295
297
295
294
722
297
294
295
296
295
297
295
298
297
296
297
295
295
1785
298
296
296
297
298
704
296
1654
296
296
295
1540
296
722
1654
296
298
296
1223
296
295
295
295
291
1525
1250
1529
1653
295
295
295
292
296
296
1783
295
295
295
296
295
296
296
295
296
899
1262
296
722
295
296
297
723
295
295
295
295
296
1654
295
2003
295
294
297
295
295
294
296
295
295
295
295
297
297
296
297
294
829
1246
294
722
296
295
295
296
3266
296
296
296
295
295
1267
298
295
295
298
297
295
295
296
1782
295
296
296
295
295
296
295
297
1656
683
296
3266
1779
2743
1534
2743
2005
879
1654
3266
1225
1264
1655
899
898
2743
807
722
2742
723
1218
293
2742
722
799
825
854
916
1536
2745
1502
2744
899
899
873
723
2742
723
2744
1657
899
1528
1257
1519
1655
1654
1656
1263
1655
1657
1657
1656
1515
668
1650
1655
899
657
1532
1654
2745
1656
1656
702
1656
1657
701
2740
1509
1250
884
1515
1656
1654
1654
1223
899
2741
1656
898
2007
1654
1225
1646
1268
1528
1654
1648
1658
1655
683
1656
1508
899
899
1657
1539
1251
1510
2007
1656
1657
1264
1655
2741
1656
899
1225
1655
1655
297
1257
1656
1655
699
1262
898
1654
1655
1655
723
1657
1657
899
1538
899
2740
1655
858
1657
1540
1261
2742
1657
1655
1512
1657
295
1510
2743
1251
293
1534
1241
1656
1498
798
1657
899
296
1261
1515
1655
1543
283
1656
1264
1218
899
1655
1657
1250
1536
1508
1654
1644
2005
1657
1644
899
2003
1656
1267
1657
1536
295
296
1658
802
1219
2742
1532
1654
294
899
1657
1658
1655
2744
899
1259
1535
1257
1657
1654
1538
1654
723
1525
1657
1655
2743
1655
1656
1534
1654
899
1655
297
1656
1654
918
1218
1257
898
899
1267
1658
1654
1652
1655
1255
899
704
1658
295
1658
1225
1539
3266
899
899
899
899
899
1656
1645
2003
1649
1657
898
1250
871
1655
1262
2745
1657
703
899
1654
676
1542
1250
700
1655
1257
1262
1657
899
1655
1657
1657
672
1509
1657
2743
2744
1657
1658
1221
917
1530
1656
899
1218
1532
1655
899
1518
701
1655
2743
1655
1657
2742
2595
899
702
3266
898
674
660
899
1654
1655
3267
1251
297
295
295
296
295
1654
295
297
297
295
296
298
296
297
296
1535
298
297
296
296
295
295
294
296
295
296
295
296
297
296
295
298
297
294
296
3266
1534
296
295
3154
296
1942
295
296
296
295
295
296
296
296
294
294
295
295
296
296
295
3266
295
296
296
296
898
296
297
295
296
3266
1218
295
295
294
296
899
294
294
295
296
298
296
3267
296
296
296
295
295
296
296
296
296
899
296
297
3266
297
297
296
298
295
1518
1258
1556
296
295
296
295
296
1509
295
295
295
295
295
3266
296
295
298
295
297
295
295
297
298
296
296
296
295
297
295
295
295
295
296
297
297
295
295
296
295
298
297
298
298
295
295
296
1507
295
296
295
296
298
297
292
296
898
295
888
295
295
1651
295
296
295
297
298
293
295
297
3267
293
3266
296
295
296
298
295
