922
238
802
245
1277
230
243
174
814
850
671
271
1266
190
898
898
256
688
814
1251
680
723
172
1525
263
248
878
273
212
867
244
199
685
722
722
1266
826
1527
286
269
1249
789
151
243
722
1275
899
918
1540
291
241
812
862
1258
684
251
693
724
919
223
784
283
722
1251
219
722
279
1267
836
674
859
1251
278
922
842
275
276
168
667
275
683
898
1264
658
1262
247
695
683
1261
787
695
223
279
1715
278
661
659
661
898
867
661
1264
290
275
284
834
284
280
722
898
667
821
843
899
1251
252
899
262
852
280
663
899
2002
674
1251
836
898
1504
1529
1542
898
676
288
701
1263
1539
676
271
899
290
245
230
2595
256
697
651
285
924
722
722
285
854
922
292
1260
1653
1552
785
268
883
1224
722
675
1189
700
691
277
1787
682
658
233
1528
270
267
722
293
285
276
1526
287
1257
673
829
690
1534
1533
1259
722
1536
261
1243
1252
1267
699
278
658
683
663
1251
898
677
1218
1261
280
801
677
916
850
725
686
856
1224
1251
790
1261
685
663
884
685
917
1535
670
280
2008
698
1251
1266
822
2744
852
290
1260
681
291
1224
2595
1253
682
918
1260
798
679
2588
2000
1259
665
1258
692
297
1533
1549
291
794
290
663
675
701
669
1639
1218
658
825
672
855
1552
294
916
291
1538
899
289
1264
899
293
294
696
290
1514
1539
805
681
681
1263
1250
293
898
1535
899
1531
899
1555
1655
290
695
1257
290
677
687
297
723
898
898
295
818
723
898
665
898
663
723
1509
899
705
899
695
671
900
1251
898
898
669
723
722
898
1506
666
296
702
899
722
2000
663
722
722
898
697
898
722
722
722
722
1907
273
290
694
898
1251
1258
1261
722
688
898
722
672
294
898
679
699
898
722
669
687
1497
660
722
669
898
681
898
686
898
722
898
899
275
898
273
662
681
898
296
298
898
899
1508
898
722
722
722
723
662
722
294
687
666
722
722
898
704
898
722
898
899
1541
1941
1250
1655
252
899
722
1257
898
295
723
898
898
899
702
1524
686
290
1655
924
1262
1218
703
722
722
898
1534
2005
291
1259
1655
1256
1538
722
1654
1257
1657
297
898
1265
809
1535
1656
685
858
898
295
899
1250
1657
1224
1257
1656
667
1760
297
1657
1528
1942
698
294
801
1655
1259
700
294
1263
293
841
1657
1260
864
680
1264
1539
296
687
1656
1655
1250
722
722
1528
722
297
898
898
722
674
722
722
1532
1531
1264
722
664
656
722
722
722
722
681
898
290
1525
800
2744
297
871
1656
1264
1655
1657
1657
296
287
1262
802
1656
1262
1657
1520
1262
1534
2743
1251
1530
722
293
1655
898
651
686
917
1657
1218
1218
1655
1636
1260
1536
296
1656
1543
2740
1656
722
1655
899
2745
694
1655
1538
702
1263
1656
295
1654
1513
723
899
1262
828
1654
1507
722
1655
1657
1657
1910
898
1544
1531
1262
1656
1267
1538
669
1509
1225
898
1492
675
1250
898
297
1552
2743
1654
1265
1250
1927
1268
1511
1265
1218
1556
1656
1510
1657
2744
1656
294
293
1226
1657
669
827
899
1223
1649
676
264
1529
1655
1656
1658
1241
899
1266
827
1654
1655
1528
1655
2741
1241
1656
1252
1655
899
1651
1269
853
1550
687
1256
1658
1533
1656
1655
1656
701
1218
1657
294
1941
898
1908
1657
1654
1654
1541
1656
1656
294
1657
1657
296
294
1265
1251
1657
723
1640
1656
873
1655
2744
1656
1658
1218
1548
1655
1657
1507
1543
1656
1942
1656
1224
2744
1658
1657
1266
295
1250
1219
899
1657
1261
1656
1226
1656
1655
1223
1943
1261
695
922
1654
2744
1261
1655
1655
295
1218
1535
1939
1656
1657
1534
1945
1218
899
800
1654
1529
1655
1658
1257
1654
1250
898
1512
1657
1655
1655
898
696
1258
1528
1656
1655
681
1541
1654
1264
1657
2743
1263
1223
1657
899
1656
1655
1654
1657
1654
1654
1261
1655
1657
1941
1256
1658
1655
1655
1655
1655
1654
1655
1655
1657
1262
1533
2742
1263
1657
1250
1654
1656
1657
1655
2742
1654
1655
1655
2742
1656
1654
1654
1657
1657
695
703
1655
2742
1655
1657
1218
701
1655
1658
1249
1657
1656
2744
295
1655
701
1655
1657
1655
1644
1655
1656
1943
1655
1655
1655
1655
1655
1548
1657
1656
1655
2741
1656
1656
1657
295
1224
1655
1251
1656
1658
1528
1656
899
1656
1656
1525
1258
1658
1257
898
1655
1656
1655
1654
1655
1654
1656
1657
1656
1655
1655
1654
1657
1654
1657
1654
1942
1655
295
1538
899
1657
899
1656
1657
1655
1658
1655
1657
1655
1265
1655
1657
2742
1656
1654
1655
1506
1655
1655
1655
1657
1655
1655
1658
1262
1656
1656
1656
1655
1656
1654
1536
1655
2741
1656
1657
1655
1655
1655
1657
1656
1655
1655
1655
1538
1655
1657
1657
1655
1655
1656
1656
1657
1657
1657
1655
1538
1655
2742
1656
1656
1655
1218
1654
1657
1655
1656
1657
1655
1657
1656
1655
1655
1654
1655
1224
1655
1656
1656
1657
1655
1655
1655
1657
1655
1657
1656
1655
1654
1656
1655
1655
1656
701
1657
1656
1655
1657
899
1655
1251
1658
1533
1654
1655
294
2742
1656
1655
1655
701
1656
899
1654
1655
1544
1655
1657
1656
1656
1655
1656
1655
1656
1657
1655
1655
1263
1655
1655
1546
1656
1656
1655
1655
1656
899
1536
1655
1656
1655
1655
1655
1655
1655
1530
1656
1655
1943
1655
1656
1655
1655
1656
1656
1657
1655
1655
1655
1654
1655
1655
1657
1655
1656
1656
1655
1654
1654
1538
1656
1656
1656
1655
1656
1942
1655
1657
1656
1655
1657
1550
1655
1657
1656
898
1657
701
1657
899
1655
1655
1657
1655
1656
1657
1656
1655
1655
1656
1654
1656
1655
1655
1654
1655
1655
1942
1655
1656
1656
1655
900
1657
1251
1655
1656
1656
1655
1656
1656
1656
1655
1655
1658
1654
701
295
1655
1655
1655
1655
1655
1655
1656
1509
1655
1655
1656
1655
1530
1655
1655
1656
1656
1656
1657
899
1656
1658
1656
2742
1655
1654
1655
1654
1510
1656
1655
1655
1943
1656
1656
1655
1655
1655
1656
1265
1656
1656
1656
899
1655
1658
1657
1655
899
1656
1657
1655
1655
1658
295
1939
2742
1655
1541
1534
1656
1657
1655
1655
1656
1657
1655
1657
1655
685
802
1655
1655
1656
1655
1655
1654
1656
1655
1655
1657
1656
1655
1656
1655
1540
1655
1508
1656
1657
1656
1655
1654
1654
1528
1547
1655
1536
1656
1658
1655
1656
1656
1536
1218
295
1658
1657
1657
804
1656
704
1654
1655
1655
1658
1656
1655
1657
1656
1656
701
2003
2740
1658
1262
1535
1655
1655
1655
1655
1655
898
1655
1655
1656
1223
1655
1655
1655
1657
1655
1655
1656
1223
1654
1656
1657
1647
899
1655
1656
1654
916
1552
1655
1655
1655
1655
1656
1656
1533
1657
1654
1942
1507
1656
1655
1655
1535
1655
1658
1655
918
1655
1656
1657
1655
1656
1656
1655
1656
1656
1655
1507
1656
1655
1655
1529
1655
1655
1656
1657
1656
1656
1656
1655
898
1656
1657
1655
1218
1655
1656
1656
1654
1629
1656
1656
1656
1655
1655
1655
2742
919
1655
1223
2742
1655
2742
899
1655
1655
1656
1655
1655
898
1655
1655
1655
1655
1655
1656
1655
1657
1509
899
1655
1655
1655
1656
1655
1654
1655
1542
1538
899
1657
1656
1654
1655
2742
1655
1656
1655
1658
1656
1654
1656
1655
1656
1655
1655
1657
1540
1655
1265
1554
1655
1224
1656
1656
1218
1655
1657
1657
1655
1656
1655
1655
1655
1545
1655
2742
899
1656
1656
1656
1656
1656
1657
2741
1656
1255
1655
695
1656
1655
1218
1941
1657
1655
1655
1656
1657
1655
1655
1655
1654
1654
1492
1655
1657
1656
1654
1655
1656
1656
1655
295
1655
1654
899
1255
1656
1654
1655
1655
1655
1655
1657
1655
1508
1655
1656
1655
1656
1657
1654
1655
1657
2742
1655
1655
1655
1657
1657
704
1655
1655
1655
1513
1654
898
1656
1655
1655
1655
1655
1654
1656
1657
2741
1655
673
1655
1548
1656
1655
1655
1658
1262
1655
1657
1655
917
899
1655
1655
899
1655
1218
1654
1656
1656
1548
1491
1658
2742
1655
1654
1657
1657
1655
1658
1658
899
1654
1655
1655
1655
1657
1655
1658
1655
899
1654
1655
1655
1658
1656
1655
1657
1655
1656
1655
1630
1655
1657
1655
1656
1942
1655
295
1655
1657
1655
1655
802
1655
1655
1655
1658
1554
1657
1656
1657
1657
1657
898
1657
1655
1944
1657
1655
1654
1657
1657
701
1655
1556
1655
1657
1655
1655
1657
1654
1656
1657
1655
1655
1655
1655
1657
1655
1655
1655
1655
1656
1657
1655
1655
1655
1654
1654
1657
1657
1655
1656
1655
1655
923
1657
1657
1656
1654
1657
295
1655
1655
1655
1658
1655
1657
1655
898
828
1656
1655
1657
1654
1654
1655
1656
1657
1657
1655
1655
1655
1655
1657
899
1655
1656
2741
1655
1657
1655
1655
1645
1657
1655
1656
1510
1655
1655
1655
1656
1655
1655
1656
1657
704
1655
1657
1655
1655
1655
1656
1655
1655
2742
1657
294
1656
1656
2742
1655
1656
1655
1655
1655
1942
1655
1655
1655
1655
1654
1654
1655
1655
1657
1509
1656
1656
1655
1655
1540
1657
1555
1655
1657
1265
1655
1536
1540
1655
1656
2744
1655
1654
1654
1656
1655
1656
1655
1654
1656
799
295
1655
1655
1655
1655
1655
1656
1656
1657
1640
1654
1656
1656
1268
1656
1655
1655
1657
1656
1657
1655
1655
1541
1656
1657
1655
1655
2744
1657
1657
1657
295
1656
1655
1507
723
1655
1655
1657
2742
1655
1656
1656
1657
1655
1654
1658
1658
1655
1656
1655
1259
1654
1655
1655
1655
1656
1656
1655
1658
1655
1655
1655
1655
1656
1654
1656
1655
1656
1655
1657
1657
1655
1656
1655
1656
1655
1656
1655
1656
1655
1655
1655
1656
1265
1655
1657
1655
1533
1658
1509
1655
1657
1655
1656
1655
1656
1655
723
1657
1655
1656
1655
1240
1655
1654
1655
1655
2742
1655
1655
899
1655
1655
1656
1654
1655
1655
1657
1657
899
1655
1655
1654
899
1655
1656
899
1655
1657
2003
1655
1655
1655
1655
1654
1655
1655
1657
1655
1656
1655
1654
1657
1655
1658
899
1657
899
1657
1657
1654
1656
1654
1512
1655
1657
1658
1655
899
899
1654
2742
1657
172
1654
1656
1657
898
1656
1655
295
1657
1658
1539
1654
1224
1656
899
1529
1657
1657
898
696
1657
1655
1657
1657
1656
1656
1655
1656
1655
1530
1654
1655
1259
1655
1657
1657
1656
1658
1657
1657
2741
1657
1656
1655
1656
1655
1656
1657
1654
1656
1656
1656
1656
1655
1655
1655
1655
1655
1655
1656
1655
1655
1251
1656
2742
1655
1507
1645
1252
1657
1552
1655
1655
1657
1656
1658
1656
1655
1531
1655
1654
1655
2741
1656
1657
1933
1655
1657
1540
1655
723
1656
1657
2741
1656
1655
1656
1657
1655
1657
1655
1267
1655
1224
1655
1655
1260
1657
1656
1656
1656
899
1656
1529
1657
1655
1658
1655
295
1656
1657
1655
1656
1657
1531
1656
1657
1655
1654
1657
1655
1655
1655
295
1531
1657
1554
1656
1654
1655
1655
1655
1656
696
1655
1654
1655
1657
1654
1655
1657
1655
1654
1655
1655
1554
696
1655
1657
295
899
1940
899
1657
899
899
1654
1944
1655
1655
1657
1656
1537
1655
1655
1655
1655
1265
1654
1655
1655
1654
295
1250
1654
1654
1655
1655
1654
899
1654
1654
1656
1656
899
1655
1656
1655
1223
1655
1657
1654
2742
1540
1655
1655
1943
1655
1530
1498
1654
1655
1649
1655
1942
1529
1492
1657
1655
1657
1655
1655
899
899
1657
1654
1655
1655
1656
1655
1657
1655
1223
899
1654
1655
1655
1655
1654
1655
1655
899
899
1655
1656
1655
1655
1654
1657
1656
2742
1655
1654
1261
1656
899
1658
1655
1656
1655
899
898
1654
1654
1657
1658
1654
1637
1655
1655
1657
1655
1656
1655
2742
918
1657
657
1655
1655
899
1657
1658
1250
899
1657
1655
899
1537
1655
1654
899
1655
899
1655
295
1263
1655
1654
1942
1656
1654
295
1655
899
899
1655
1654
1655
1654
1657
1655
1655
1657
899
899
1550
1657
1656
1542
1656
1655
1263
1655
1528
898
1252
1655
1657
1655
1658
1656
1655
1657
1655
1655
1657
702
899
1654
899
1655
1655
1654
1941
1655
1657
1655
1654
1655
1655
1657
1656
1655
1654
294
1263
1654
899
1654
1658
1657
1657
1655
1655
899
1656
1654
1251
1655
1262
1655
295
899
1655
1656
1256
2741
1925
660
1655
1655
1655
1655
1657
899
1655
1655
899
899
1655
1655
1629
899
1658
899
1655
1656
295
1261
1655
1657
1541
1655
1655
1546
1941
1655
1939
1655
1655
1250
1533
1655
702
1654
1655
1656
1655
1656
899
1655
1654
695
1655
1655
2742
1655
1655
1655
1655
1654
1658
1654
1655
1655
1657
1262
899
899
1655
1655
1655
1657
1657
1655
1654
1654
1656
899
1658
899
1655
899
1654
1656
1654
1655
1655
1655
1656
1654
1655
1656
1657
1655
1656
899
1656
1655
695
899
1654
1655
1656
1655
1655
1226
1655
1657
1657
1657
1654
1655
1655
899
1655
1655
1657
1657
1649
1657
899
1654
899
1655
1655
1655
1655
1657
295
1655
1657
898
1657
899
1552
1658
899
899
1655
1655
1656
899
1657
1657
1655
1655
1655
1655
1655
1655
1658
899
657
898
1657
1658
1259
1655
1654
1654
1655
1655
1655
1534
1654
1655
1550
1655
1259
1552
899
1509
1655
1655
1655
1655
1655
1657
1655
1545
1655
1655
1655
1654
1654
1657
1655
1656
1655
1658
1655
1654
660
1655
1656
1655
1529
1655
1655
1656
1656
1655
1939
1655
1657
1654
899
1654
1261
1654
899
1655
1655
1655
1657
1655
1655
1658
1655
899
1257
657
899
1657
1553
1251
1655
1655
1655
1655
2742
1654
1655
1655
899
1943
1655
1658
899
1656
1654
899
1657
899
899
1654
899
1657
899
1655
1536
1658
1654
1655
1657
1655
1656
899
899
1655
899
1656
2742
1656
1655
1654
1939
1658
899
1646
1655
1654
1654
1654
1655
1654
1655
1657
1259
1655
1534
295
1655
1658
1655
899
1654
1657
1549
1943
1655
1655
1655
1654
1655
1655
899
1655
1654
899
1655
1657
921
1654
899
899
1655
1529
1655
1657
899
1646
899
899
1654
1657
1655
1655
1655
1646
656
1655
1655
1655
899
1655
1657
1655
1655
1655
899
1655
1654
1654
1656
1655
1942
1655
1654
1654
1657
1654
1655
295
1526
1655
1658
1655
1655
1941
899
1658
1657
1655
1655
1658
1655
1655
1657
1655
1252
1655
1556
1655
899
1655
1655
1262
1656
1658
1655
1657
1655
1655
1259
1654
1550
1658
1654
1654
1655
899
1655
1543
1656
702
1654
1655
1654
1513
1654
899
1657
1656
1941
1655
1654
1655
1655
1655
1655
1658
1655
1655
1655
1657
899
1654
1655
1654
1656
1657
1657
1655
1654
1657
1655
899
1542
1655
1547
1657
1655
899
1657
1654
1658
1251
1655
1655
1655
1655
1655
1538
1658
296
1223
1655
1656
1654
1655
1654
899
899
899
1655
1656
1655
1658
1655
1658
1657
1655
899
1260
1655
1658
1657
1657
1655
1656
702
1656
1654
657
1655
1655
1655
1654
899
1655
1657
1943
1654
1655
1655
1658
1656
899
1655
898
1655
1655
1657
899
1654
1654
1658
1655
1657
1655
1649
899
1655
1655
1657
1658
898
1654
1654
1658
1655
899
1655
1658
1655
1658
1655
1762
1655
1537
899
1941
1657
1657
1655
1654
1655
1537
1657
899
657
1655
1658
1258
295
1657
1259
899
1655
1655
1655
899
1655
1655
1657
899
1655
1534
1658
1658
1655
1655
899
1656
1655
1654
1655
1655
657
1655
1138
1941
1655
1658
1654
898
1656
1657
1657
2743
1654
1655
1655
1224
1657
1655
1655
1655
1655
1658
1654
1654
899
1655
1655
1657
1654
1658
1655
1655
1655
295
1655
1656
1658
899
1657
899
899
1656
1250
1760
1655
1655
899
1541
1654
1657
1656
1657
1655
1655
1941
2742
295
1656
1655
1655
1657
1655
1655
2742
899
1655
1655
1942
1655
1655
1655
1655
1655
1656
1655
1658
1655
899
1656
1655
1657
1655
899
1658
1657
1655
1655
1655
1655
899
1654
1655
1655
899
1654
1650
1940
1656
1655
1658
1654
1657
1655
1654
1657
1657
1654
1655
1657
1655
1655
1654
1655
1655
1654
1656
1654
1657
1655
899
1654
1655
1657
1656
1654
1255
1656
899
1655
1655
295
1655
1654
1545
1657
899
1655
1654
1656
899
1655
1250
1251
1656
1657
1655
1655
2741
1654
1655
1655
1655
899
1655
899
899
1655
1655
1263
1655
1657
1654
1654
1656
1655
1657
1655
1655
1655
1655
2003
899
1508
1658
1655
702
899
1654
899
1655
1655
1657
1654
899
1654
1658
1655
1655
1655
1655
1655
1658
1655
899
1539
1654
1655
1655
1655
1655
1655
1655
1654
1537
2741
1657
1654
1654
1654
1655
722
899
1655
899
1656
1655
1656
1654
1790
1655
1655
1655
899
1657
2741
1655
899
1942
1657
1658
899
899
899
1655
1657
899
1655
1655
1655
2742
899
656
1654
1657
1654
1655
1655
1656
1941
1507
1655
1654
1655
1655
1655
1655
1655
1257
1266
1655
1544
1509
1654
1654
1655
1655
1654
1655
1655
899
1224
1654
1526
1655
1223
1654
1657
1655
1507
1657
1655
1507
1657
1657
1509
1529
1657
1655
1654
899
1655
1655
1655
1654
1655
899
1654
899
1656
899
899
1655
1497
1655
1654
1656
1656
1658
1655
656
899
1658
1657
1654
1658
1655
1941
1657
1939
1655
1655
899
1656
1655
1655
1655
1655
1655
1655
899
1655
899
2744
1658
1658
1658
899
1655
1553
1655
1655
1655
1655
1655
899
695
1252
899
1655
1655
1655
1554
1529
1257
1655
1655
1657
1655
1655
1655
295
1657
1498
1939
899
1656
1658
899
1657
1656
898
1533
1654
1534
1655
1657
899
1655
1655
899
899
1657
1655
1655
899
1656
1655
1655
1657
1654
1655
1654
1655
1657
1654
899
1655
1654
1655
1655
1655
1655
1498
702
1529
1654
1655
1655
1654
899
1654
1655
899
1657
1655
899
1654
1654
899
1657
1658
1655
1656
898
1655
899
1655
899
1654
1655
1657
1655
1658
1654
899
899
1654
1655
1655
1531
1655
899
1654
1655
1657
1654
1655
1655
1654
1655
1657
1941
1261
1655
899
1655
1657
1657
1655
1652
1655
1528
1655
899
1657
899
1657
656
1655
1655
1655
1655
1654
1655
1655
1654
1656
1654
1654
1657
2742
899
1655
1655
1654
1655
1655
899
1942
1658
1655
1655
899
899
1655
1506
1656
1656
1655
899
673
1656
899
899
1655
1658
1655
1655
899
1656
1655
1655
1654
1655
1655
1655
1655
899
1657
1656
1656
1654
2742
1658
1654
1658
1655
1655
1655
2742
1256
1656
1655
1657
1655
1657
1654
899
1656
899
1655
1939
1655
1655
1655
1656
2003
1656
2742
1655
1655
1655
1942
1250
1656
694
1657
1655
1655
1256
1655
1655
1642
1939
1655
899
1655
1655
1654
1655
1655
1654
1657
1655
1226
1657
899
1655
1655
899
1655
1511
898
1942
1654
1655
899
1944
1655
1655
899
1658
1631
1655
1655
1657
1655
1535
899
1655
1654
1658
1657
1656
899
899
1790
899
1658
899
1533
695
1650
2742
1655
899
1655
1655
899
1655
1655
899
1655
1654
1655
899
1656
1656
1655
1655
1657
1655
1655
1655
1654
1654
1654
1658
1654
1655
899
1654
1509
1655
1655
1939
899
1655
1655
899
1658
1654
1656
899
899
1655
1654
1655
1657
1655
1656
1657
1655
1657
899
1655
1655
1654
1654
899
1656
1655
1658
1223
1265
1657
1658
1655
1654
899
1657
295
1654
1655
899
1631
1654
899
899
1655
899
1657
1655
1655
1655
899
1537
1655
899
1943
1655
1942
1657
1657
899
694
1530
899
1655
1508
1655
1557
1657
1655
1253
1658
1657
1655
1654
1657
1658
1554
703
1658
1655
1655
1655
1655
1941
1941
1655
1655
899
1657
899
1655
1655
1655
1654
1656
1655
1657
1656
899
1654
1655
1658
1655
1657
1654
1655
1655
1551
1655
899
1655
1655
1657
1657
1655
1655
1654
1654
1654
1655
295
1655
1543
1265
1654
1658
1644
1655
1223
1655
1655
1657
1657
1655
1655
1657
1657
1655
1655
899
1655
1655
899
899
1538
899
1657
1655
1655
1655
1655
1655
1655
1655
1655
1655
297
1655
1655
1545
1655
899
1655
1655
899
1654
1655
1657
899
1654
1654
1655
1654
1655
1655
1654
1655
1941
899
1658
1655
1658
1655
1509
1654
1654
857
1655
1655
899
1655
295
1654
1654
1655
1655
1943
1655
1654
1654
899
1655
899
1654
899
1250
1655
899
1656
1655
899
1655
1657
1655
899
1655
1655
899
1657
899
1658
1655
1654
1655
1655
899
1655
1655
1656
1509
1656
1655
1657
899
899
1656
1654
1655
1655
899
1655
1654
1655
1655
1268
1656
1655
1655
1655
295
1654
1655
1657
1655
1654
1654
1655
1654
1654
1655
1655
1655
1265
1655
1657
1657
1654
1654
1654
899
1655
1655
1655
916
1655
1655
1655
2741
1655
899
1655
1654
1655
2741
899
1654
1658
1655
1655
1509
295
1655
899
1941
1657
1654
1658
1657
1655
1655
1655
1655
1507
1657
1657
1655
1655
1531
899
1656
1657
899
899
1656
1657
1655
1655
1630
1655
1655
1655
1655
1658
1760
1655
1656
1655
1654
1655
1656
1655
1655
1654
1941
1540
1655
657
899
1655
1654
854
1655
1655
1641
1655
1655
1655
1655
1658
899
1655
1944
1658
1940
898
1655
899
1657
1655
2003
1658
1654
1655
1655
1656
1656
899
1655
1655
1655
1657
1657
899
1655
899
1250
1655
1790
1655
1655
1226
1654
1654
1533
1631
1655
1655
899
1655
1656
1655
1654
1657
1655
1651
1654
1262
295
1657
1655
1655
1941
1655
1655
1655
1654
899
1656
1655
1266
1266
1655
1538
899
918
1655
899
1655
899
1778
1655
899
899
1543
1658
1658
1533
1506
1657
1655
899
899
898
1257
1657
1655
899
1655
899
1654
1655
1655
1657
1264
1655
1655
899
1654
1218
1655
898
899
1655
2741
1654
1522
1657
1655
899
1657
1657
1654
1655
1658
1655
1939
1655
1655
1655
1655
295
1657
1654
1265
1655
1942
1943
1654
1655
1656
1654
1656
1657
1656
1250
1654
1656
1655
1657
1655
1655
1654
1655
1658
1529
899
1655
1655
1655
1657
899
1655
1250
1655
899
1656
1657
1655
1550
1655
1223
1655
1655
1655
1654
1655
1943
1656
1655
1654
1655
916
1654
1644
1654
1654
1654
1657
1655
1941
899
1655
899
702
1655
1655
1655
1657
899
1658
2003
899
1507
1655
657
1657
1655
1655
1655
899
1657
1654
1655
660
1655
1544
656
1656
1654
1656
1658
1654
1655
899
1655
1657
1655
1942
1654
899
1655
1226
1226
1650
1655
1657
1654
1654
664
660
1658
1654
898
1655
1656
1512
1656
1654
899
1657
1655
899
899
1654
1223
1657
1655
1657
1656
1654
1654
1250
1943
1658
1655
1655
1655
1657
1658
1655
1656
799
1655
1655
2528
1655
1655
1655
899
1654
1655
1658
1655
1655
1655
1657
1654
1655
1657
899
1654
1654
1655
1941
1656
1655
1223
1654
1655
1657
1655
1654
1654
1654
2742
1657
1264
1654
1655
1655
1654
1655
1655
1655
899
1655
660
899
1655
1657
899
1655
1655
686
899
1655
1655
1656
1655
1657
899
1655
1655
1655
1550
1654
1654
1654
1657
1657
1654
899
1655
1655
1656
1655
2742
899
1514
1655
899
899
1223
1654
1526
1942
1655
899
1655
1657
1655
1654
1655
1654
1655
1654
899
899
1655
1642
1547
1655
1657
1656
1654
1657
1655
1654
899
1655
1655
899
1654
1654
1658
1655
1658
899
899
1655
1655
1655
1655
1657
1654
1655
1654
1656
899
1655
1655
1657
1654
1655
2003
1654
1655
899
1657
1536
899
1655
1654
1658
1654
1655
1654
1657
295
1657
899
1655
799
1654
1655
1658
1657
899
1654
1655
1655
1655
899
899
1655
1657
1656
295
1657
2741
1654
899
1655
899
1263
899
1655
1658
1655
1655
1655
1655
1657
899
1655
1655
1655
1658
1655
1655
899
1655
1656
1655
1655
1655
1538
1655
1655
1655
1654
1657
1658
1655
1655
1654
694
1655
295
1654
1657
1655
1655
1655
899
1654
1654
899
1656
1655
899
1655
1491
899
1654
1654
702
899
1539
1655
1654
1654
1654
1507
899
1655
1655
1655
1655
899
1656
1943
1655
1655
1654
1509
899
1257
1655
1650
1547
660
1655
695
1656
1654
1655
899
899
1655
1259
1656
1551
1649
1655
899
1655
1658
1534
1657
657
899
1654
1655
1943
1522
899
1537
1654
1551
899
1657
1223
1657
1261
1658
1655
1655
1655
1654
1655
1657
1655
1655
1658
1655
1656
1657
1522
1655
1510
1655
295
1655
1939
1654
1655
1657
899
899
1655
1658
1655
1654
1259
1655
899
1263
1529
899
1760
2742
1658
1526
1655
1655
1654
1655
1657
1655
1655
1654
1655
899
898
1656
1655
1655
2742
1655
899
1657
1655
1506
1655
1656
1655
1658
1655
1655
1654
1656
899
1654
1656
1655
1655
899
656
1554
1655
1655
1654
1264
899
898
1634
1656
1655
1656
1541
1657
1655
1657
899
1655
1657
1252
1655
1655
1541
1657
1655
1655
1654
1656
1657
1491
1655
899
1250
1655
1654
899
1656
296
1655
295
1655
1656
1655
1655
1656
899
1655
1655
899
1263
1655
295
1655
1657
1655
1655
1655
899
1655
1657
1507
1655
899
1654
899
899
1657
1655
657
1655
1655
1530
1655
1655
899
1942
1657
1655
1655
1657
1658
295
1655
1656
1654
1266
1656
1655
1655
1654
899
899
1657
1657
1654
1654
1657
1655
899
1655
1655
2741
1654
1655
1656
1655
295
1657
1655
1655
1655
899
1655
1654
899
1655
1654
294
899
1654
1655
899
1656
1656
1657
1655
899
1223
657
898
1538
1655
1655
1655
1655
1655
1655
1655
1257
898
1654
2741
1656
1654
671
1655
1540
1655
899
1655
1655
1655
1654
899
657
1263
1655
1655
702
1655
1655
1658
702
1655
1655
1534
1658
1656
1657
1654
899
1655
1655
1655
1654
1522
1655
1654
1250
1655
1656
1656
1658
1655
1655
1657
899
1655
1654
1654
1656
1654
899
899
1654
898
1655
297
1655
1939
1657
1657
1655
1654
1655
1656
1654
1655
1655
1655
899
899
1655
899
1656
1656
1654
702
1655
1655
1655
1655
1655
1658
1655
1654
1655
1654
1655
1655
1656
1657
1630
1654
1656
1655
1654
1657
1655
899
899
1657
1655
1657
1657
1654
657
1655
656
1655
899
1654
1655
1656
294
1508
1655
1943
1942
1655
899
1655
1657
1655
1539
1656
1657
1656
1655
1535
1657
1655
1656
1655
1654
899
899
1655
1655
1657
1925
1658
1655
899
1657
1226
1654
1657
1654
2741
899
1223
899
702
1942
1655
1658
1656
1655
1655
1656
1656
1656
1655
669
1654
1655
1656
1655
1657
1655
663
1655
1653
656
295
1655
1655
898
1655
1658
899
1658
1657
1657
1654
899
1655
1655
1654
1943
1655
1657
1654
1655
1654
1657
1655
1656
1655
1259
899
1656
1658
1656
899
1657
1656
1654
1655
1655
1655
1241
1655
1656
1655
1655
1223
899
1655
1218
1263
1654
1658
899
1657
1654
1657
1925
1654
899
1655
1656
1631
899
703
722
722
1223
722
2006
722
296
296
295
2744
2004
296
296
296
296
296
296
296
296
296
296
296
1654
296
296
295
296
296
1782
296
296
296
296
296
296
296
296
296
296
296
296
296
294
296
296
296
296
295
296
296
296
296
296
296
296
296
1654
296
296
296
296
296
296
296
296
295
298
807
296
295
296
296
799
722
722
1655
1654
988
1658
899
1655
722
2742
1509
722
722
722
722
1654
295
296
722
722
1656
885
880
1655
899
808
296
296
296
295
296
296
296
296
296
296
295
296
296
296
296
595
297
295
296
296
296
296
296
296
296
296
297
296
295
296
1656
297
294
296
296
296
296
296
296
295
296
296
298
296
296
296
296
296
722
722
722
1941
723
1657
1655
1655
1655
722
722
899
899
722
295
296
296
296
295
296
295
296
296
296
296
297
296
296
296
295
296
296
296
296
296
296
296
296
298
296
295
296
296
296
1218
295
296
296
595
296
296
296
296
296
666
296
296
296
296
296
295
296
295
296
296
296
296
296
296
296
296
296
296
296
296
296
296
296
296
296
297
296
296
296
296
296
296
297
296
296
296
296
296
295
296
296
296
296
295
295
296
