1215
236
249
280
899
281
722
861
221
265
1257
242
662
1260
1182
263
815
838
257
210
1280
1263
222
1644
1262
1525
711
898
1255
290
242
1263
262
898
197
219
251
1264
277
1256
209
723
1255
269
269
1545
277
272
864
287
722
898
1221
898
262
816
1270
1250
289
1261
289
1523
269
278
839
243
854
660
851
244
898
291
1259
242
696
722
830
899
790
1252
851
290
1261
698
1261
686
1242
1551
276
279
825
289
1263
1543
1248
258
663
834
252
289
1257
1226
722
703
671
899
722
661
1264
263
1246
898
297
664
852
291
281
722
899
1534
898
1536
776
858
679
292
285
247
1250
243
1204
259
1532
722
800
1249
1257
723
664
1256
288
276
661
722
815
283
1224
696
813
657
722
792
722
1259
212
723
274
700
686
1527
1527
1253
288
292
722
898
857
691
676
722
261
682
658
249
1250
1537
697
284
1523
669
722
1262
673
693
898
1251
683
285
257
1524
722
820
1530
274
700
1261
292
1255
2002
1252
290
1257
804
722
684
661
275
238
669
287
899
898
899
1261
691
678
3266
899
282
294
666
1226
1222
658
1533
1525
290
1254
1265
1218
286
3266
1532
662
286
722
857
652
266
1654
863
295
690
2004
1258
722
722
1266
296
1783
683
1532
1255
898
1265
1253
690
295
1224
286
1223
1250
1554
287
1545
696
1256
1223
1257
667
669
295
898
1264
1262
685
295
1263
295
898
288
295
898
294
1503
291
1551
673
694
693
1250
287
1263
1524
1224
692
724
898
1264
699
2595
691
1268
297
269
840
1259
697
296
2004
687
898
1256
1250
1547
1253
292
1266
1780
698
290
1537
292
723
683
294
1224
1263
695
854
296
696
295
290
898
1262
667
898
295
722
826
1509
1263
1944
697
1255
1242
676
858
1943
1246
722
1258
1769
3266
685
722
899
698
1224
1530
656
1263
842
2595
1533
264
294
899
1250
1534
1530
704
1264
898
796
684
297
3266
1261
674
1262
295
700
899
899
1221
295
722
683
1258
1250
297
291
722
1522
898
291
898
683
295
298
296
296
1545
1250
659
1263
292
898
899
290
296
1241
898
3266
1941
1508
1260
1491
2594
1753
898
694
1784
806
296
1253
701
1527
1550
1541
898
1261
1254
1263
297
3266
1264
1654
684
1244
1257
1507
702
695
1655
1250
1241
675
899
1532
2594
295
1225
1532
722
1226
1529
298
294
1250
1226
1782
1536
1536
675
723
802
1535
1259
3266
723
297
296
296
1262
835
722
283
1265
3266
899
3266
1942
1257
3266
701
1251
1551
2597
899
1261
663
293
3266
693
1262
1535
3266
295
296
845
1225
686
1775
898
803
288
1258
687
1654
898
283
1942
898
1259
1509
1492
295
1538
1939
296
1799
1942
1261
861
1257
1258
3266
1509
284
898
1540
1533
2603
3266
1260
1529
3266
294
1257
1526
1250
1536
292
1259
1510
801
703
722
1256
1782
3266
2005
1256
3266
1262
1546
1655
1537
3266
3266
723
1250
688
899
1225
2006
1497
899
899
2595
3266
1260
295
1543
3266
1223
2596
3266
1258
1263
2003
1251
2003
3266
3266
723
2007
816
829
684
701
657
1540
1509
1944
295
2006
3266
296
295
899
1656
1252
1224
2594
2003
2003
1250
2734
899
1771
3266
1507
803
690
2741
3266
295
289
3266
3266
1534
2737
296
1512
1656
2741
1493
1772
2005
3266
3266
1944
1250
1262
3266
2006
1493
2743
3266
723
1261
296
3266
2008
1528
898
3266
1538
1533
296
1261
1226
1549
1265
1251
1553
1252
295
1506
3266
2006
899
1258
1939
899
899
3266
2594
3266
2009
703
694
1550
3266
3266
2595
296
1780
2598
1508
3266
296
1266
3266
1510
1533
3266
3266
295
295
899
899
3266
3266
1263
2466
861
899
1943
282
3266
1657
295
899
656
3266
1656
3266
3266
657
1655
1943
1782
3266
296
296
1218
1218
2739
1780
3266
878
1218
3266
1531
703
1536
2009
1655
3153
3266
3266
1518
1528
1267
1262
1224
1942
899
294
1251
1534
1259
3266
3266
3266
2003
688
3266
1251
3266
3266
3266
1534
3266
1251
3266
3266
1265
3266
1941
3266
899
1529
3266
1223
899
3266
3266
1255
1225
3266
1656
3266
3266
3155
3266
696
1539
1226
2007
295
3266
3266
2005
3266
2307
899
3266
1539
899
3266
899
1534
1251
3266
3266
3266
1780
3266
1262
3266
1264
899
3266
2595
3266
3266
3266
1251
1261
702
1509
3266
2597
1556
3266
1545
2009
3266
1764
3266
3266
3266
899
3266
899
797
1529
2009
3266
3266
3266
3266
3266
1526
3266
1262
3266
3266
3266
1784
899
2742
3266
704
899
3266
3266
2741
1533
899
2009
3266
3266
1530
1262
2009
899
2739
3266
1226
3266
3266
1551
3266
2023
660
1531
1509
899
3266
3266
1262
2744
899
1529
3157
1507
3266
3154
1545
899
3266
3266
1261
2742
3266
657
656
3266
3266
702
3266
899
2599
3266
1224
3266
2594
2596
2226
3266
3266
3266
3266
3266
1940
805
3157
3266
899
3266
3266
3266
3266
695
1538
3266
3266
867
3266
2528
3155
2022
3266
2003
3266
3266
3266
3266
3266
3266
1521
3266
3266
1654
899
3266
3266
899
3266
3266
2009
3266
3266
1251
3266
899
3266
3266
3266
1657
2009
2004
3266
3266
3266
696
297
3157
3266
1508
899
2594
2009
2594
1225
3266
3266
3266
3266
3266
1223
2227
3266
294
1509
3266
3266
3266
3266
899
1548
3266
1540
1223
3266
1223
3266
295
3266
3266
3266
695
2594
3266
899
3266
1942
3266
2759
3266
1261
3266
3266
3266
3266
1257
899
3266
3266
1508
1262
3266
3266
3266
3157
3266
296
2599
3266
3266
3266
3266
899
3266
898
3266
3266
1544
1255
899
3157
1942
3266
3266
3266
3266
2594
3266
296
1251
3266
3266
3266
2759
3266
3266
3266
2230
3266
1527
3266
3266
1550
3266
2009
3266
3266
3266
3154
899
3266
899
2227
3154
899
3266
1780
3266
3266
2009
899
1508
1225
702
1940
3266
3266
3266
3266
3266
3266
1531
3266
3266
1541
3155
2595
3266
3266
898
696
3266
3266
1547
3266
3266
3266
3266
899
2745
1532
3266
3266
2606
1508
3266
3266
3266
2227
3266
1509
3266
3266
703
2009
3266
3266
3266
3266
2227
3266
2005
3266
2962
3266
3266
1939
2741
3266
3266
3157
2757
3266
1251
3266
899
3266
3266
3154
3266
3266
3266
3266
3154
3266
2009
3266
3266
2594
3266
899
3266
3266
3266
2760
3266
1941
296
3266
3266
3266
3266
899
2760
1944
3266
3266
295
3266
3266
3266
3266
3266
1507
3266
898
1545
3266
3266
3266
3266
3266
1261
3266
3266
2227
3266
3266
2584
296
3266
1257
899
2550
1261
1250
3154
899
660
3266
3266
1226
3266
1654
3266
2595
3266
1264
3266
3266
3266
3266
3266
3266
3266
2739
2594
3266
899
1529
1226
2227
3266
657
3266
3266
3266
3266
899
3266
3266
3266
3266
1549
3266
2594
1509
1540
3266
3266
3266
899
3266
1226
2741
3266
3266
899
3266
1533
899
3266
3266
899
3266
1223
3156
2227
3266
3266
3266
3266
1512
899
3266
3266
899
3266
3266
695
660
1785
1529
899
3266
1942
3266
1536
3266
3154
3266
1537
1941
703
3266
2005
3266
1655
3155
3266
3266
3266
3266
1553
3266
3266
2594
3266
1261
899
3266
3266
899
2600
2595
3266
1258
3266
899
1262
3154
3266
3266
899
1943
3266
3156
656
2226
899
899
2227
1268
3266
1508
3266
3266
1530
3266
2009
3154
3266
899
3266
3266
3266
3266
3266
3266
899
3266
3266
3157
899
3266
1657
3266
3266
3266
3266
2596
3266
3266
1261
3266
296
722
1507
3266
1654
3155
3156
3266
1925
899
687
3266
3266
3266
3266
3266
3266
3266
2004
297
899
695
3266
3266
2009
1770
3266
296
3266
1557
2009
3266
3266
1537
2004
3266
657
3266
3266
3266
3266
3266
2227
2803
3266
1785
1939
3266
899
3266
3266
3266
3266
1223
1551
899
3266
3156
2227
3266
3266
3266
1654
3266
3266
3266
3266
1942
3266
3266
295
3266
2594
899
2008
3266
899
3266
3266
656
3266
3266
1942
3266
3266
3266
1509
3266
3266
3266
899
3266
3266
2501
2021
1513
3266
3266
3266
295
3266
3266
3266
1251
3266
3266
3266
3266
1262
294
1223
3266
3266
1509
3266
3266
3266
1264
3266
1550
3266
1529
3266
3266
1257
2227
1942
3266
1539
1506
3266
3266
3156
1491
3266
3266
3157
899
3266
3154
3266
3266
3266
295
3266
1771
3266
1655
2227
899
899
899
3266
3266
3266
2009
3266
3266
3266
3266
3266
3266
3266
3266
2003
3266
3266
3266
722
3266
2008
785
2595
3266
3266
3266
3266
295
798
3266
1256
3156
3266
3266
3266
1226
1550
2226
3266
3266
3156
1655
2008
899
3157
3266
3266
3266
3266
899
295
3266
3266
2742
3266
1250
3266
3266
899
3266
3266
3266
1509
2594
3266
3155
899
3266
1218
3266
3266
3266
1223
296
1940
2742
3266
3154
3266
1507
3266
3266
1656
899
3266
1938
3266
1543
295
2742
3266
3266
3266
3266
1252
3154
3266
2009
3266
2594
3266
899
3266
2009
3266
3266
3266
3266
3266
3266
1258
3266
3266
3156
899
1262
3266
3266
3266
2473
1655
3154
3266
3266
3266
3266
3156
3266
3266
696
3266
2742
3266
3266
899
3266
3266
1785
3266
3266
3266
3266
3266
3266
3266
1554
899
703
3266
3266
3266
3266
3266
899
296
3266
1787
1258
1218
899
3266
3155
2482
1539
3266
3266
3266
3266
3266
899
3266
2741
695
3266
2594
3266
3266
2226
657
899
3266
1780
1507
3266
3266
1534
1540
3266
3266
899
3266
3266
3266
2226
3266
3266
3266
899
3266
3155
296
3266
1656
3266
1508
3266
3266
3155
3266
3266
3154
2597
3266
3266
3266
3266
3266
3266
3266
3157
3266
3154
1655
3266
3266
3266
899
3266
3266
2743
3266
295
2227
3266
2760
899
3266
3266
3266
3266
3266
3266
3266
1535
3154
3266
1999
2595
3266
3266
899
3157
899
3266
3266
1539
1258
3266
2742
3266
3266
2227
3266
3266
3266
3266
3266
3266
1553
3266
3266
3266
3266
3266
1533
1539
3266
1937
3266
3266
899
2009
3266
899
1241
3266
2595
899
1258
295
3154
3266
3266
295
3266
3266
3266
3266
1225
3156
3266
1251
3266
3266
296
3266
3266
899
899
296
3266
2005
1264
3155
3266
2743
3266
2009
3266
703
695
3266
3266
3266
899
1257
3266
3266
2227
2745
3266
3266
1655
3266
3266
3266
3266
3266
3266
1943
2009
3266
3266
899
1218
296
3266
2008
2594
3266
3266
3266
3266
3266
2741
1260
295
3266
3266
3266
3266
3266
2595
3266
3266
3266
899
1545
3266
3266
3266
1526
2594
3266
3266
1225
854
1505
3266
3266
3266
1218
899
3266
1250
899
1507
3266
3266
1531
899
3266
3266
899
2003
1537
3266
3266
3266
3266
3266
2594
1546
3266
3266
1259
3266
3266
1250
2005
3266
3266
899
3154
1241
3266
3266
2227
3266
3266
2591
3266
898
2002
3266
3266
3154
1800
1941
1250
899
3266
3266
3266
1540
2597
3266
3266
1259
899
3266
1528
3266
3266
3266
3266
1250
3266
695
1250
3266
3266
3266
3266
3266
3053
1218
899
3266
3266
2412
3266
2742
656
2742
899
3266
294
3266
2009
295
1542
3266
3154
3266
1508
3266
899
1783
3266
3266
3266
3266
3266
664
2594
3266
3266
3266
2742
3266
1507
3266
3266
3266
899
3266
723
3266
1226
3157
3266
3266
1537
3155
3266
3266
3266
3266
2743
1261
2008
3266
3266
3266
3266
3266
1509
3266
899
3266
899
2009
3266
295
687
2594
1223
3266
3266
1941
3266
1507
1223
3266
3266
1655
3266
1785
684
3266
3266
3266
3266
2009
1218
3266
3266
2720
3266
3266
1528
3266
3266
899
3266
2004
3266
1218
1498
3266
1531
2742
3266
1223
899
899
1547
899
2227
2594
660
3266
3266
3155
899
3266
1256
3155
3266
1942
3155
686
3266
3266
1265
899
3266
3266
3266
1226
703
2226
899
1655
1655
3157
1655
899
3266
3266
3156
1538
1657
3266
3266
3266
3266
1249
3266
3266
3266
3266
3266
2227
296
1258
3266
3266
899
3266
1537
3266
3266
2009
3266
3266
3266
3266
3266
3266
3157
1940
3266
1547
3156
3266
2594
1953
899
3266
295
3266
1263
3266
899
3266
3266
3266
3266
3266
3266
3266
3266
3266
3266
3266
3266
3266
3266
2742
3266
3266
3266
1556
3266
3266
3266
3266
899
3266
1538
3266
3266
1941
3266
2994
3155
3266
1943
1253
1261
1536
3266
3266
3266
2227
2550
3266
3266
3266
3266
3266
3266
1218
3266
3266
3266
3266
1541
3266
3266
899
3266
2226
3266
3266
3266
656
3266
3157
3266
3155
3266
1257
3266
899
3266
3266
1241
296
3266
3266
2595
1656
3266
3266
3266
704
3266
3266
3266
3266
2594
3154
3266
3266
3266
1543
2226
1251
660
3156
1250
1264
3266
3266
3266
2226
296
3266
2744
3266
3266
3157
3266
3266
1263
3154
3266
1541
3266
1218
899
3266
3266
3266
3266
3266
296
3266
3266
3266
3154
3266
3266
3266
899
3266
3266
3266
1541
3266
3266
2739
3266
723
2742
899
3266
1656
3266
295
3266
3266
3157
1267
2227
3266
1250
1544
854
1550
3266
3266
3266
1942
1942
3266
3266
2743
1654
3266
1771
3155
3154
3154
2005
3266
3266
3266
1548
899
899
1539
2962
723
2594
3266
3266
3266
2009
1257
3266
3266
3266
3266
2006
2227
295
656
1531
3157
3266
2009
1508
3266
3266
3266
1940
3266
1250
3266
3266
3266
3266
3266
899
2595
2597
3266
899
1258
2009
3266
295
2009
1543
2009
1534
2594
1218
3266
3266
2537
3266
3266
3266
899
3266
1543
3266
2742
295
3266
3266
3266
1543
3266
1942
1535
3266
3266
3266
3266
3266
1251
3266
3266
3266
1656
3266
3266
3157
2536
3266
3266
3155
3266
1509
1780
3266
3266
2009
899
2009
2227
2227
1544
1507
3266
3266
656
2226
899
3266
3266
1772
1541
295
2597
2005
1266
3266
1539
2227
899
899
3266
899
3266
3266
1529
3266
3266
2740
3266
3266
295
2001
899
3266
3266
2532
3266
3266
3266
2594
2739
3266
3266
3266
3266
3266
3266
1521
3266
3266
2009
3266
3266
3266
664
3266
3266
3266
3266
3266
3266
1218
3266
3266
2007
3266
2227
3266
3266
3266
3266
3266
3266
3266
3266
3266
1225
3266
899
3266
1533
3266
1542
723
1261
3266
1657
3266
1258
2227
3266
2009
1531
899
1942
1530
3266
3266
3266
2009
1263
1250
3266
1769
1507
3266
3266
3266
3266
3266
1258
3266
1654
3266
2009
295
3266
2227
899
3266
899
3266
1507
3154
3266
3266
3266
3266
822
1223
899
2740
899
3266
1657
3266
723
1507
3266
3266
3266
3266
3266
2009
1507
3266
3266
898
3157
3266
3266
1548
1534
899
3266
3266
3266
3266
3266
3266
687
3266
3266
3266
3266
899
3266
3266
1506
295
3266
2007
1226
2226
3266
3266
3266
2009
3266
899
703
1655
3266
1539
1944
3266
1256
3266
296
1249
3266
2001
3266
3266
3266
2594
3266
1549
2596
3156
3266
3266
1261
2742
660
3266
3266
3266
3266
3266
899
695
2006
3266
1942
3266
1656
3266
3266
3266
899
3266
3266
3266
3266
3266
3266
2511
1537
3266
3266
1226
2227
899
3266
3266
2743
3266
2227
3266
3266
3266
1539
1527
3266
3266
1550
3266
703
3266
1544
3266
2982
1261
3266
3266
3266
3266
3266
3266
2227
1257
1797
3266
899
3266
3266
3266
3266
3155
3266
1538
3266
1226
3266
2742
3266
2227
297
295
3266
2594
3154
3266
297
2227
3266
3266
668
2009
3266
2497
3266
3266
3266
1941
3266
3266
2596
3266
3266
3266
3266
694
703
3266
899
296
3266
1266
3155
3266
3266
2742
1504
3266
3266
3266
2594
3266
899
2741
3266
3266
3266
3266
3266
3266
3266
899
3266
3266
3266
1656
3266
899
3266
1267
2594
2595
3266
823
3266
3266
899
3266
3266
2227
702
3266
3266
2227
1655
3266
2227
2010
3266
3266
3266
3156
899
2595
3266
3155
3266
3266
1218
3266
3266
2227
3154
3266
3266
3266
1251
1250
3266
2409
1655
899
2227
3266
1533
3266
3155
3266
3266
3266
3266
3266
1267
3266
3266
2599
1263
3155
3266
295
3266
899
3266
3266
3157
3266
3266
295
3266
3266
1536
3266
3266
3266
1256
3266
3266
296
2595
3266
2594
1800
3266
3266
1657
3266
3266
694
1543
899
3266
3266
295
1940
295
899
2021
3266
3157
296
3266
1535
3155
3266
3266
3266
3266
3266
3266
2009
3266
2226
3266
3266
1265
3266
3266
1541
3266
3266
1528
3266
3266
1522
1218
1250
1265
3156
1655
1656
3266
3266
3266
3266
2595
295
3266
899
3266
899
2597
3266
3266
657
1996
3266
2466
3266
1223
1251
3266
1250
1940
3266
3266
2009
899
3266
3266
3266
1226
3266
3266
3266
3266
3266
3266
1941
899
3266
2742
2227
1262
1530
3266
3266
3154
3266
2227
1753
2009
3266
1539
2008
3266
2004
2227
1261
296
2009
3266
3156
1553
3266
3266
899
2009
295
2004
3154
3266
3155
3266
295
3266
2227
899
3266
3266
3266
3266
899
3266
3266
1942
3266
3266
1241
3266
3266
295
3266
703
3266
3266
1265
3266
656
3266
1655
3266
3266
2006
899
3266
3266
2227
899
3266
3266
294
3266
3266
3266
3266
1534
3266
2594
3266
3266
3266
3266
3266
3266
3266
3266
3266
3266
1261
899
3266
3266
2007
899
3266
3266
899
1256
3266
1510
3266
3266
3156
3266
1942
3266
1226
3266
3266
2009
2595
1250
1513
3156
3266
1241
3266
3266
2742
898
3266
3266
3266
3266
3266
3266
3266
3266
3266
1784
3266
3266
3154
3266
1222
3266
1655
3266
3266
2594
1939
3266
3157
3266
3157
2758
3266
3153
3266
657
3266
3266
3266
1218
1250
1250
1763
2227
3266
2536
3266
3266
1533
1538
296
1542
3266
3266
3266
3266
1513
3266
3266
3266
3266
3156
899
3266
295
3266
899
3266
3266
3266
3266
3155
3266
3266
2562
899
2227
2226
3266
1941
3266
899
659
3266
3266
3266
3266
3266
3266
3266
3266
3266
2743
3266
899
3266
3266
898
3266
2743
295
295
3266
3266
2597
3266
3266
3266
296
2227
3266
3266
3266
899
3266
656
1655
3266
2742
3266
3266
2227
3266
3266
1265
3266
3266
3155
3266
3266
1262
3266
3266
3266
3266
3266
3266
3266
899
2227
3266
3266
3266
2009
3266
723
2595
2227
1943
1506
1546
3266
3266
3266
1257
3266
3266
3266
3266
1774
899
3266
3266
3266
3155
899
3266
3266
3266
3266
2227
3266
2003
657
3266
3266
2227
3266
3154
899
3266
3266
2009
3266
3266
1547
1268
3266
2009
1257
3266
2595
899
3266
3157
3156
2004
3266
3266
1654
2227
3266
1655
2226
899
3266
3266
3155
3266
2227
3266
2009
899
3266
703
1250
3155
3266
1527
899
2739
2003
295
3266
3266
3266
3266
1941
3154
3266
2003
899
899
3266
3266
3266
3266
3266
3266
3266
3266
2396
3266
1257
1940
3266
1942
3266
3266
3266
3266
1258
3266
3266
295
1252
3266
3266
3266
3266
2742
3266
899
3266
3266
1550
1259
1218
3266
3154
3266
2599
1548
899
3266
899
2009
2594
3266
3266
3266
2005
3266
3266
660
702
3266
3155
3266
3266
3266
3266
3266
3266
1218
899
3266
1218
3266
3266
3154
3266
1535
3266
3266
3266
2008
3266
2227
899
1550
3266
1218
3266
3266
3266
3266
3266
3266
3266
3266
295
3266
3156
899
3266
3266
1264
3266
2739
3266
899
721
3266
1530
1218
3266
899
2227
3266
2740
3266
3266
2009
1554
3266
3266
3266
899
3266
2594
3266
3266
1525
3266
899
2595
2008
3266
3266
2226
3266
3266
3266
2994
3266
1264
2009
294
3266
3266
3266
2742
3266
1657
3266
2741
3154
3266
899
3266
3266
3266
3266
3266
3266
3266
3266
696
3266
3266
899
1656
2227
3266
2594
3266
3266
899
3266
2812
3155
3266
3266
1507
3266
1262
3266
1545
3266
3157
3266
1262
3157
1941
3266
2742
3266
3266
3266
2227
2742
1266
899
899
3266
3266
3266
3266
3266
704
3266
899
1785
3266
1527
3266
656
1538
3266
2002
3266
1509
3266
3266
3154
3266
3266
1509
2595
1943
1509
899
3266
2227
3266
3266
3266
3266
3266
2023
899
3266
3266
3266
3266
3266
295
3266
3266
1534
3266
1261
899
3266
3266
3156
3266
3266
3266
899
3266
3157
3266
3266
3266
899
3266
695
3266
1771
2596
702
1252
2009
3266
3266
3266
1942
3266
3266
660
3266
3266
1544
899
899
3266
3266
3266
3266
3157
2226
2600
3266
1526
3266
1253
1655
2595
3266
3266
3266
3266
3266
1250
3266
3266
1251
3266
3266
3266
3266
2009
3266
3266
3266
1532
3156
3266
1226
3266
3266
3157
3266
3266
3266
3266
2003
2227
1543
2009
2471
1262
898
3266
3266
3266
2004
2596
661
2271
3266
3266
899
3266
3266
3266
2227
3266
3266
3266
3266
3266
3266
2473
3266
899
3266
3266
1258
3266
1510
2594
3266
3266
1498
3266
3266
3266
3266
3266
802
1531
3266
3154
2536
3156
296
3266
3266
3266
2594
3266
1959
3266
899
3266
3266
659
3266
3266
3266
3266
1258
3266
3266
1944
1265
3266
2005
3266
1218
3266
695
1548
3266
1533
3266
898
899
2227
1257
2009
3266
3266
3157
2008
3266
3266
3266
899
1250
2466
3266
3266
3266
3266
2021
3266
899
3266
1543
2403
3266
3266
899
295
3266
657
695
3266
3266
3123
3266
1537
3154
1941
899
656
1264
3266
1263
2005
1941
2743
3155
296
3266
3266
3266
3266
1941
1250
2009
2594
3266
3266
2009
3266
3266
3266
3266
3266
3266
3266
3266
3266
295
1534
2594
3266
2742
3266
3266
2759
3155
899
3266
295
3266
3266
899
1509
3266
3266
3266
3266
3266
3266
2595
3266
1267
723
3266
3266
695
1256
3266
3266
3157
3266
3266
3266
3266
899
3266
3266
3266
2721
3266
1655
1655
1944
2009
3266
3156
3266
1540
3154
3266
3266
2007
660
3155
3266
3156
3266
3266
899
1536
3266
3266
3266
3266
3266
2003
899
3266
899
2009
2005
899
3266
3266
1547
1781
3266
1507
899
1657
2594
1226
2741
3266
899
3266
3266
3154
3266
1546
3266
3266
3266
3266
3266
3266
3154
3266
3266
1781
3266
3266
1547
3266
2742
3266
3266
2005
2594
3266
3266
3266
3266
3266
2742
3155
1263
899
2613
3266
1226
899
3266
3156
899
1257
3266
3266
3266
899
826
3266
3266
1218
3266
3266
3266
1508
1258
2227
667
2006
2025
3266
2741
3266
1645
2594
3266
1534
2595
3266
3266
3266
3266
3266
3266
3266
3266
3266
2672
1769
657
3266
3266
802
3266
899
3266
3266
3266
3266
2594
2594
3266
3266
660
1251
3266
3266
3266
1655
3266
3266
1511
3154
899
3266
1536
2009
819
3266
3266
3266
3266
3266
1509
3266
2227
1218
3266
1223
899
3266
3266
3266
899
3266
3266
3266
295
3266
899
3266
3266
3266
3154
899
296
297
3266
3266
3266
3266
3154
3266
3266
3266
3266
3266
3266
3266
3266
295
1554
1770
3266
3266
3266
3266
3266
2301
3266
2465
695
3266
899
1226
2227
1260
3266
2742
3266
899
899
3266
3266
1940
3266
2008
2004
899
3154
3266
3266
1510
3155
3266
3266
3266
2563
2739
3266
3266
3266
3266
3266
3266
2594
899
3266
2562
3266
3266
1657
3266
2008
899
1250
3266
3266
2009
3266
3266
3266
798
2594
3266
3266
2742
3266
3266
2009
3266
3266
3156
3266
3155
295
2741
3266
3266
2009
1942
3266
1656
899
3266
696
3266
3266
3266
3266
3266
3266
3266
3266
3266
3266
3266
2742
3266
3266
899
3266
3266
1491
1655
3266
899
1945
3266
723
899
2009
3266
3266
3266
3266
3266
3266
899
2597
1250
3266
899
1262
899
3266
3266
3266
1784
3266
657
2227
899
3155
703
3266
1506
3266
2742
899
3266
899
3266
295
1218
3266
3266
3266
1259
3266
3266
3266
1531
2227
723
3266
3266
3266
3266
3266
1531
3266
3266
3266
3266
3266
3266
3266
1999
3266
3266
2562
3266
2005
1550
2227
3266
899
3266
3266
3266
899
2594
2473
3266
3266
3266
1543
295
3266
898
1549
3266
899
3266
1223
3266
3266
2227
2227
1655
3266
3266
3266
3266
899
3266
3156
3266
1942
3266
3266
1241
3266
3266
296
3266
3266
3266
1256
3266
3266
3266
3266
1259
3266
1226
3266
1547
3266
3266
3155
3266
3266
899
2226
2226
3266
1492
3266
1536
2743
3266
1941
3155
3266
3266
3266
3266
899
2583
3266
3266
3266
3266
3266
1251
899
2742
1250
3156
3266
3266
3266
3266
1536
1940
3266
722
832
3266
3266
899
1507
1226
3266
3266
3266
2594
3266
1534
3266
1261
3266
899
3266
2466
2009
1264
3266
1541
3266
696
2758
3266
2227
3266
3266
3266
899
3266
2227
3266
3266
3266
3266
899
3266
3266
3266
2007
1218
3266
3266
3266
3266
899
3266
3266
3266
1508
3266
656
3266
899
3266
3266
2227
3266
1772
1257
3266
3266
3266
3266
899
3266
899
1508
1543
656
1263
3154
3266
3266
3155
3266
1525
3266
2004
3266
704
3266
3266
3156
3266
3266
2743
1250
722
3266
3156
899
1249
1268
3266
3266
899
899
3266
1262
3157
3266
3266
2002
3266
1557
3266
3266
899
3266
1250
2009
1223
3266
1258
3266
3266
3266
3266
1260
899
3266
1261
3266
3266
3266
2595
1531
1543
1526
899
2227
3156
3266
3266
2739
3266
2227
3266
3156
2004
3266
3266
2005
3266
3155
657
1257
3266
899
3266
3266
3266
3266
3266
1534
3266
899
3266
3266
2466
1943
3266
3266
1223
3266
1264
3266
899
3156
3266
3155
2009
3266
899
2595
3266
3266
3266
899
2596
1241
1547
1218
3266
3266
3266
3266
3266
660
3266
1547
3266
1539
899
3266
3266
899
1779
3266
3266
899
899
3266
3266
3266
3156
3266
2761
3266
3266
3266
3266
3266
1256
3266
1226
3266
3266
2595
3266
3266
3266
1941
3266
3266
3266
3266
899
3266
1218
3266
1548
2227
1534
1533
3266
3266
3266
2227
2227
3266
898
1656
2227
1251
3266
3266
3266
2227
1259
2004
2005
295
3266
703
1250
1534
3266
702
3266
3266
3266
3266
1941
1942
2022
1529
1941
3266
3266
3266
3266
3266
3266
3266
3266
3266
1218
1250
3266
1264
3266
3266
3266
3266
1257
3266
3266
3266
3266
3266
3266
3266
1540
1540
3266
2005
2227
2009
3266
1507
899
1218
2227
3266
3266
1262
2760
3266
3266
899
3266
3266
899
3266
3266
3266
3266
3266
2731
3266
3154
3156
2022
3266
3266
1226
3266
3266
3266
3266
899
3266
2594
1251
1942
295
2226
3266
3266
3266
3266
3266
2007
898
899
2227
1261
3266
3266
1557
3266
3266
3266
3266
3266
3266
2226
3266
2009
3266
3155
2003
3156
1940
3266
3266
2226
2596
3266
3266
3266
3266
1223
1249
3266
3266
1258
3266
3266
899
1958
2006
3266
3266
3266
1262
899
3266
3266
656
899
3266
3266
3266
3266
1531
3155
3266
899
899
3266
1507
1262
3266
1531
3266
3266
3155
3266
3266
3266
2227
3266
3266
1958
3157
3154
696
1265
3266
3266
3266
2227
3266
3266
2595
2227
3266
2005
3266
3266
3157
899
3266
3266
899
3157
1251
2001
3266
1546
3266
674
899
899
1941
3266
3156
3266
3266
3266
3154
1545
1942
3266
3266
2226
3266
3266
3266
3266
3266
3266
2595
3266
1226
899
3266
3154
3266
3266
3266
702
3266
3266
3266
3266
2899
3266
3266
3266
3266
296
1507
3266
3266
3266
3266
3266
3266
1944
3266
3266
1226
3266
899
1225
2597
3266
295
3156
899
3266
899
3266
3266
1513
296
2226
1531
3266
3266
3266
1224
3266
3266
2226
3266
3266
1262
3266
3266
3266
3266
3266
3266
2006
2009
3266
3266
3266
3266
3266
280
3266
1226
3266
295
296
3266
1941
3266
3266
296
3266
2594
3266
3155
2741
3154
3266
3266
1218
3266
3266
3266
3266
2594
1797
2009
3266
3266
3266
1784
3266
1226
898
3266
3266
2227
1257
3266
1223
3266
3266
3266
3154
3266
3154
1546
3266
3266
3266
3266
1249
3266
899
1260
3266
3266
3266
3266
2594
899
3157
1267
3266
3266
899
3157
899
2226
2009
1256
3266
2009
3157
1543
3266
3266
3266
3266
2757
1942
3266
3266
3266
3266
3266
899
3266
3266
3157
3266
2594
2464
3266
1226
3266
899
3266
3266
3266
3266
2752
3266
2595
2594
3266
3266
1263
3266
3266
3266
3266
3266
3266
3266
3266
3266
3266
3266
3266
296
1535
2227
3266
2006
3266
3266
3266
3266
899
703
3266
296
899
1267
1553
3266
296
295
899
3266
3266
1260
3266
3266
3266
3266
899
3266
3266
1774
1533
3266
3266
3266
1226
3266
296
3266
3266
3266
1261
1218
3266
1223
3266
663
2009
2227
899
665
1218
3266
1536
3266
3155
1263
3266
3266
3266
3266
3266
3154
2227
3266
1498
3266
899
3266
3266
899
3266
3266
3266
1258
3266
3266
3266
3266
1531
3266
899
3266
2009
3266
3266
3266
3266
3266
3266
2690
3266
3266
2743
899
899
3266
3266
3266
3266
3266
3155
3266
3266
2850
3266
2227
3266
3266
1250
1772
1256
1769
3266
3266
3266
3155
2227
1999
3266
3266
2914
899
1225
2227
3266
3266
3266
3266
696
3266
2594
1537
3266
3266
1224
3266
294
3266
3266
3266
1509
2742
899
3266
3266
3266
1226
899
3266
293
703
3266
3266
3266
899
1552
3266
3266
3266
1522
3266
1658
3266
3266
3266
3266
899
899
1250
3266
3266
2526
899
2009
3266
3266
295
798
3266
3266
1547
3266
3266
3266
3266
3266
2597
1507
3266
1503
2005
3266
2009
2594
3266
899
3266
3156
3266
3154
3266
3266
295
3266
3266
3266
3266
3266
1261
1540
3154
1534
3266
3266
3266
1656
3266
3266
3266
3266
3266
3157
3266
3266
899
3266
1785
3266
3266
3266
659
3266
3266
3266
3266
3266
3266
2005
2594
3266
2009
2226
2744
3266
2008
3266
3266
3266
899
3266
1940
1268
3266
3266
3266
2594
1548
899
657
1533
1800
3266
3266
3266
899
3266
3266
3266
3266
2004
2594
3266
3266
1942
3266
899
1257
3266
3266
3266
899
1260
1507
3266
3266
3266
1943
1529
1509
1267
3266
3154
3266
3154
295
3266
1657
899
1260
1509
899
3266
1226
3266
2227
3266
3156
1937
3266
3266
3266
3266
3266
3266
3266
3266
1957
3266
2594
3266
3266
3266
1510
3266
3266
1250
3266
2005
3266
296
3266
3266
1250
3266
2009
3266
3266
3266
3266
899
3266
3266
294
3266
3266
899
3266
1942
1508
2003
1258
2009
3155
3266
2227
2226
1508
3266
3266
1531
3155
3266
1509
899
3266
695
3266
295
296
3266
2742
3266
3266
899
1259
3266
3266
3266
3266
3266
899
3266
294
3266
2595
2739
296
1265
3266
1226
3266
3266
3266
2009
1251
1262
3156
3266
3266
3266
1537
2743
3266
3157
1957
2009
1536
3266
3266
3157
3266
2009
1554
899
3266
2594
2739
2227
2227
722
3266
295
899
3266
3266
3267
3157
296
2227
3266
2502
3266
296
1550
656
3266
3266
1536
3266
3266
3266
2595
899
295
1540
3266
3266
3266
3266
3266
2009
1250
296
1223
1509
3155
3266
3266
3266
3266
3266
3266
2501
3266
3266
3266
1529
3266
3266
3266
2227
3266
3266
1223
3266
702
3266
3266
1657
1250
1527
3266
3266
3266
1255
1223
3266
899
3266
2757
3266
3266
296
899
3266
3266
3266
3266
2005
723
1223
2009
3266
899
3266
3266
656
3266
899
3266
3266
3266
3157
703
1223
2005
1509
3155
3266
1265
3157
3266
3266
3266
3266
899
3266
1531
3266
696
1219
3266
2227
1250
3266
2500
656
3266
3266
3154
1546
899
3266
2003
2594
3266
3266
704
1941
3266
1958
2009
2022
3266
898
3266
3266
3266
3266
3266
899
3266
3266
3266
695
2026
2739
1533
2009
1958
1498
899
1507
3266
3266
899
3266
3266
3266
1260
3266
2742
1263
3156
2599
3266
3266
3266
1550
2487
899
3266
1548
3266
2227
1554
3156
3266
1251
899
3266
2742
3266
3266
1942
3266
3266
3266
3266
3266
899
3154
296
3266
3266
3266
2597
3266
1544
3266
1546
723
3266
3266
2739
3154
3266
1538
3266
1544
3266
3266
899
1537
3266
3266
2594
1265
2227
3266
3266
1262
3266
695
2009
3266
3266
3266
3266
3155
3266
2002
295
3266
3266
3266
3266
899
1264
3266
295
1536
3266
3266
2227
295
3266
3266
1528
3266
1522
3157
296
3266
3266
3266
3155
3266
1545
3266
3156
3156
2009
3266
702
3266
3266
3266
3266
2742
3266
3266
899
3266
3266
1250
3266
899
3155
2009
3266
3154
3266
3266
1268
3266
656
3266
3266
1554
3266
3155
3266
3266
2742
3266
3266
899
3157
3266
3266
3266
1543
1998
3266
3266
3266
3266
2009
899
3266
899
3266
3266
1654
3266
3266
295
3266
1546
1254
899
1541
3266
3266
3266
3266
3266
3266
3266
2594
1265
3266
3266
3266
3266
3156
1507
855
3266
657
1534
3266
1545
3266
660
1223
3266
1257
3266
3266
3266
3266
3266
898
3266
3154
899
3266
3266
3266
3266
3266
2009
898
3266
3266
2009
3266
3266
3157
3266
3266
3266
3266
3266
2009
3266
3266
2597
1553
2597
1262
1542
3266
3266
1655
3266
3266
3266
2227
2004
3266
3266
1262
3266
1655
3266
3266
1941
2009
1533
3266
3266
3266
2009
3266
899
3266
2595
3266
898
3266
3266
3266
3266
295
3266
1769
3266
3266
3266
1223
2742
1551
3266
2596
899
3266
3266
899
3266
3266
3266
3266
3266
899
899
3266
3154
3266
3266
3266
2009
3266
3266
3266
2743
2227
3155
3266
1546
2595
3266
3266
3266
3266
2227
899
3266
3154
899
2946
1655
3266
2758
3266
1257
3266
3266
1506
3266
1535
3266
3266
2004
664
3266
3266
2979
3266
2469
1546
3266
3266
3266
3266
3266
3266
3266
3157
899
1996
3266
1261
3266
2009
3266
3266
3266
2484
3266
2594
3266
3266
2009
3266
3266
3266
2387
1251
3266
1251
3266
3266
3266
3266
3266
3266
3266
3266
3266
3266
2009
3266
1534
3157
1262
3266
2562
3266
898
899
3266
2227
3266
3266
3266
3266
3266
3266
1256
1262
1506
3266
3266
2402
898
1506
2227
3266
3266
899
1550
3266
3266
3266
3266
3266
2596
3266
1223
702
3266
1507
3266
3266
3266
3266
1251
1258
1544
3266
3266
3266
3266
2742
656
3266
3266
2009
2227
2595
3266
2227
2595
3266
3266
701
3266
1241
3266
1264
1251
3266
3266
3266
899
2009
3266
1783
2009
1263
295
3266
2487
3157
1999
3266
3154
1533
296
3266
3266
3266
2227
899
3266
3266
3266
3266
296
723
3266
2594
3266
899
3266
899
296
295
1508
3266
3266
3157
1259
3266
3266
1257
2594
3266
2227
3266
1250
3266
3266
3266
3266
3266
3266
1941
899
3266
3266
3266
2226
3266
3266
3266
3266
3266
3266
3266
3266
2227
3266
3266
1250
3266
1537
3266
3266
1250
2009
2227
3266
3266
3266
3266
1780
3266
3266
899
2594
3266
3266
3266
3266
1251
3266
3266
2227
3266
703
3266
3266
3266
3266
2759
3266
2226
898
3266
3153
3266
3266
3154
3156
3266
2597
2742
3266
3154
3266
2596
3266
1259
1258
3266
3266
3266
1507
3266
3266
3266
3266
899
898
3157
3266
898
2595
3266
3266
2630
3266
3266
2742
1941
3266
3266
3266
3266
3266
3266
899
3266
3266
295
3266
2004
3266
899
3266
3266
3266
3266
2597
3266
3155
3155
3266
3266
899
1509
2004
3266
3266
296
3266
1550
3266
3266
1941
3266
696
3266
3266
3266
1250
3156
3266
3266
3266
3266
3266
1218
1223
3266
899
3266
899
2003
1262
1536
3266
3266
3266
1226
1557
3266
3266
3266
1941
1264
3266
3266
2597
1509
3266
695
2227
899
3266
3266
3266
2227
3266
2227
899
3266
3266
3266
3266
1260
3266
3266
3266
3266
3266
3266
3266
3266
292
1526
3266
899
3266
3266
2227
3266
3266
3266
1508
1933
3266
2227
3266
1260
3266
1941
2742
3266
3266
2743
1658
3157
3266
1264
2009
3157
3266
2009
3266
3266
3266
3266
2226
3266
3266
3266
3266
295
1549
3266
3266
3266
3266
3266
3266
1538
3266
3154
3266
297
296
3266
1226
3156
3266
3266
3266
3266
3266
3266
3266
2227
1544
3266
2227
3266
3266
899
3266
2227
3266
3266
2227
3266
899
1508
899
2004
3266
1944
3266
3266
3266
899
3266
3266
3266
3266
3266
2009
3266
1942
1941
3266
1656
2739
2742
3266
3266
899
3266
1957
2227
1251
2597
3266
3266
899
3154
899
1509
1223
3266
3266
2009
3266
3266
3266
1263
1655
3266
1556
3266
1772
3266
3266
3266
3266
2227
3266
2741
2009
3266
2592
3266
3157
3266
3266
295
3266
1531
899
3266
3155
3266
2741
1537
1257
2227
3266
2227
3266
3266
1533
3266
3266
3266
2227
3266
899
3266
3266
899
899
3266
1540
3266
3266
3156
899
3266
1262
2743
3266
3266
899
3266
899
3266
2594
3266
1939
3266
1509
3266
3266
2226
3266
1654
1537
3266
3266
3266
3266
1785
1657
3266
3266
3266
2009
3266
2227
295
3266
3266
1262
3266
3266
858
1534
899
3266
2594
2536
3266
1943
1261
1508
1262
899
2009
3266
2000
3266
3266
899
798
3266
3266
1264
3266
3266
3266
2739
3266
3266
3266
899
3266
3266
1529
3266
3266
1539
2005
3266
3266
2594
3266
2003
899
3266
3266
2227
3266
3266
3266
1269
3266
3266
3266
3266
3266
3266
3154
898
3266
3266
295
3266
1218
1262
1507
696
3266
1657
3266
3266
899
3266
3266
2403
3266
3266
3266
899
3266
2595
1507
723
2005
296
3266
3156
1250
1507
3266
3266
3266
1783
899
3266
3266
3266
1942
899
296
3266
3266
3266
3266
3266
2227
899
3266
3266
2009
656
2227
3266
2595
1939
2488
3266
3266
3266
3266
899
3266
2009
3266
2743
3266
3266
3266
899
3266
3266
296
1250
1543
3266
296
899
1655
3266
3266
3266
3266
1506
2742
3266
1491
3266
3266
3266
3266
3155
3266
2536
3266
3266
296
3266
3266
3266
3266
3266
3266
3266
3266
1251
3266
3266
3266
3266
3266
3266
3266
3266
1785
3266
3266
1539
295
3266
3266
3266
3266
3266
1241
3266
3266
1538
3266
3157
899
3266
3266
3266
3154
899
1519
2606
3266
3266
3266
2226
3266
3266
3266
899
3266
2227
3266
1787
3266
3156
1250
3266
3266
656
899
1263
1528
2227
899
3266
3266
3266
3266
2595
3266
3266
1257
3155
2009
1942
3266
899
3266
3154
3266
1654
3266
3266
1547
3266
858
2005
2009
3266
3266
3266
3266
660
2008
3266
3266
3157
3266
3266
3266
3266
295
1531
3266
899
3266
3266
1252
1512
3157
899
3266
3266
1509
3266
2009
899
3266
3266
3154
1258
3266
899
2742
3266
3266
3266
899
899
1945
3266
2227
3154
1939
3266
1655
1540
3266
696
3266
1534
3154
3266
899
3266
3266
3266
3154
3266
3266
2742
899
1257
3266
3266
2536
1797
3266
2227
3266
1261
3266
3266
2536
1265
2743
899
3266
2008
3266
3266
1264
1250
296
3266
3266
3266
899
1529
3266
3266
3266
3266
3154
899
3266
3266
2595
899
1654
1540
3266
3266
3155
3266
3266
2008
723
3154
1657
2550
3266
2227
3155
3266
899
3266
1218
3266
3266
2227
899
3154
3266
3266
3266
1251
1262
3266
3266
1939
3266
3266
899
3266
3266
3266
656
3266
3266
3266
2227
3266
2227
2009
3266
3156
3266
3266
2005
3266
1543
2006
899
3266
3266
2009
3266
2758
3266
3266
3266
3157
3266
1509
3266
3266
1958
2227
3266
2742
3266
1250
2594
1250
3266
3266
2954
3266
899
3266
3155
899
1548
702
3266
3266
1250
3266
2739
1264
3266
2227
2226
2597
2009
3266
2227
2742
3266
3266
3266
1543
3266
1534
1554
1256
899
899
3266
3266
3266
3266
3266
3266
1262
3266
296
3154
3266
3266
3266
1539
3266
3266
3266
3060
3266
1940
3266
819
3266
3266
3266
3266
3266
296
3266
1655
3266
3266
3266
3266
1957
3266
3266
899
1218
3266
3266
3266
899
3266
3156
899
3266
1223
3266
3157
3266
2227
1259
2002
1218
3266
899
3266
3266
3266
899
3266
3266
1250
1541
899
296
1657
3266
3266
2599
3266
3266
3156
3155
3266
2552
899
899
3266
879
2009
1249
3266
2009
1509
1538
3266
3266
3266
2595
3266
899
2009
3266
1262
3266
1509
3266
3266
3266
3266
3266
3266
3266
899
3157
3266
1532
3266
3266
3266
1536
2599
3266
899
899
296
3266
1550
3266
3266
3266
1223
695
3266
1656
899
3266
1260
3266
3266
1250
3266
3266
1261
3266
2006
3266
2595
1250
899
899
1251
1942
3266
2526
3266
2597
3266
3266
3266
3266
3266
723
3266
2227
899
1509
1218
3156
899
899
1264
3266
3266
3266
3266
3266
1261
3266
2009
3266
3266
3266
3266
3266
899
2652
3266
3266
1507
2227
3266
1528
3266
3266
3266
899
899
1250
3266
3266
1532
1533
3266
879
3266
2594
1508
694
3266
723
3266
3157
3266
1541
3266
3155
3266
3266
1537
2595
3266
3266
3266
1511
3266
3266
3266
1540
3266
3266
3266
3266
2226
3266
899
3266
3266
1264
3266
1655
695
3266
2009
2003
3266
696
3266
3266
3266
3266
695
3266
3266
3266
3266
3266
3266
3266
899
3266
3266
3266
3266
3266
295
3266
2226
3266
3266
3266
1260
1257
3266
854
898
3266
3266
3266
3266
2606
2227
3266
3266
3266
3266
3266
3266
1250
3266
3266
295
2227
3266
2227
3266
3266
3266
3266
3266
3266
2227
1259
1259
2742
3266
3266
3266
3266
3266
3266
3266
3266
899
2595
3266
3155
2742
3266
3266
899
3266
3266
3266
2009
3266
3266
1507
1656
3266
3266
3266
899
3266
2594
3266
3266
295
2227
3266
899
3266
3266
3266
2009
3266
2227
3266
3266
2743
1260
3266
3266
3266
3266
3266
3266
3266
3266
1508
3155
3266
3266
3154
3266
295
1548
3266
3266
703
3266
3266
3266
295
3266
899
3266
3156
3266
3266
2004
3266
3266
3266
3266
3266
3154
3266
3266
899
3266
3266
3266
2741
3266
3266
898
899
899
3266
3266
3266
1545
1531
3266
3266
3266
3266
3266
3266
3266
3266
1260
898
3266
899
3266
3266
1260
3266
3266
899
3266
2742
1941
703
3266
3266
2596
1254
3266
3266
3266
1223
1654
2227
2227
3266
2002
3266
3157
3266
3266
3266
3266
3266
1781
2009
3266
1557
3266
3266
1530
3266
3266
3266
3266
2009
2594
898
3266
660
3156
2227
3266
2227
3266
3155
3266
3266
3266
3266
3266
3266
1253
3266
2473
3266
899
3266
2743
297
1266
704
2009
3155
3266
3266
899
1541
296
798
3266
899
3266
3266
3266
1538
3266
3266
899
2743
3266
3266
3266
3155
3266
3266
1944
2739
3266
3266
3266
699
1250
2583
3155
3266
2008
2009
3266
695
3266
3266
3266
656
3266
3266
1657
899
3266
2227
1263
3266
3266
3266
3266
3154
1525
899
3266
3266
3266
899
3266
2595
3266
3266
660
3266
3266
3266
2003
3266
899
3266
3266
3266
1226
3155
2740
2596
1263
3266
3266
3156
899
3266
3266
3154
898
1264
3266
1262
1264
1513
3266
1657
1939
3266
3266
2596
3266
1226
3266
3266
3155
1543
2595
1260
899
3266
1538
3266
1267
1223
1529
899
2742
3266
3266
3266
3266
3266
2003
898
3266
3266
3266
3266
899
3266
3266
899
3266
2595
3266
3266
3266
3266
3266
656
3266
3266
3266
3266
899
3266
2595
3266
3266
295
1218
3266
3266
3266
1656
3154
1225
3266
2009
898
2009
3266
3266
1250
3266
3157
1538
3122
2009
2003
899
3266
899
3266
3266
3266
3266
1264
3266
3266
3266
3266
2741
1218
3266
1223
1513
2595
899
1784
2004
3155
3266
3266
3266
3266
3266
2003
1543
3266
2227
3266
899
3266
3266
1533
295
696
2003
3266
3266
2004
295
3266
3266
1657
3266
3155
3266
1226
3266
1259
1658
660
3155
3266
3266
898
899
899
3266
1507
1250
3266
3155
3266
3266
1784
1654
3266
1218
3266
3266
3266
3157
899
3266
1534
3266
3266
3266
3266
3266
899
1223
2597
2595
3266
3266
3266
3266
3266
2227
3266
3155
3266
3266
3266
1262
3266
1545
3266
3155
3266
1657
3266
3266
3266
3266
3266
2594
1258
3156
3266
3266
3266
3154
3266
3266
3266
2760
3266
3266
2005
3266
3266
3155
705
3266
3266
3266
1554
3266
1655
1509
3266
1943
3266
2760
1656
3266
3266
3266
3266
1267
899
3266
3266
3266
3266
295
898
1264
3266
831
3266
3266
3266
1250
3266
3266
899
899
1943
2402
1255
3266
3157
3266
899
3266
3266
3266
3266
1655
1250
3157
2009
3266
3154
3266
1655
3266
1218
3266
295
2226
1250
3266
2227
2227
693
3155
1656
3266
1537
1510
1264
295
3266
1945
3266
3266
3266
2597
1536
1655
3266
3154
1534
3156
3266
3266
3266
2009
3266
1800
3266
3266
656
3266
3266
2226
3266
3266
1942
1943
2009
3266
2226
3266
3266
1548
659
3266
3266
3266
3157
2005
1267
296
2009
295
899
3154
3266
899
3266
2009
2758
1941
1264
1533
2009
3266
3266
2744
1223
1223
899
3266
2594
3266
2594
703
3266
3266
1940
899
3266
1264
2005
1654
1264
3266
3266
1537
899
2594
1218
3266
3266
3266
3266
899
3266
3266
1260
3266
3266
3266
899
1261
3266
899
3266
701
3266
899
3266
3266
1944
881
2739
899
3266
3266
3266
3266
3154
1656
3154
898
3266
2595
3266
3266
3266
3156
2594
1653
3266
1800
3266
2009
1784
3266
3266
3266
702
2227
3266
3266
1784
899
3266
3266
1510
3266
3155
2009
294
2002
899
1543
3266
2594
3266
3266
3266
2006
3266
1508
2009
3266
2596
3266
1768
3155
3266
3266
3266
1507
3266
899
1550
2227
2596
3266
3266
1941
3266
2742
1550
3266
3266
3266
3266
3266
3266
2004
3266
1655
3266
3266
3266
3266
3266
1250
3266
695
3156
899
3266
3154
899
3266
3266
3266
295
2009
3266
1543
1550
3266
3266
2742
899
899
2742
3266
2009
899
1765
3266
1553
1788
1656
2227
3266
899
1537
899
2226
1550
3157
3266
2226
1539
2008
3266
3266
3266
2227
2008
696
3266
3266
3266
1507
3266
3266
3266
1510
3266
3266
2007
3156
3266
3266
3266
3266
3266
3266
899
2227
3266
3266
1258
3266
3266
3266
3266
3266
3266
1533
1509
3266
702
3266
3266
3266
1780
3266
3157
1770
3266
3266
2606
3266
2009
1546
899
3266
2498
899
3266
2229
3266
3266
3266
2226
899
899
3266
3155
3266
3266
3266
3266
2227
2742
3266
3266
3266
3266
3266
1657
3266
1657
3154
3266
3266
3266
1491
3266
3266
3266
2002
826
1780
3154
899
1940
3266
3154
899
2742
2634
3266
3266
660
1259
1241
295
3266
899
3266
2742
3266
3266
3266
2595
3266
3266
3266
3266
3266
3266
3266
656
1554
3156
3266
3266
3266
1250
3266
3266
3266
3266
3266
1261
3266
2005
2595
3266
1261
2009
3266
3266
3266
295
3266
1656
2009
295
702
3266
3266
3266
1942
3266
3266
3266
3266
3266
1783
3266
3266
295
3266
3266
3266
3266
1263
3155
899
3266
899
1507
3157
3266
1655
1250
3266
898
3266
3266
899
3266
1257
3156
3266
2742
3266
3266
1942
3266
1218
2227
695
3266
3157
2227
899
3266
3266
2009
3266
3266
3266
1257
3266
3266
3266
3266
3266
3266
3266
3266
899
3266
1507
3266
296
3266
899
3266
1258
2595
2009
1654
3154
3266
1223
2009
3266
1258
2009
3266
3266
3266
3266
1654
3266
3266
3266
3266
1506
2226
1538
2595
3266
3266
3266
3266
3266
1257
3266
3157
3266
3266
899
3157
3155
2009
3266
3266
3266
2743
3266
1255
3266
3266
899
3154
660
656
3266
294
899
2743
3266
1241
3266
3153
3266
3266
3266
1793
1942
3266
3266
3266
899
3266
3266
3266
3266
3266
657
3266
2009
3266
3266
3266
3266
1785
2595
3154
3266
3266
3266
3157
1529
3266
1656
3266
899
3266
3266
3266
3266
3155
899
2227
3266
3266
1268
3266
2009
295
3266
899
3266
2006
899
3266
3157
3266
3266
3266
3266
1543
2597
1256
3266
3266
1783
1554
1771
1528
3266
1218
3266
3266
1943
3266
1260
3266
2594
297
3266
296
1532
3266
2594
899
1655
1257
2600
899
3266
3154
3266
3266
2009
3266
3266
2007
3266
3266
3266
3266
3266
1262
3266
3266
3155
2227
1509
1533
3266
2227
2594
1218
3266
3157
3266
1522
3266
3266
3266
3266
3266
3266
3266
1537
3266
2005
3266
1257
899
3266
3266
3266
2899
3266
3266
899
3266
1528
3266
3266
3266
1957
3266
1264
2606
3266
3266
1509
295
3266
3156
3266
3266
3266
3266
2009
3266
1257
1547
3266
3266
3266
1654
2487
3156
2009
3266
3266
1655
3266
1219
3266
3266
3266
2594
1654
3266
3266
3266
2595
1264
3266
3266
1539
3266
1944
899
1260
1539
3266
3266
1655
1218
3266
2594
2227
2595
1254
3266
3266
3154
3266
3266
3266
1655
1260
3266
3266
3266
3266
3266
3266
3266
3266
2003
3266
2595
3266
660
1553
3266
3266
899
3266
3266
3156
3266
3266
3266
3266
3266
1262
3266
3266
899
701
2741
3266
2009
3266
3157
1250
2009
3157
2005
1256
3266
3266
899
3266
3266
1530
3266
899
3266
1521
3266
295
899
295
2745
899
3266
3266
3266
3266
3266
1771
3157
3266
3266
3266
3266
1511
1935
3156
805
1224
3266
3266
3266
3266
3266
3155
3266
3266
695
2227
1655
2009
296
3266
3266
3266
899
295
1259
3266
2227
2227
3266
2003
3266
3266
1553
899
3266
3266
3266
899
3266
3266
899
2227
3266
3266
2227
1256
3266
3266
899
1547
3266
899
2227
3266
3266
295
2758
2594
3266
3266
899
3266
2227
3266
3266
3266
1263
695
1251
898
3266
3266
898
3266
3266
3266
1763
1251
3266
3266
3266
899
3266
899
3266
1262
3266
1264
3266
1528
899
3266
2009
3266
3266
2005
2594
3266
1655
3266
3154
1531
1226
3266
2227
3266
695
3266
3266
294
3157
3266
3266
1263
3266
899
2009
3157
1942
3266
3266
798
2009
3155
3266
899
3266
1259
3266
3154
723
1226
2594
3266
656
1999
3266
3266
3266
1553
2004
1655
3266
1509
3266
3266
1655
660
3266
3266
3266
3266
3266
3266
3266
3266
2226
3266
1223
3266
3266
294
3266
3266
3266
1218
3156
1543
3266
2227
2594
3266
3266
3266
3266
3266
1250
2743
1263
3266
3266
3266
899
3266
3266
3266
1251
3266
3266
3266
3266
296
3266
2596
3266
1509
3266
3266
3266
3266
3266
295
1508
3266
2594
3155
3266
3266
899
3266
3266
3266
3266
3266
2594
3266
3266
3266
3266
899
3266
3266
3266
3266
3266
2009
1264
3266
2009
1506
899
2227
3156
3266
1547
3266
3266
899
3266
3266
1540
1943
1944
1944
3266
3266
3266
3266
1539
296
2742
899
899
2009
3266
3266
296
3266
3266
723
695
3266
3266
3154
2009
3266
899
3266
3266
3266
3266
3266
899
898
898
3266
3266
2004
3266
1264
2594
3266
899
2740
899
3266
3266
1654
295
3266
2741
3266
3266
3266
3266
3266
3266
3155
3155
899
3266
1250
2009
3266
3157
1942
3266
2009
2599
703
3266
3266
3266
3266
3154
899
899
2594
3266
295
3266
3266
1258
296
3157
3266
1265
1263
1264
3266
3266
3266
2022
3266
899
3266
3266
3266
3266
1548
1556
2595
2006
3266
3266
1767
3266
3266
3266
3266
3266
2002
2742
3266
3266
1260
1537
296
3266
3266
899
2742
3266
3266
3266
899
703
1508
798
3266
1655
3266
3266
296
3266
3156
899
899
3266
3266
3266
3157
3156
1654
3266
3154
3156
899
1522
3156
2594
3266
1263
3266
3266
3266
3266
2008
3266
1763
3266
2594
899
3266
1547
2227
899
2594
899
3266
3266
3266
3266
2227
3266
899
2596
1533
3266
3266
2472
1263
3266
3266
3266
899
899
1538
3266
3266
899
3266
3266
1942
3266
3266
3266
2008
3266
3266
3154
2744
3154
3266
3266
3266
3266
2471
3266
3266
3266
1941
3266
3266
2597
3266
3266
3266
3266
1263
3266
3266
3266
3266
3266
899
3266
3266
3266
3266
3266
3266
3266
1259
898
2595
3266
3266
3266
1509
3154
899
3266
3266
3266
3266
295
3266
3266
1772
3266
3266
899
3266
3266
1511
3266
899
2594
3266
3266
3266
899
899
3266
1941
3266
3266
3266
1266
3266
3266
3266
3266
3266
3266
3266
660
3266
3266
2988
3266
3266
1999
3266
3266
1515
1241
3266
1655
296
1655
1533
2595
2594
1223
3266
1251
3266
2009
3266
3266
1657
1534
2594
3266
722
2009
3266
295
3266
3266
3266
1542
3266
2009
1252
899
3266
3266
1547
3266
3266
2594
3266
3266
3266
2007
3266
899
1266
2009
3266
3266
3266
2471
3266
898
3266
1939
3266
3266
2594
2227
3266
1225
3266
2742
3266
3266
3266
1267
3266
3266
3266
3266
3266
899
3266
3266
2009
3266
2594
3266
899
1262
2594
296
3266
3266
2226
3266
3266
3266
3266
1941
3266
3266
1655
3155
2022
3266
1256
3266
296
1257
1250
3266
3266
899
3266
898
2599
3266
2227
3266
3266
3266
2562
2742
2007
2227
3266
3266
3266
3266
1538
3266
3266
1251
657
3266
3266
3266
3266
3266
3156
3266
3266
1530
2744
3266
2563
3266
898
3266
1219
3266
3266
3266
1527
899
3266
3266
2009
3266
3157
3266
295
899
3266
3156
3266
1768
3266
1548
296
3266
3266
3266
3266
695
3266
3266
3266
3266
3266
3266
3266
3266
899
3266
3266
2594
3266
3266
3266
2227
3266
1508
3266
3266
3266
1546
1250
3266
899
2227
3266
1257
2009
3266
3266
3266
3266
1799
3266
1933
3266
3266
1942
3266
2005
899
3266
3154
2527
3266
1941
3266
3266
2745
3266
3266
2227
3266
3154
3266
2009
899
3266
1218
1260
1540
1785
2742
3266
3266
899
3266
2741
3266
3266
899
3266
3266
3266
3266
3266
1800
3266
3266
3266
3266
1263
3266
3266
3266
3157
3154
3266
3266
3266
2597
898
2003
3266
1532
3266
3266
3266
3266
1530
3155
2594
2005
3266
3266
3266
3266
3266
3266
1226
3154
3266
1265
1770
1554
1944
3266
1492
3266
1797
3266
3266
2594
3266
3266
3266
3266
2227
1530
3266
1250
2740
3266
1250
899
899
1543
3154
899
1260
3266
3266
3266
1767
3266
3266
2005
1538
2227
3266
3266
899
3156
3266
3266
1772
3154
899
2594
3266
3266
1656
898
3266
3266
2594
3266
1527
3266
1941
3154
3266
3266
3266
899
3266
3266
3154
722
1554
660
2005
3266
899
3266
3266
2739
899
1263
3266
3266
3266
3266
3266
3266
2227
3266
3154
3266
3266
3156
1250
899
1536
1506
660
2227
1543
3266
2004
3154
3266
899
899
2743
3266
1264
2009
1538
3266
899
3266
3266
3266
3266
3266
2473
3266
3266
1266
3266
899
2594
660
3266
3266
3266
1262
1250
1253
3266
3266
3266
3266
3266
1942
2009
3266
3156
3266
3266
3266
296
899
2595
3266
3266
1656
3266
3266
2008
1261
899
3266
3266
3266
1529
3266
3266
3266
1935
3266
1658
298
2226
2594
3266
1508
3266
3156
696
3266
1772
2743
1942
1941
3154
2227
2009
1264
3266
1542
3266
2594
3266
3266
3266
3266
1223
3266
3266
3266
3266
3266
1264
899
899
3266
3266
3266
899
1262
1510
3266
659
3266
1530
3266
1780
3266
898
3266
1944
1526
899
2227
3266
1259
3266
3266
700
3266
2738
3266
2595
1262
3266
3266
3266
3266
295
1543
898
3266
3266
1249
3266
1513
2009
3266
3266
3266
3266
295
3266
1256
3266
3266
1264
2987
2009
3266
3266
1507
899
1260
2743
1498
3266
3266
1262
1531
1250
3266
1655
3266
3266
3266
3266
3266
1769
3266
1260
3266
3266
3155
899
1258
1657
1218
1526
799
1258
3266
656
2004
3266
3156
3266
3157
2009
1250
3266
703
3266
1257
2594
1218
3266
3266
3266
3266
2004
3266
3266
899
2008
3266
899
3266
899
1543
3266
2740
3266
898
297
1513
3266
3156
3266
1507
1529
3266
2594
3156
1557
3266
1261
3266
2595
2227
899
3266
1534
3266
3266
657
3266
3155
3266
3266
3266
3266
297
2740
3266
3266
3266
3266
3266
3266
702
3266
3266
899
3266
3266
2596
1941
3266
3266
3266
3266
3266
3266
3266
3266
3266
3266
3154
3266
3266
2227
3266
3266
3266
3266
3266
1250
3266
3266
3266
899
3154
3266
3266
899
3266
3266
2594
3266
3266
1535
3266
3266
3266
3266
1549
3266
2009
899
692
3266
723
3266
3266
1527
295
3266
3266
2024
2469
3266
3266
899
1655
3266
3266
899
3266
2595
2227
2006
3266
3266
3266
3266
2744
3266
3266
3266
3266
899
3266
3266
3266
3266
3266
3154
899
2741
3266
3266
3266
1535
3266
3266
1263
899
3266
2009
3266
2596
3266
673
295
1226
3266
1654
3266
3266
3266
3266
3266
899
3266
2009
3266
2595
2004
2226
2741
2005
1250
3266
898
1250
3266
3266
3266
2740
3266
3266
3266
3266
2594
3266
3266
3266
899
2596
3266
3155
3266
2597
3266
3266
3266
3266
3266
1655
3266
3266
3266
3266
3266
3154
3266
899
3266
3266
3266
1547
2739
3266
295
686
3266
3266
1257
294
3156
3266
3266
2009
3266
898
3155
899
3266
3266
3266
3266
3266
3266
1223
3266
1536
2227
3156
2742
2227
899
3266
1941
3266
1655
3266
2597
2599
3266
3266
1223
3266
1262
2606
899
3266
1779
3154
1260
3266
3266
3266
3266
1264
3266
899
1226
3266
2594
1262
3266
3266
3266
1512
3266
899
1509
3266
3266
3266
3266
3266
3266
695
1803
296
3266
899
3266
3266
3156
3266
3266
3266
1942
3266
2487
899
3266
1226
3266
899
3266
722
3266
1656
3266
899
3266
899
1262
3266
2009
3154
3266
1225
3266
3266
3266
1655
1655
3266
3155
3266
3266
1508
3266
296
1265
2594
3157
3266
3266
3266
3266
2742
3266
3266
3266
3266
2594
3266
3266
3266
295
1541
2247
3266
2003
3266
1250
3266
3266
899
1241
3266
1657
2227
899
3266
1534
1939
899
1536
3154
656
1250
3266
1802
3156
3266
3266
3266
3266
2741
1780
3266
3266
898
3266
3266
2596
2497
1657
3266
3266
3266
899
3266
295
3266
3266
3266
3266
2226
3266
3266
1263
899
3266
3266
3266
1521
1550
3266
3266
1553
899
1226
1530
898
3266
3266
3266
1942
3266
1537
3266
3266
899
2002
3266
1556
3266
1263
1262
3266
2595
3266
1226
3266
3018
1510
1527
899
3266
899
3266
3266
2742
2595
656
3266
1547
3156
3266
2739
898
899
1942
656
2008
3266
2009
3266
3266
295
899
3266
1264
3266
3266
2009
3266
899
295
3266
3266
2598
3266
1547
2226
3266
3156
3154
3155
3266
1941
3266
3266
3266
3266
3266
3154
1262
3266
3266
3266
3266
1260
3266
3266
3266
3266
2227
2227
3266
1252
899
1655
3266
3266
2597
3266
3155
3157
3266
3266
3266
3266
2478
899
2227
3266
3266
3266
3266
3266
1539
3266
1941
3266
1251
1251
3266
899
2023
3266
899
1267
2740
899
3154
798
1531
3266
3156
1554
3266
3156
3266
899
3266
3266
2594
3266
3266
2227
3266
3266
3266
3266
3266
2227
3266
3266
3266
2227
3266
3266
3266
3266
3266
3266
3266
899
899
3266
1552
3266
3266
3266
3266
1539
3266
1226
2594
1257
1260
1264
3266
1509
3266
899
3266
1258
3266
3266
3266
3157
1552
723
3266
296
899
1945
2009
3266
3266
3266
656
3266
3266
3266
1942
1491
3266
3266
3266
1958
3155
3266
1999
3266
3266
3155
3266
3266
3266
1508
3266
3266
3266
723
2227
2743
898
3266
3266
899
3266
3266
3157
2596
3266
2876
3266
1942
3266
3266
3266
1264
3266
1539
1537
1544
3154
3266
3266
3266
2739
3266
3266
899
3266
1264
656
1549
1941
2466
1655
3266
2227
3266
2594
3266
3266
3266
3266
899
1250
2595
899
3266
3266
3266
3266
3266
3266
3266
3266
2226
3266
2226
1249
3266
3266
1997
1261
3154
1513
2594
2536
899
1260
1264
296
1530
295
2595
3266
1251
1538
2009
3266
3266
2595
2742
3266
3266
1784
3266
3155
2742
3266
3154
2009
3266
3157
3266
3266
3266
1942
3266
3266
2227
3266
899
1527
1498
3266
2499
3266
899
3266
3266
899
1508
3266
3266
2227
1218
298
899
2227
3266
3154
2009
3266
3266
3266
3266
3154
1655
2594
2562
701
1218
1537
1264
3266
3266
3266
296
1218
3155
3266
3266
3266
2595
3266
1241
3266
3155
1779
3266
3266
3266
3266
3266
3266
3266
3266
3266
3266
1260
2595
2009
3266
3266
3266
3266
899
1528
2009
3266
3156
2741
1528
723
3266
3266
3266
296
3266
3266
3266
1507
899
3266
3266
3266
1250
3266
3266
3266
3266
3266
3266
2227
899
3266
3266
899
3266
1534
1534
3154
3266
3266
899
899
898
1507
3266
3266
3266
3266
1538
2227
3266
3156
3157
3266
3266
2008
3266
3266
899
3266
3266
3156
1258
3266
3266
686
1553
3266
3266
3266
3266
3266
2536
3266
2009
3266
1498
1524
3266
3266
3266
3266
3266
3266
3266
2009
1506
657
3266
3266
3266
3266
3157
3266
1256
3266
3266
2594
854
899
3266
2227
3266
3266
899
3266
3266
899
3266
2595
3266
3266
3154
798
3266
3266
1224
3266
3266
3154
3266
2741
899
3266
702
898
3266
3266
1253
3266
1498
295
2227
899
2743
1265
2227
3156
3266
899
3266
1538
1771
2006
899
3266
1939
3266
1547
3266
1250
3266
3266
899
1263
3266
1548
2006
1218
3266
1251
3266
3266
3266
3266
3266
3266
3266
3266
1942
3266
3266
899
656
3266
2226
899
660
3266
3266
3266
3266
3157
2227
899
1509
3266
1784
1509
3266
899
3155
1541
3266
1537
295
1257
3266
3266
657
3266
3266
3266
3266
1528
3155
899
3266
3266
3266
2597
3266
3266
1256
3266
3266
3266
3266
3266
2227
3266
1250
899
2595
3266
3266
1528
3266
899
3266
666
1939
295
3266
3156
1256
3266
3266
3266
1264
1655
1262
3266
3266
3154
3266
2227
899
3266
3266
3266
3266
3266
3266
3266
3266
3266
3266
899
3266
3266
702
3266
2594
3266
3266
3266
1557
3266
899
1541
3266
3266
2007
3266
3266
2595
3266
2227
3266
3267
3266
295
3266
3266
898
3266
687
2595
1534
3266
3266
3266
3266
3266
3266
1533
3266
3266
1941
3266
3266
3266
3266
3266
3266
295
1942
1941
3266
3266
3266
3266
3157
3266
1265
899
3266
3266
899
1941
3266
3266
3266
3155
3266
3266
3266
1544
899
3266
3266
3266
3266
2594
1507
1252
3266
1507
3266
3266
898
2227
899
1789
3266
3266
3266
702
3266
3266
3266
3156
3266
1509
3266
3266
899
3266
2330
3266
3266
2597
2595
3266
3266
3266
3266
3266
2002
3266
3266
2226
3266
2227
2743
3266
3266
3266
2597
3266
3157
3266
3266
3266
3266
2004
3266
1942
3266
1800
3154
1657
3266
1222
296
1511
3266
1529
3266
3266
2594
1656
3266
3156
2226
3266
2227
2466
899
3266
899
296
1257
898
2595
3266
3266
3157
3266
3266
3266
3266
1657
3266
3266
3266
2009
3266
3266
3266
2599
3266
3157
3266
899
3266
1254
3266
1526
3266
3266
3266
3266
1999
2594
3266
2227
1223
1255
3266
2009
2226
1258
3266
3266
3266
3266
1654
2003
3266
3266
3266
3266
3266
1941
899
3266
3266
3266
3266
3266
3266
1258
3266
3266
3266
3266
1258
3157
296
3266
2594
3266
1541
2595
1265
3155
3266
3266
2009
3266
1226
3155
3266
3266
296
3266
295
2739
3156
2741
1509
1509
3266
1257
1534
3266
3266
3266
1528
1784
3266
1536
3266
3266
3266
3266
899
899
3266
2739
3266
3155
3266
1250
3266
3266
1783
3266
1534
3266
1223
3266
899
2226
295
3266
3266
1783
1538
3266
2009
2009
3266
3266
3266
3266
2227
3156
2743
3266
294
3266
899
3266
3266
3155
3266
899
2594
3266
3266
1656
3266
899
2009
898
2002
899
660
2536
3266
3266
1257
3266
2595
3266
3266
656
1656
2472
3266
3266
899
3266
295
899
3266
3266
296
1940
1250
3266
3266
3266
3266
2594
899
3266
3266
3266
3266
3266
3266
1218
3156
3266
3266
1250
2742
899
3266
1536
3266
2595
1250
3266
899
3266
2741
3156
3266
3266
3266
3266
3266
3266
3266
3266
1261
3266
1656
1533
3266
3266
1538
1557
1526
3266
295
3266
3266
2005
898
2742
3266
1770
3266
1536
3157
3266
2227
3266
3266
3266
3266
3266
1941
295
3266
1250
2962
3266
3266
899
3266
3266
899
2596
1943
3266
1263
3266
2594
3266
899
1529
2758
3266
2227
3266
1250
3266
3266
2009
3266
3266
3266
1225
3266
2739
1657
899
3266
3266
295
3266
1509
704
3266
3266
1267
3266
3266
3266
3266
899
3266
3266
699
899
3156
1655
3266
3266
3266
296
3266
3266
1218
3266
3266
3266
2008
3266
1264
2009
3266
3266
3266
3266
899
899
1553
3266
1537
1259
3266
3266
1509
3266
3157
3154
3266
3266
3266
2594
3266
3266
3266
3266
1654
659
2595
1263
3266
2005
2594
3266
1541
3266
1531
2537
899
295
2227
899
3266
3266
1958
3266
2226
2599
3266
2009
3266
3266
3266
295
2009
3266
3156
3266
3266
3155
3266
3266
3266
2009
3266
3266
3154
3266
899
3266
702
3266
899
3266
3266
3266
1223
3266
3266
1250
3266
3266
1541
3266
3266
3266
3266
3266
3266
3266
3266
3266
3266
3266
899
3266
3266
3155
2227
899
899
3266
1223
3266
3266
3266
3266
1547
3154
1534
899
2670
3266
3266
3156
3266
3266
3266
899
1942
3266
1942
3266
3266
1268
899
3266
865
3157
3266
899
1941
1548
3155
899
3266
3266
3266
3266
3266
899
3266
3266
1553
3266
3266
3266
3266
3157
1260
1540
3266
1506
3154
2009
3266
3266
3266
3266
3156
1533
3266
3266
3266
3266
3266
898
3266
3266
1543
2003
899
3157
3266
3266
3266
3266
2004
3266
3266
1259
3266
3266
2595
2009
3266
2009
296
1554
2227
3266
3266
3266
1506
3266
2022
1539
3266
899
3266
3156
3266
3266
3266
3155
899
3266
3266
1541
2227
3266
899
3157
3266
2009
3266
2564
296
3266
3266
2005
1800
295
899
2009
3266
3266
3266
3266
3266
3266
1656
898
3266
2003
3266
3266
3266
1766
3266
3266
3266
3266
3266
3154
3266
1942
1781
3266
2227
3266
1554
2594
3266
3266
3155
899
3155
1942
899
3266
3266
3266
3266
3266
3266
3266
3266
3266
2227
3266
1256
3266
3266
3266
3266
2005
3266
3266
2004
2227
3266
3266
3266
3266
899
899
1263
1241
3266
3266
3266
3266
1258
2226
656
1250
3266
1658
3266
3266
899
3266
1945
3266
2594
3266
3266
3266
899
3266
2227
3266
3266
1498
3266
3266
295
3266
2026
3266
1547
3266
1250
2595
899
1250
3155
656
3266
899
3266
3156
3266
2227
3154
3266
3266
3266
899
3266
3266
3155
3266
3266
2227
899
3266
1226
3266
899
899
3266
1266
3266
3266
3266
3266
3266
1251
3266
3266
3156
1654
2978
3266
3266
3155
3155
3266
3266
3155
3266
3266
3266
3266
3266
3266
3266
1250
2744
3266
1941
3266
1939
3266
3155
3266
899
3266
3266
2226
899
3266
3266
2226
3266
2009
3266
3266
899
899
3266
1943
1941
1267
2739
3266
2739
1940
3266
3266
1530
3266
1252
2227
3266
3266
899
899
3266
899
1944
3154
2005
294
3266
3266
3266
3266
3266
2009
2003
2760
1251
1226
3266
899
2227
899
1553
3266
1656
3266
3266
3266
3266
3266
3266
1541
3266
1508
1250
899
3266
2594
1251
3266
3157
3157
3266
3266
3266
1507
2002
1266
3266
3266
3266
694
3266
3266
2009
1959
3266
3266
1262
1656
3266
3266
1657
3266
899
695
3266
3266
1507
297
3266
695
1788
1656
3266
297
1508
3266
898
1507
3266
3266
3154
3266
3266
3266
3266
3266
3155
3266
1940
3156
3266
899
1223
2595
3154
1513
3266
2597
3266
1550
1218
296
3266
899
3266
3266
3266
2595
2560
3266
1657
3266
3266
2003
2594
3266
3266
1499
3266
1218
3266
1218
2009
3266
2227
3266
3266
3155
1941
3266
3266
3266
1765
3266
2596
1250
3266
3266
2595
899
3266
2022
3266
3266
1225
3266
3266
2595
899
3266
3266
3266
295
3266
3266
3266
3266
3266
703
3266
3266
3266
3266
2595
3266
3266
3266
899
3157
3266
2227
899
3266
898
3154
3266
3266
3266
3266
2022
3266
3156
3266
1533
3266
3266
3266
3266
2594
3266
2742
3266
3266
3266
3266
1655
2003
3266
3266
3266
3266
3157
3266
3266
295
3266
3266
1223
2739
3266
3266
3266
3266
2594
1538
3266
3266
1226
3266
899
1251
3154
3266
3266
3266
2742
3266
899
899
3154
1522
3266
3154
3266
3266
3266
2022
3266
3266
3155
899
2003
3266
3266
3266
297
1218
3266
3266
3266
3266
3266
2227
3266
3154
3266
3155
827
2227
3266
899
2227
2596
3266
899
3266
3266
3266
3266
3266
2595
2226
695
3266
3266
3266
3266
3157
3266
3266
3266
3266
3266
1259
3266
3266
3266
3266
3266
3266
3266
2758
899
3266
3266
3154
3266
3266
2597
2009
1265
2757
2227
3266
1548
3266
1262
3266
2594
3266
295
1655
1512
3266
3266
3266
3266
899
2009
1223
3266
2227
3266
3266
3266
3266
3266
2497
3266
1263
3266
3266
1267
3266
3266
3266
3266
3266
2000
3266
3266
1264
1529
2594
3266
3266
3266
1533
3266
2009
898
2227
2599
1509
3266
1529
899
899
1251
3266
3266
3266
2743
1264
3266
3266
1803
3266
3266
1264
899
702
702
3266
1223
1227
3266
1789
3266
3155
3266
3266
1923
3266
899
295
2594
3266
2740
2009
1250
2009
1537
3266
3157
1256
3266
3266
3266
695
3266
3266
1654
1264
899
3266
1259
3266
3266
3266
2742
3266
1546
3266
899
296
3266
3266
1508
2594
1267
3266
2743
3266
899
3266
3266
2536
3266
3266
3266
3266
2009
292
3266
296
3266
2021
1783
3266
3266
3266
2595
3154
2472
3266
3266
3266
3266
3266
899
3266
3266
3266
1535
3156
3266
3266
3266
3266
3266
3266
3266
3266
3266
3266
3266
2004
2741
3266
3266
1257
3266
3266
3266
1784
3266
296
3154
2594
2743
3266
2536
2009
3156
657
3266
1550
660
1657
3266
2007
3266
2226
1218
899
3266
2742
3266
3154
899
899
3266
3266
3266
3266
2009
3266
3266
3266
3266
2740
2227
295
1942
3266
3266
3266
3266
3266
3266
3266
3266
3266
3266
3266
1962
899
3266
3266
3266
1250
3266
3157
3266
3266
3266
3266
3266
1541
3266
3266
1266
3266
3266
3266
3266
3266
3266
3266
2007
3266
3266
3266
3266
1941
3266
3266
899
3266
3266
3266
3154
2009
3266
899
1508
3266
3266
899
3266
3266
296
3266
3266
3266
1218
3266
899
1251
3266
295
3266
899
3266
2227
3266
899
3266
3266
3156
899
899
1261
3266
3266
3266
3266
3266
2501
3266
3266
1939
1996
3266
3157
3266
2005
696
2009
3266
3266
3266
3266
3266
3266
1251
3266
3266
1545
3266
3266
1549
2009
3266
3266
3266
3266
1546
1264
3266
2471
899
1263
3266
3266
696
1250
3266
296
2009
3266
3266
3155
3266
3266
1782
3154
1250
2597
3266
1260
1784
3266
2594
3266
3266
3266
3266
3266
295
2022
3156
1223
3266
899
1550
1250
3266
3266
1540
3266
3266
3266
295
3266
3266
2466
3266
295
877
2009
3266
2594
3266
2009
3266
3266
1536
3266
1226
3266
3266
1506
3266
3266
3266
1492
899
3266
1218
3266
3266
1944
2009
899
3266
3266
2226
3266
3266
2023
2024
3266
3266
3266
3266
295
1546
2227
3266
656
3266
3266
899
2009
3154
2594
3266
2227
3266
3266
3266
3154
3266
3266
3266
898
3266
899
3266
3266
2595
3266
3266
1941
3266
3266
899
3266
3266
2009
3266
3157
2527
3266
2009
3266
3266
3266
1264
3266
3266
3266
3266
296
1223
1785
3266
3155
3266
3266
3266
3266
3266
3266
3266
656
3266
295
3266
2595
1788
1943
3266
3266
3266
3266
3266
1218
899
3266
899
3266
3266
1251
295
1655
899
899
3154
899
3266
2005
899
897
3266
3266
1251
1655
3266
3266
3266
3266
3266
3266
3266
3155
3266
3266
3266
3266
3157
899
1551
3266
3266
3266
2594
3266
2227
3266
3266
3266
1785
1783
2011
2004
3266
3155
3266
1262
1655
3266
899
3266
3156
899
1540
3266
3266
3266
3156
3154
3266
3266
2227
3266
899
3266
3266
3266
2227
3154
3266
3266
3267
1548
3266
3266
899
3266
899
899
3266
3155
3266
3266
3266
3266
3266
3266
2009
3266
3266
3156
3266
899
2226
3266
3266
3266
656
2594
2002
3266
2004
3154
3266
3266
3266
3266
3266
3266
1655
3266
3266
2594
1507
3266
1509
3266
3266
899
1655
1942
3266
2009
2004
3266
1241
899
3266
2594
2008
2596
1250
2594
3266
2734
1942
3266
3266
3156
1223
3266
3266
3266
3266
2742
3266
3266
3266
899
3266
3266
2227
3266
1257
3266
2005
3266
3266
1942
1264
2383
3266
3266
3266
3266
3266
2594
3266
3266
3266
3266
3266
3266
2742
1543
2740
3155
2009
3266
3266
2742
1226
1548
657
3266
3266
3266
3266
1550
3266
3266
295
1655
1526
3266
1543
3266
2597
3266
3266
899
3266
3266
1536
3157
1552
2594
3266
3266
899
3266
899
3266
3266
656
2743
2004
899
3266
3266
3266
3266
3266
3266
899
1551
3266
1253
295
1537
2007
288
2930
3266
3266
899
899
2742
3155
1261
3266
3266
3266
899
3266
296
899
1512
3266
3266
899
3266
3154
1546
657
2227
1535
3266
3266
3266
3266
3266
3266
2009
3266
3266
3266
899
3266
1218
1509
886
3266
3266
656
899
2003
2227
3266
3266
3266
1264
703
3266
2742
2594
899
2227
3266
3266
798
1218
686
3156
3266
899
3266
3266
3266
3266
3266
3266
2005
3266
1999
899
3266
2562
1548
3266
1783
3155
899
3266
2227
3266
3266
3266
3266
898
3266
3266
1256
3266
703
1528
3266
2595
722
899
899
3266
3266
2743
3266
2001
1506
3266
3266
3266
2006
3154
3266
702
3266
1218
3266
3266
1508
3266
899
899
3266
3266
899
3266
3266
3266
3266
3266
1547
3266
2009
3266
3154
3266
3266
3266
3155
1262
899
1655
3266
899
1261
3266
3266
3266
3266
3266
1537
2595
1533
1549
3266
2227
3266
1535
3266
3266
1942
3266
3266
899
1505
3266
3266
2227
3266
3266
296
3266
3266
3266
2226
2009
3266
3266
2594
3266
1265
899
657
3266
2594
3266
3266
899
2227
2909
1218
1944
3266
3266
3266
3266
295
899
899
1940
2002
660
1770
1655
3266
3266
899
3266
1262
899
3266
1654
3266
3266
3266
3266
3266
3266
3266
3266
3266
3266
3266
3266
2002
3154
3266
3266
3266
1251
2227
3155
1538
2004
3266
2227
1260
1259
3266
3266
3266
3154
3266
2008
2227
1250
1530
3266
1529
899
1528
899
3266
3266
899
3266
3266
3266
899
2595
3266
2744
3266
3266
3266
296
3266
296
1218
3266
3266
296
1241
3266
2227
3266
3266
3266
899
2009
3266
3266
3266
3266
3266
3266
3266
3266
3266
899
3266
3266
3266
1656
1250
899
3266
3266
3266
2742
1942
3266
3266
3266
1942
1250
3266
3154
3266
2227
3266
3266
3266
3266
1250
3157
3266
3266
3266
3266
3266
3266
3266
3266
3266
3266
2744
3266
1783
3266
899
3266
1260
3266
899
3266
3154
3266
3266
3266
3266
1522
3266
3266
3266
3266
3154
3266
3266
3266
1534
899
1538
2594
3266
3266
2595
3266
899
3156
899
3155
1538
3266
3266
2008
3266
3157
3266
3266
3266
1262
1218
1249
3266
3156
3266
1508
899
1942
2227
3266
660
3266
3266
3266
3266
3266
3266
3266
1251
3266
660
3266
3266
3266
3266
3266
2227
1938
3156
3156
3157
3266
1260
3266
2009
1945
3266
3155
899
3266
3266
1266
3266
3266
3266
1259
899
2227
2009
3266
3155
1224
3266
3266
1526
2227
3266
1509
3266
899
1266
3266
3266
1258
3266
3266
3266
2594
3266
660
2006
1259
2227
3266
3266
2594
1658
3266
3266
899
1253
3266
899
296
3266
3266
2005
899
2594
3266
1250
1263
3266
1250
3155
1498
2741
3266
1266
3266
3266
3266
3266
899
1658
3266
899
3266
3156
3266
3266
3266
3266
3266
3266
3266
3155
3266
3266
1510
3266
3266
1262
1941
3266
1218
3266
3266
3266
3266
3266
3266
3266
2009
2595
3266
3266
3266
1765
3266
3266
3266
3266
3266
899
1941
3266
2227
3266
1226
3266
3266
3266
899
1658
1260
704
3266
3266
295
295
3266
3155
2227
1251
3266
1491
3266
2009
3266
3266
899
3266
1507
2595
2226
899
2743
3266
2739
1995
3266
3266
3266
899
3266
899
1534
3266
1509
899
3266
899
899
3266
3266
3266
3155
1942
3266
3266
3154
3266
899
3266
3266
1658
3266
3266
3266
899
3266
1261
1798
3266
3266
3266
1936
1507
2594
3266
3266
3266
3266
1538
3266
1265
3266
3266
3266
3266
695
3266
1261
656
3156
899
3266
3266
3266
3266
3266
1250
1545
3266
899
3266
657
3266
1945
1538
1655
2227
3266
296
899
3266
3266
3155
1250
3266
3266
899
899
3266
899
3154
899
1265
296
3266
3155
3266
3266
2741
3266
3154
899
657
1250
2597
899
2227
3266
3266
3266
3266
3266
3155
3266
3266
660
3266
3154
1543
3266
2742
3266
899
3266
3155
1256
3157
1260
3266
3266
1508
3266
2009
3266
3266
1509
3266
2005
899
899
3266
3266
899
1507
3266
3266
3266
295
2595
3266
2008
3266
899
1531
3266
898
3266
3266
3266
1782
1940
3266
3266
3266
3266
3266
3266
1225
898
3266
899
3266
1257
899
1265
1507
3266
899
3266
3155
1548
3266
3266
1655
3266
3266
3266
3266
899
899
3266
3266
1522
295
3266
2595
2536
3266
1534
3266
3266
899
3266
1249
3266
2742
2595
3266
899
1657
2003
3266
1655
3266
3266
3266
1252
3266
3266
3266
1763
3266
1943
1258
3266
3266
3266
3266
2009
3266
3266
296
1800
3266
3266
1522
2597
3266
899
3266
899
2227
3266
3155
3156
3266
3266
3266
3266
3266
1226
296
3266
3266
899
3266
2009
1544
3266
3266
3266
1540
3266
3266
695
3156
3266
2004
3266
3266
899
899
3266
3266
1506
1654
2009
1223
2594
3266
3266
3266
3266
3266
3266
3157
2009
3266
2009
3266
899
3266
1552
3266
3266
3266
2009
3266
1543
3266
702
2594
2227
3266
3266
3266
1509
1655
2596
3266
1545
2739
3266
696
3266
899
1656
1509
3155
3266
899
3266
3266
3266
3266
1533
1263
3266
3266
3266
3266
1655
1655
2469
3266
3266
3266
2227
1264
1654
3266
2594
1535
3266
3156
1532
2002
3266
3266
3266
3266
3266
3266
3156
3266
3266
1536
899
1547
1260
3266
3266
3266
1267
2760
3266
3266
3266
1763
3266
3266
3266
1539
1551
3266
3157
899
3266
1223
899
2741
3266
899
1506
802
1654
3266
2227
1261
2227
3266
3266
3266
702
1257
3266
3266
2227
3266
656
660
1939
3266
899
3266
3266
3266
899
3266
1942
703
3266
3266
1253
2009
1226
3266
1261
3266
3266
3157
899
3266
2007
1544
3266
3266
3266
3266
3266
1249
3266
3266
3266
3266
2010
3266
1264
3266
3154
899
2004
3155
2741
3266
2007
1941
3266
3266
3266
3155
3266
3266
3266
3266
2594
3266
703
3266
1545
1268
3266
3266
1261
3266
3266
3266
2594
3266
3266
899
3266
2003
3266
3266
3266
3266
1940
3266
3266
3266
3266
1531
3266
3266
1529
2741
3266
3266
2005
3266
3266
295
3266
3266
1499
295
1940
2009
2596
3266
3266
3266
1223
2388
899
3266
3266
3266
3156
3266
3266
3266
3266
3266
3266
3266
3266
3266
3266
2007
3154
899
3266
3266
899
3266
1506
3266
3266
3266
3157
899
3266
2009
1534
2003
3266
3266
3266
702
2002
899
1534
3155
3266
3266
1226
1781
3266
3266
3266
2760
696
3266
3266
3266
1547
656
3266
2227
899
3266
3266
3266
702
2595
3155
3266
1264
3266
3266
3266
3266
3266
3266
2227
1547
3266
3266
3266
3266
296
3266
2009
1538
3266
2594
3266
3266
1224
2550
899
3266
899
3266
3266
2226
3266
2742
3266
3266
2004
899
3266
3266
3266
3157
3266
3266
3266
3266
3266
2594
3266
3266
3266
3266
3266
3266
3266
3266
3266
1258
1941
899
2531
1654
3266
3266
3266
1546
657
3266
3266
3156
2009
3266
3266
2227
1509
3154
3266
3266
1258
2743
2742
3266
3266
3266
3266
3266
2600
3266
3266
2662
2227
1257
3266
3266
899
2227
1784
3266
3157
1269
3266
3266
3266
3266
2227
3266
3266
2005
1257
2594
3266
3266
3266
899
1553
1942
3266
899
2594
3266
3266
3266
3266
2227
1262
3266
3266
3266
3266
1251
3266
3266
1942
1655
2009
3266
899
3266
2227
2022
3266
1547
295
899
2227
1507
2226
1782
3266
3266
1218
2743
2742
2009
3144
2742
3266
3266
3266
899
702
899
899
3266
3266
2739
1941
3266
1780
3266
1262
3266
3266
1657
3266
3266
3266
1933
899
2743
296
2227
3266
2009
2227
3266
3266
3266
3266
1653
695
1522
3156
899
3156
703
2004
705
3266
1509
3266
3155
2227
3266
2233
2595
3266
1933
3266
3266
1256
2226
3266
3266
3266
3266
3266
899
3155
3266
899
2597
3266
1263
1264
3266
3266
3266
3266
2599
2009
2009
2487
3266
2594
2009
3266
3266
1771
3266
3266
3266
1527
2009
3266
3266
1528
1542
3266
3266
3266
1529
3266
3266
3266
3266
3266
3266
1262
3266
1259
2596
1783
3266
2004
3266
899
3266
2227
2009
3266
3266
656
3266
3157
3266
2501
2742
3266
3266
3266
3266
899
701
1498
3266
899
3266
3266
3156
2009
3266
3266
3266
3266
703
3266
3266
898
1533
899
899
3266
3266
3266
3266
2227
3266
1507
3266
1259
3266
2226
3266
2745
3266
3266
1541
3266
657
3266
2227
3266
1800
1262
295
3266
3266
296
1509
1782
2597
656
2003
3266
1543
2226
899
3266
3266
898
899
3266
3267
899
3266
3266
3266
3266
1940
3266
1258
899
3266
2006
1539
3266
899
1543
1251
2007
2227
3266
3266
2006
1785
3266
3266
899
3266
899
1258
1943
1509
1537
3266
899
3266
3266
3266
3266
2008
899
3154
3266
3266
3266
3266
2550
899
296
3266
1554
696
3266
899
3266
899
3266
898
3266
3266
3266
3266
3266
3155
3266
2599
3266
3266
1942
3155
3266
3155
899
2009
1226
3155
2595
3266
3266
2594
3266
3266
297
3266
1656
3266
3266
3266
3266
2008
899
899
3266
3266
3156
1250
1942
899
3266
3266
3157
1513
899
899
3266
899
3266
3266
899
1250
3266
2009
3154
3266
2009
2594
899
3266
2226
3266
3266
1546
2227
3266
3266
2742
1259
3266
3266
899
3266
1545
2739
3266
3266
3266
294
1513
2009
3266
3266
3157
3266
3266
3266
3154
3266
3266
3266
3266
3266
2009
3266
1223
3266
3266
3266
3266
3266
3266
1943
3266
3266
2741
3266
899
899
2597
2005
3266
3154
3266
3156
3266
3266
3266
3266
2597
3266
1557
295
3266
3266
3266
3266
2009
3266
1941
899
1264
3156
899
3266
3266
295
3266
1942
3266
2594
3266
3266
2227
3266
1766
3266
3266
294
296
3266
3266
1251
2595
2978
2227
3266
2007
3266
3266
3266
3266
899
3266
3266
3157
296
1507
3266
2006
3266
3266
2005
3266
3266
703
2009
3266
1535
3156
3266
3266
3266
3266
3157
3266
3266
3266
899
3266
3266
296
3266
3266
3266
3154
899
3266
3155
899
899
3266
3266
3266
3266
2493
3266
3266
3266
3154
3266
899
1250
1656
3155
3266
1260
898
3266
3266
3154
1522
3266
3266
3266
3266
899
899
3266
3266
898
3266
2742
3266
2007
3266
3155
695
3154
899
695
3266
1529
3266
2002
898
2226
899
2743
3266
3266
3266
1241
3266
2226
2226
703
1491
1218
3266
899
2004
3155
898
1657
1226
3266
3266
1509
3266
1548
1224
1543
2597
3266
701
3266
3266
3266
2009
3266
1551
1508
3266
3266
899
898
899
1250
703
3266
296
3155
3266
3266
1218
3266
3266
3266
3266
899
3266
3155
2594
1534
1218
3266
3266
1263
3266
1655
3266
1548
723
3266
2741
3266
899
3266
3266
3266
1655
3266
899
3156
1783
899
3266
844
2006
3266
3266
3266
1492
3266
3266
899
3266
3266
3266
3155
3266
899
2741
3266
3266
3266
2009
3266
3156
3266
1654
898
3155
3266
2009
3157
3266
3266
3266
1261
3266
3266
1253
2742
3266
698
3266
3266
3266
723
899
2009
3266
1508
3266
3266
3266
899
1506
703
3266
899
3266
1533
2227
3266
1554
3266
1264
3266
3266
3266
3266
3266
1226
3266
1250
2742
3266
3266
1541
3266
899
899
1544
899
3266
2745
295
899
2003
3266
660
899
3155
3266
295
3266
2528
3266
3266
3266
2741
723
3266
3266
3266
3266
3157
3266
3266
1499
3266
3266
2227
3266
3266
2008
3266
3266
1251
3266
3266
295
3266
3266
702
899
3266
3266
3266
1258
2595
295
3266
3266
1218
2227
295
3266
3266
3266
899
3078
899
3266
1509
3154
1655
3266
3266
3157
2002
2227
3266
1268
3266
3266
3266
3266
2009
2227
899
3266
1535
2227
3156
3266
1262
899
3266
3266
899
3266
3266
3155
3266
899
3266
3154
3266
3266
3266
2760
3266
3266
899
2466
3266
2227
3266
3266
899
3266
899
3266
3266
3266
899
3266
3155
899
2564
2007
1942
1556
704
3155
3266
3266
899
295
3266
3266
2227
1793
2227
1533
3266
2001
3266
657
1781
3266
3266
3154
1541
3266
1547
1261
1258
1546
3266
3266
1656
3266
3266
3266
3266
3266
1260
899
3266
3266
3266
899
2595
3266
3266
3266
1547
1258
3266
2741
1258
3157
703
3266
3266
3266
2226
1942
3266
3154
3156
3266
667
2227
3266
2227
3266
1218
2594
3266
899
1654
1262
3266
899
3266
3266
3266
3266
3266
3266
3266
1941
3266
3266
1530
3266
3266
2743
3266
3266
3266
3266
294
3266
3266
3266
3266
1530
723
3266
3266
2594
1782
3266
3266
296
2597
3266
899
2226
899
1498
3266
2743
1940
3266
2595
1940
3266
3266
2594
1531
3266
3266
1940
3156
2595
3266
1785
3266
3266
656
1526
3266
2009
3266
899
1535
3266
295
295
1250
3266
1508
3266
2009
3155
3266
3266
1532
3266
3266
2005
3266
2227
3266
899
3266
1944
3154
296
1540
3266
2009
899
3266
899
1218
3266
1258
695
2009
1944
3266
3266
899
3266
3266
3266
3266
3266
3266
3266
702
3266
2594
1531
3266
3266
899
3266
3266
899
1939
3266
3266
1943
3266
3266
3266
899
3266
3266
295
1506
1508
3266
899
1791
3266
2760
3156
3266
3266
3266
3156
2227
1262
899
1254
3266
2227
1532
2227
2227
3266
3266
1259
3156
3266
3266
3266
3266
3266
3266
3266
3266
2226
1942
1223
899
3154
3266
899
3266
3266
3266
3266
3266
2227
899
1264
3266
1223
3266
3266
3266
3266
3266
1526
296
2226
3266
3266
3266
2004
2004
3266
3266
3266
3266
2536
899
2005
3266
3266
1538
3266
3266
3266
3266
3157
3266
294
3266
688
1543
722
3266
3266
3266
2594
1543
3266
3266
2009
2009
1250
3266
681
3266
3266
296
3266
3266
3266
3266
899
3266
3266
1264
3156
3266
3266
3266
695
1763
1250
694
3266
3266
3266
2739
3266
3266
3266
1800
3266
2009
3266
2600
3266
3266
2595
1264
899
899
295
1945
3266
3266
3266
899
3266
2006
3266
3266
899
3266
3155
899
3266
2009
2760
3266
3266
2004
3155
3266
2594
3266
1655
899
3266
1942
3266
3266
3266
2009
898
3266
3266
3266
3266
899
3266
3266
3266
3157
2739
3266
3266
899
1265
1257
2743
3266
3266
3266
1958
2596
3266
3266
3266
3266
2743
3266
899
3266
3266
1511
1942
296
3266
2227
2227
3266
3266
1258
2002
2594
1507
3266
3266
3266
3266
3266
2742
3266
3266
3266
1218
3266
1258
3266
3266
2009
3266
1541
3266
3266
1656
3266
3266
1251
3266
899
3266
899
3266
3266
1539
