1171
216
195
1274
730
261
1275
218
655
181
823
1260
152
156
1261
931
1255
1260
284
820
849
861
244
199
784
786
863
847
1219
898
1537
840
694
273
1222
181
229
671
806
811
1265
898
212
1264
197
218
1153
782
285
804
800
681
259
227
922
255
898
279
1541
828
203
1249
660
1539
679
177
1241
722
1266
1243
930
820
272
722
182
1263
272
1268
283
880
262
1253
263
791
1259
815
1542
281
216
723
280
288
898
1261
233
294
1258
287
1281
698
664
667
829
898
840
1264
269
897
283
252
1284
917
279
661
865
687
665
1538
854
686
707
780
266
288
898
898
242
288
284
662
280
918
679
898
287
814
1262
863
899
293
259
285
843
1536
288
287
898
1537
899
831
1154
831
1218
698
785
295
291
1529
808
291
898
795
867
269
288
820
711
678
282
294
248
1263
265
806
275
691
295
280
674
1266
650
292
291
847
1138
1160
287
292
295
1535
278
1250
709
1267
804
719
293
288
898
898
1249
296
1234
294
1537
847
841
666
281
283
697
288
278
683
287
285
1540
259
249
898
810
285
722
296
668
1539
295
296
1265
291
1531
694
804
1262
289
676
1522
1246
288
898
702
787
285
293
1259
916
285
294
697
899
295
1251
290
293
832
850
825
296
722
294
919
723
675
294
295
279
284
821
276
293
285
671
280
291
793
826
1544
249
295
898
898
292
293
821
658
294
293
898
291
858
288
258
293
291
283
295
295
273
898
282
851
293
252
292
288
270
1264
704
293
857
898
296
817
293
295
289
834
266
1495
899
293
288
1539
690
722
1178
816
294
292
292
293
1119
722
1263
893
697
295
268
292
296
1105
1645
291
293
294
722
722
291
796
274
686
286
297
280
722
898
701
295
836
699
294
290
1538
842
812
293
291
718
291
295
1181
294
293
287
290
296
271
294
690
898
797
286
294
898
294
294
293
294
898
292
779
279
272
293
294
1104
699
1559
288
289
295
297
1636
1533
295
294
696
294
864
296
294
293
674
1507
297
855
294
1617
294
722
828
293
294
294
293
873
680
1506
295
290
285
292
670
293
840
294
297
1510
293
293
293
694
722
293
293
284
296
293
290
701
293
286
294
291
291
898
839
296
820
664
797
705
294
293
293
290
292
294
288
670
293
1256
899
294
670
1539
1251
899
295
2227
672
899
895
899
898
1944
899
296
898
855
722
1656
1529
2007
295
1656
673
1655
297
295
722
899
1507
722
1655
1655
2402
1655
667
898
1649
722
705
1547
683
892
1938
1654
898
886
898
899
899
1256
672
671
835
673
1654
722
791
1262
722
659
297
1657
723
803
1656
2742
1533
899
272
883
694
266
847
805
1260
722
673
898
663
988
898
701
1642
899
1654
899
1260
1508
691
697
1508
1655
896
1655
898
1655
898
295
1251
722
1259
686
723
1252
295
898
722
722
669
722
833
898
1226
899
899
1655
1656
1251
713
1780
290
722
683
722
722
722
284
703
658
722
899
659
722
722
295
1262
1943
295
294
295
659
1942
722
1515
662
672
1533
899
1541
1655
1784
899
1781
1657
916
1223
1536
1657
1513
899
1629
683
722
722
295
295
722
295
295
722
722
722
1655
1655
296
295
723
670
1657
1655
1654
898
1655
1939
1251
294
854
295
295
722
295
898
1654
1657
686
295
295
295
295
899
296
1547
1526
2759
1940
1302
899
1526
1657
1655
1529
1657
899
1657
295
683
1654
1529
295
295
295
683
295
899
1529
295
295
295
722
703
1655
1656
1654
1649
2744
1656
803
1654
899
1530
1656
2740
1656
295
295
1252
1658
2742
1654
898
1657
722
722
1654
295
1658
899
1655
657
1656
898
1656
1655
1223
1657
1657
1631
1657
1654
1536
899
1267
1655
1531
1644
1656
1657
1654
899
695
1654
1655
1656
1649
1535
296
683
899
1537
295
1259
1655
1654
893
1654
2003
2744
1656
1250
1654
1655
899
1647
1657
1656
1655
1942
1655
1654
1658
1655
1656
1656
899
1656
1218
295
1654
1250
898
722
1655
899
1268
2002
295
672
1656
899
296
899
1656
1656
1658
1654
1943
1654
1943
1657
1654
1657
1657
1657
1657
899
899
1657
1657
1657
1655
898
1655
1251
1656
1655
1655
898
923
1655
1655
1654
1535
1259
898
723
723
899
595
594
673
722
594
723
594
906
594
898
898
887
1657
722
899
898
1263
1255
898
594
595
841
887
594
595
899
594
898
898
898
1655
1654
1258
1657
1250
1655
1656
1658
704
1655
1654
1655
1655
1658
1250
1655
899
722
1657
1655
1654
723
1656
723
1654
898
1655
1656
1655
1942
1654
1513
899
1655
1655
1655
1655
1655
295
918
1944
1655
1658
2741
1655
1658
1262
2741
1656
1655
1264
701
1655
295
1655
1654
1943
1655
1655
1942
1658
1655
1655
827
1656
1656
1263
1656
2227
1658
1655
1655
724
1498
826
1658
1263
1657
1655
1655
1654
1654
1655
1654
1655
1655
1508
1256
1655
1654
1655
1657
1654
898
1657
1655
1655
1654
1654
1654
1943
1653
1654
1655
1657
899
1654
1657
1655
898
1654
1656
1658
1654
1655
1654
1658
1658
1655
1655
899
657
295
1655
594
1655
898
1654
1656
2741
1223
1655
1790
1250
1264
1655
1654
899
898
2741
1655
1655
1655
1655
898
1655
1655
1655
1655
1655
1658
1655
1655
1655
1655
295
1657
295
1655
665
898
1219
594
1655
723
1218
1655
1654
1655
899
1657
1655
1655
1655
899
2226
899
1223
1655
1655
1655
2226
1654
1655
1655
1655
295
1654
1250
1543
656
1655
1655
1656
1654
893
1526
1654
695
1218
899
1655
1657
1938
1655
1518
1655
1655
922
1654
1655
1655
898
1251
1540
1531
1250
1655
1655
1658
1657
1658
663
594
1655
667
1654
1655
1655
1657
1657
1522
1656
1655
1655
696
1657
1656
1654
1531
899
594
1655
1530
594
1258
722
594
594
899
1655
1658
595
898
594
1781
898
595
595
1655
899
1656
594
898
594
667
594
594
1657
595
595
294
673
1654
722
594
594
722
722
594
594
722
595
722
1657
662
663
899
595
899
595
886
685
1657
899
899
2227
1942
595
1536
1654
1654
1655
1657
1655
1509
1656
1258
1655
1532
1655
1655
594
1655
1655
1653
1655
2227
1655
1655
898
1655
1252
1655
1266
1655
1655
1550
1655
1654
1655
1658
667
723
1941
1657
1655
1655
1657
898
594
723
1656
899
594
722
1654
1656
899
1657
1533
1655
1657
1654
1655
1654
1642
1223
1656
1657
1655
1654
1943
1655
1655
1654
1657
1655
1655
1655
1655
1657
1656
1658
1531
1656
1655
1654
710
1655
1655
1654
1654
1658
1656
900
1507
1657
1654
1655
1655
1655
1655
1226
1537
1658
2226
656
1655
1655
1654
1655
594
1655
1657
1655
1655
1655
1654
1655
1658
1658
1253
1223
1656
1657
1655
1655
1655
1654
1655
1656
1654
1654
1655
1655
1655
899
1656
1656
1655
1655
1655
1655
898
1655
657
1551
1655
1218
1656
1655
1655
899
1658
656
1654
1656
1655
1656
1655
1654
1655
1655
1657
1531
1655
295
1655
2226
1655
1655
2003
1649
1655
898
1655
898
594
1655
898
800
1654
899
899
1654
899
899
594
1655
1528
594
898
1656
1655
806
1656
670
1655
723
1657
1655
1530
594
1655
1656
1654
1654
594
1657
1655
1655
723
1655
1657
899
1655
1655
1655
594
1656
828
1655
1657
1654
1656
1658
1655
1550
1265
2005
594
1655
1655
295
1654
899
595
1268
1655
1655
899
1655
656
1657
722
1655
594
1655
2179
1658
1655
1655
1658
1654
1654
1655
898
1655
1529
1655
1654
1251
1655
1658
899
1655
1655
1656
1550
1656
1658
1657
1655
1655
1657
1657
1266
1655
656
1655
1655
1655
1655
1656
1655
1655
1655
888
1657
1655
1658
1654
1656
1655
1655
1657
1654
1650
1259
595
1655
1658
594
1658
888
593
595
720
595
595
594
295
723
1656
595
898
595
888
898
594
594
594
594
899
1654
1655
1655
898
1655
899
2227
1655
1657
1551
1655
1655
1655
1655
1654
1657
1655
898
1654
1658
1655
2003
1655
295
595
594
1655
1654
1655
1534
1656
1507
1654
1655
1655
1655
1654
1657
1655
1655
1655
1655
898
1944
1655
721
1655
1657
1655
595
1655
1654
594
1654
899
594
1655
1655
1655
2402
702
656
1657
1658
1655
1655
899
1538
917
1657
1655
1654
1655
1657
1539
1655
704
656
295
1654
1657
1656
899
1655
1658
1655
1655
1655
1655
1656
802
1656
1655
1656
1655
1250
1655
1655
1655
1258
1654
898
2744
1655
1655
1657
1655
1655
1655
1657
1655
1654
1655
1654
1655
1655
1657
1259
1655
660
1655
1655
1655
1657
1657
1629
1658
1655
1655
1656
1655
898
1655
1657
1658
1657
1655
1655
1657
1655
1656
1657
1655
1655
1655
1658
1655
1654
1655
1655
899
1655
1655
2180
1650
1790
1655
1658
295
1531
1259
1655
1655
1655
899
899
1654
657
1655
1655
1654
1538
1657
1655
1656
1655
2179
1657
1655
1655
1657
1655
2179
1657
1658
1534
1655
899
2179
899
899
1530
898
1655
1654
1655
1656
898
1251
1655
1655
1655
1654
1657
1655
1655
1655
1654
1655
1657
1654
1654
1654
1655
1654
1654
1655
1656
1657
1655
1943
1264
1655
1531
1528
1657
1654
1655
1658
1655
1655
1655
1654
1656
1655
701
1261
1655
1655
1654
1658
1529
1654
1943
1658
1657
1654
1655
1655
1655
1655
1658
656
1658
1655
1654
1657
1654
1655
1655
1655
1655
1655
1655
1657
1656
1656
1655
1655
1656
1655
1655
1655
1657
899
1654
1654
1655
1655
1223
1654
1655
1508
1655
1655
595
1261
1655
1655
1538
1655
1655
1655
1655
1655
1655
1655
2179
1655
1657
1541
1654
295
1658
899
1655
1655
1654
1655
1656
1656
1543
1655
1655
1658
1655
295
1656
1534
1656
1655
1658
2179
1654
1655
1658
1655
1655
1657
899
1655
1530
2403
1657
1655
1657
1657
1657
1655
899
1654
1655
1655
899
1655
1657
1655
1655
1655
1655
1655
899
1657
1655
1655
1657
1654
1656
1655
1654
899
1654
1655
1657
295
1655
1658
899
1655
1655
899
898
899
1654
1654
1655
1654
1655
1657
1655
1657
899
1657
1657
899
1943
1654
1655
1655
1654
1657
1655
899
1655
1655
1654
1654
899
1508
1655
1655
295
1657
1657
1538
1790
1654
1655
722
594
1655
594
594
899
799
595
722
1655
595
594
1655
893
594
898
594
594
663
898
666
594
594
899
595
898
722
594
594
594
899
1657
595
715
594
1655
1649
1655
1655
1655
1655
1654
1655
1658
1655
1655
1655
1655
1655
1654
1654
1656
1654
1655
1655
1655
1657
1658
1657
1658
1944
594
1654
1654
2179
1655
1657
1655
1655
1541
1655
1655
1264
1538
1657
1655
1529
1655
1654
1657
1655
1655
1656
1219
1655
1655
1655
1654
1536
1655
1657
1654
1654
1655
899
1629
1658
1655
1654
1654
1655
1655
1654
1655
2003
1262
1654
1655
1655
1654
1655
1250
1537
1655
898
1655
1655
1655
1654
1655
1655
1654
594
595
1657
704
1657
1654
1658
898
898
1655
2745
1537
1656
1655
1657
1655
899
899
594
900
594
897
594
899
593
723
295
899
295
899
1655
594
594
594
594
899
594
898
922
595
594
2180
594
898
898
594
594
899
594
723
670
594
722
594
1658
898
719
1534
1218
1257
595
594
1654
1655
594
1656
1655
899
1655
1657
1658
1658
1655
1251
1655
886
667
723
1656
594
1493
934
295
595
1654
594
1655
722
1655
1218
594
899
1656
899
595
722
1655
594
1655
1658
722
594
1655
898
1546
1654
1655
1498
1654
1655
1655
1543
1656
1655
1657
1658
1658
1656
1655
801
1655
1655
1654
1530
1657
1654
1655
1655
1657
1551
1654
1265
1260
1655
724
1658
1655
1655
1655
1658
2179
1943
1655
1654
1655
2226
1655
1654
2179
1658
1656
1655
1655
1654
1655
1658
1943
1655
1655
1657
1658
1656
1655
1655
1655
1655
1655
1657
1654
1654
1655
1654
1655
1655
1654
1654
1654
1655
1655
1655
1655
1655
1656
1225
1512
1654
1655
1655
1655
1655
1654
1656
1655
898
898
1654
1655
1655
1655
1942
1656
1544
295
1655
1655
1654
1655
1340
594
1655
1655
1656
1654
1658
1655
887
594
1654
1656
1654
1655
899
1534
1655
1655
1511
1526
1655
1657
1655
898
1522
1654
657
1655
1257
1658
1655
1655
1655
1655
1657
899
1535
1655
1534
1655
1655
1656
1656
1657
1657
1653
1259
1655
1655
294
1655
1654
1655
1656
1655
1658
1655
1655
1657
1547
1257
1655
1655
1657
1655
1509
1655
1655
1657
1654
1655
1654
1498
1654
1655
1655
1536
1654
1250
1241
594
1657
722
1657
1655
1251
1657
1251
594
1655
1250
1655
1250
722
1655
1655
1655
833
1656
1655
1655
722
898
1658
1655
1657
295
1654
1655
1654
1655
1658
1657
1658
1654
1655
1657
1654
1656
2179
1655
1655
1655
1261
1649
899
1654
1655
1526
899
1655
2003
1654
1655
1655
1654
695
1655
1655
1656
1655
1656
1655
1655
1655
1655
1537
1655
1223
1654
1655
1654
1655
1655
1655
1655
1655
1655
1658
1654
1653
1655
1657
1649
1528
1655
899
1225
723
1656
1265
1658
1657
1655
1654
295
2403
1655
1655
704
899
1241
1657
1658
1654
295
1657
1655
899
1655
1264
1655
1654
1655
594
1655
1657
724
1658
594
1655
1658
595
1655
663
1654
1654
1655
1657
1655
1655
1657
1644
1655
1658
1655
1657
1654
1655
1657
1655
1657
2403
1655
1655
1655
1655
1655
1657
1654
1655
1656
1656
1656
1654
1655
1655
1657
1550
1654
2740
1657
1657
1554
1654
1655
1646
1654
1654
1655
1655
1656
1491
1655
1657
1654
1657
1655
1655
1655
1657
1655
1657
1654
1658
1657
1655
1654
1657
1655
1655
1657
1656
1657
1655
1655
899
1224
1655
1655
1252
295
1530
1546
1263
1654
1656
898
1656
1529
1655
1655
1262
1507
1650
1656
1655
1654
899
1655
898
1655
1654
1655
1641
1655
1657
1657
1654
1657
1655
1657
1655
1654
1656
1658
899
1656
1655
1658
1655
1655
1655
1656
1655
1656
1223
1655
1654
1943
1655
1658
1655
594
1655
1655
722
1655
594
1654
595
898
1654
1655
1658
1658
1657
1251
1655
1657
899
594
898
673
898
594
822
594
722
723
899
594
722
898
898
671
595
594
724
594
594
898
1655
887
724
594
887
898
664
722
802
594
595
722
594
594
594
594
898
1654
595
886
668
898
1655
722
1655
594
594
722
722
594
594
594
594
668
899
1657
1655
898
1657
1383
1658
594
1654
898
1656
1655
899
1657
1657
1658
1655
1655
594
1657
1113
899
594
898
722
1658
1655
1655
595
594
898
724
802
722
673
594
594
723
1654
595
1657
1654
595
1507
1656
1657
1657
1655
1656
1655
1655
660
1546
1655
723
1657
1655
1655
1655
2180
1654
1655
1654
1655
1654
1655
1655
1655
1507
1658
1550
1654
1657
1655
1656
295
295
899
1498
1657
1655
1655
1655
1655
2005
1657
1655
1654
1655
1654
1654
1658
1655
1654
1655
1942
1258
1655
1223
1655
898
1657
1655
1655
1655
1656
1655
1657
1657
1655
1257
595
1655
1539
1655
899
1657
1654
1655
1654
1656
1655
1658
899
1654
1655
1655
1655
1656
295
917
1656
1267
1654
1655
1654
2179
899
1539
1541
1223
669
1655
667
1513
1540
1655
1655
1655
1655
1656
2162
898
1655
1655
1655
1655
1655
1655
1642
1655
1654
801
1655
1655
1655
295
899
1655
1655
1642
1655
594
1654
1942
1655
1655
1655
898
1655
1656
1654
2179
1655
1655
1655
2740
1655
1657
1654
1654
656
1654
1654
1655
1537
1655
899
1240
1253
1533
899
2179
1657
1655
899
1655
1654
1654
1655
1658
1654
1629
1263
1655
295
1655
1657
1262
1654
1534
594
1259
1654
1657
1531
1655
1538
1655
1656
1655
1657
1529
1655
1655
1250
888
899
1656
722
1657
1655
1655
1655
886
1655
595
296
670
1657
898
1655
1529
898
594
1267
1654
898
664
722
893
1654
807
595
668
664
1657
1655
1654
800
594
673
887
1656
594
1657
1657
2226
1657
1654
1654
1657
1265
1655
1655
1658
1657
1655
1655
1655
898
1655
1656
1655
1543
1657
1655
1657
1657
1655
898
1657
1250
1657
1655
1656
665
886
594
886
1655
671
894
595
898
594
594
888
1657
594
604
709
898
724
595
898
898
722
1655
1509
594
899
899
671
899
898
889
898
669
670
595
723
669
595
665
886
594
663
595
670
594
594
898
594
892
594
898
1655
1654
898
594
1655
898
1655
594
898
899
1655
1655
1656
595
694
1655
295
899
898
1655
1655
1658
1655
594
1657
594
702
1655
1655
1654
1657
1553
1656
1650
1654
295
1655
1654
1655
1655
595
1657
1654
1655
1654
1507
1655
1655
1655
1655
1655
1654
704
1654
1654
1657
899
1654
1259
1655
898
1257
1655
660
594
1655
1655
1655
897
1656
1655
1655
887
1655
1655
1655
1655
1655
1657
1657
1656
1549
1654
1645
1543
1657
1655
1655
1655
1655
1655
594
1655
898
1657
1554
1655
295
1655
1656
1654
1510
722
1658
1655
594
722
594
899
295
594
594
595
898
898
594
898
886
899
721
594
294
1655
594
1655
595
1654
801
1655
1657
594
594
595
723
722
898
724
595
1655
594
722
898
899
594
722
595
594
594
594
594
722
1526
594
898
722
1509
892
1655
1264
2403
1655
1655
1655
1528
1655
1658
1647
1657
1655
1655
1218
1658
1649
1655
1655
1655
898
1655
1655
1655
899
703
898
1655
1655
1655
1654
1250
1655
1654
1655
1658
1654
1654
1655
283
1654
1654
1654
1654
1655
1655
899
1655
1655
1655
704
1655
1550
1508
295
1655
1655
1657
1655
1656
1655
1655
1655
1655
1943
1655
1657
1655
1655
1658
1655
1657
1655
1655
1654
1655
1654
1655
1265
1654
656
899
899
1655
1655
1654
1657
1655
1655
1656
660
1655
1655
1655
1654
671
1655
656
1655
1944
1654
1508
1655
1655
1655
1655
1654
1525
1655
1655
898
1655
1657
1655
1657
2402
1655
1538
1655
1657
1655
899
1655
1657
1657
1655
1655
1657
1941
1532
1654
1655
1658
1657
1655
1655
1653
1655
1654
1654
1657
1657
1656
1656
1655
1654
1655
2179
1498
1655
1655
899
1656
1656
1654
899
1658
899
1943
1655
1655
1656
696
1654
1627
1655
899
1939
1252
1654
1654
1655
898
1654
1655
1546
1658
1655
1505
1223
1631
1658
722
899
1938
594
595
295
595
728
722
722
898
1656
722
899
594
722
595
595
898
670
594
887
594
595
887
1654
594
594
594
805
899
594
722
899
886
1658
594
898
1654
1655
1218
1654
594
595
722
594
594
595
594
1654
594
594
594
669
594
1006
595
1654
898
594
1655
594
722
1545
1658
1261
1655
671
1655
595
1654
594
1655
294
1657
668
701
1655
1658
1654
595
1656
898
1655
1655
1536
1655
594
1657
1655
594
722
1654
710
1654
1657
1657
1655
1657
1654
1654
701
1944
1655
1655
1507
724
670
666
1655
899
1655
1654
898
722
1657
673
1509
720
594
722
1656
1655
594
1657
594
673
898
1657
887
828
721
595
631
724
801
594
594
595
898
594
594
1655
1655
669
594
1658
670
594
1656
1655
1656
1658
1657
1781
1535
898
1654
1655
1655
1657
1264
1654
1654
899
1655
1655
1655
1655
1655
1656
1657
1258
1658
1655
1655
1650
1655
1654
1655
1654
1942
1223
722
1655
1656
1654
1655
1657
695
1655
1657
1522
916
898
1658
656
1656
1656
1655
1655
1656
1657
1655
1655
899
1655
899
1267
1655
1655
1656
1655
594
1654
1655
1654
1654
1655
297
1657
1654
1654
1655
1530
1655
1658
701
1655
1655
1655
1657
1654
1250
1657
1655
1655
1526
1943
724
1654
1655
1655
1657
1655
1654
1655
1655
1655
1654
1655
1658
1655
1223
2179
1218
1655
1655
720
1655
1658
1655
1521
1655
1655
1654
1657
1654
2002
1655
898
2179
899
2226
1654
1657
723
1260
594
1654
1654
898
1655
1655
1655
1656
1657
1655
1655
1655
1261
1655
295
1654
1654
1658
1539
898
294
1655
1655
1655
1655
899
722
2179
1655
899
2403
1655
1655
1655
1655
1657
1547
1655
1265
1657
1657
1655
1644
1655
1655
1536
1256
1656
1655
1656
1218
1658
1655
1654
1655
1256
1655
899
594
1657
1655
1654
594
1657
1507
1658
1654
1218
1655
1655
1657
1655
1655
899
1654
1655
1655
1655
1655
1655
1655
1655
1656
1654
1655
1655
1655
1658
1654
1655
1250
1654
1655
1656
1655
1655
1655
1655
1654
899
898
1654
1657
1656
2742
1654
1655
898
1654
863
1657
1655
1655
1218
899
899
1654
1656
594
1656
656
1657
899
1654
2226
1656
1655
703
1657
1658
1655
1655
1655
1654
1655
660
1655
1655
1655
1654
1658
594
1655
1655
1655
1654
1654
1655
1790
1656
1655
1656
899
1650
1655
1655
1655
1655
1526
1655
1657
1655
1658
1655
722
722
899
294
722
1658
1655
1655
1223
1655
916
296
1654
1218
1655
1555
1656
1529
1655
1655
1654
899
1654
1654
899
1655
1656
1654
1655
1655
1657
898
1942
1654
1654
1655
1655
1657
2402
899
899
1656
1538
2179
1655
1654
1654
1655
1655
1258
1655
1654
1654
1655
1656
1657
1654
2179
1654
1655
1654
294
1655
2227
1655
1654
899
722
1655
1655
1655
1655
594
1655
1654
2226
1655
1655
1654
899
1657
1655
1655
1658
1655
1943
1656
1655
1658
1655
1655
1657
1654
1657
593
1551
1655
1655
1655
1655
1654
1655
1657
899
1655
1654
1658
1655
899
1526
1531
1654
1655
1223
1654
1655
1654
660
1655
1658
1941
1654
1656
1654
1655
1658
1655
1658
1655
1655
1655
1655
1655
1655
1655
295
1656
1654
1655
1942
1656
898
1630
1655
1226
1655
1655
1654
1655
1655
898
1654
1655
1655
1655
899
1655
1655
1657
1656
1655
1655
1655
1657
1655
1655
703
1655
1657
1655
1655
722
899
1656
703
1654
1656
1655
1655
1655
1943
1655
1655
1655
1657
1655
594
899
1655
1658
595
595
594
898
1655
723
898
1655
594
595
887
722
670
594
594
594
594
887
594
898
898
1657
898
1658
887
1655
673
1654
594
888
1655
723
594
594
1658
595
1657
1655
1654
1655
1522
1655
1655
1655
1258
1655
659
1655
1648
1655
1655
2742
1654
1658
1655
1657
1656
2403
1223
899
1655
1657
1655
1655
1528
295
1655
1943
1655
1654
1655
1654
1655
1654
1655
1655
1655
1658
1251
1655
1655
1654
1656
1654
1654
1658
898
1781
1655
1655
1655
1655
1657
594
1218
1654
1655
295
1655
1658
1655
1656
1654
1655
1655
1657
1539
1655
1654
665
722
1654
595
1654
1654
595
1538
1654
2744
1655
1655
1655
1657
1654
1655
656
1655
1655
1655
1657
1250
1656
1657
1655
1655
1655
1654
1657
1654
1655
1655
1251
1658
1654
2742
594
899
1654
1655
1655
1655
1655
1655
899
1658
1654
1654
1655
1656
1655
1655
1655
1534
1654
2179
1943
1655
1655
724
1655
1944
2227
1657
1655
1541
1655
1540
1658
1655
1654
1658
1655
295
1655
1654
1655
899
1658
1655
1655
1655
1656
1655
1655
2179
1655
1654
1655
1654
1655
1655
1655
1655
1655
1657
1655
723
1654
898
1655
1655
1656
1654
1654
1655
1654
1657
1655
1655
1658
1655
1655
670
1251
1654
1655
715
1654
1655
594
898
594
594
722
1654
669
594
668
595
899
669
595
1655
1654
898
594
595
671
1657
594
594
722
898
594
898
722
1657
723
673
898
899
1656
898
722
1655
722
898
662
898
1654
594
595
1655
1655
1656
1654
1657
1655
1654
1656
1655
1655
1655
1655
1655
1656
2358
1655
1655
1655
1657
1655
1654
1658
723
1657
1655
1658
1535
669
701
1655
899
1657
1658
1655
1655
722
1654
1655
1657
1654
1654
1655
1656
1509
1655
1655
1655
1656
595
1655
1656
899
898
594
899
1654
1656
1655
1654
1654
1657
1658
1655
1224
1223
1655
1655
1655
1256
1655
1657
1655
1654
1656
1657
1655
1655
1657
1657
1655
1658
898
594
1655
1655
1654
1658
1655
1655
1656
1657
1655
1521
1655
1655
1654
1657
1655
1655
898
1657
1657
1654
1655
1655
1658
1653
1654
1655
1657
656
1655
1654
1655
1655
1655
1655
1507
1655
1655
1655
1655
1655
1631
1655
1656
1655
2179
2403
1498
1658
1655
1655
1252
1654
1658
1654
1498
1223
1655
898
1655
1656
1655
1655
898
1657
1655
1655
1655
1655
1657
1657
1657
899
1655
899
1655
1655
899
1655
1655
1655
1655
1657
1655
1657
1544
1513
1655
1656
1655
1523
1656
1646
1655
1655
1655
1655
1656
1655
1657
1658
899
1658
1657
1654
1259
297
1655
1656
1655
1655
1655
1260
1655
1657
1654
1637
1655
1654
1655
1655
1250
1943
1654
1654
1655
898
1218
1657
1655
1655
2402
1655
1658
1655
1655
1528
1655
1654
1654
2403
1655
1654
2403
1655
1654
295
899
1657
1655
1654
1655
1656
1654
1655
1657
1530
1654
1943
1655
1655
1507
1655
1657
1218
2739
1655
1654
1655
1657
1655
1655
1631
1654
1654
1655
1655
1655
1655
1655
1655
1657
1654
1655
1655
1655
1943
1509
1655
1655
2005
899
898
1655
720
595
1657
1655
1655
1657
668
1654
1655
898
1655
1654
1658
1654
1654
1657
1658
1654
1654
1655
1655
1655
1654
1655
1655
1218
1251
899
1655
1658
1655
1536
1656
1655
1533
1656
1265
1534
1257
898
594
1654
1654
797
1655
1655
1655
898
1657
1655
1657
1655
1655
1656
899
1655
1655
1637
1639
1655
1654
1532
1645
1655
1654
1657
1658
1655
1655
1656
1658
1655
1655
1657
1655
1655
1656
594
898
1655
1655
1655
656
1507
1655
1655
1657
1656
1658
1654
1654
1657
1655
2180
1655
1654
1654
1655
1654
1655
1655
2004
1655
1655
1654
1654
1658
1657
594
1655
1941
1655
1655
1658
1655
1655
1654
1654
1655
1655
1943
1656
1655
1655
1655
1655
1657
1656
1655
1657
1655
1658
1655
1655
1251
1655
1223
1655
1655
898
1655
1655
1655
1655
1654
1943
1655
1656
1658
1539
1655
1655
1654
898
1655
1654
1654
1655
1654
1655
1654
1655
1655
1654
1655
701
1655
1654
1655
1655
1654
1655
899
1655
1655
1536
1654
1655
1655
1655
1658
1655
1656
1655
1655
1655
1654
898
1250
1655
1657
1655
1655
1657
1655
1657
1657
1655
1655
1655
1655
1655
1657
1657
899
1656
1654
1655
899
1655
1655
1218
1538
1654
2180
1658
1654
1655
295
1534
1655
1655
1656
1655
1544
1261
1646
839
2179
898
1655
1655
1654
1656
1509
656
692
1518
1655
2226
1654
1655
1655
1655
1655
803
1658
704
1550
1655
1657
1655
295
1551
1654
1529
1655
1655
1657
1655
1655
2179
1656
1654
1655
1657
1655
1529
1223
1655
1655
1654
2226
1655
657
1658
1656
1656
295
1654
807
1655
1654
1654
1657
1655
1551
1252
1655
1655
1250
1658
1657
1655
1655
1654
1250
1657
1657
1657
1218
1655
1654
1654
1944
1655
1655
1654
1541
1654
1654
1655
1656
1657
1655
1655
1655
1654
1657
1655
1655
1657
2179
1537
1655
899
1656
1656
1655
295
1655
1250
1641
1655
1655
1657
1535
1658
1655
1657
1658
1655
1655
1654
1655
1655
1655
1654
1783
1534
1655
1655
1654
1655
1655
1654
1655
1655
1545
1655
1655
1655
1654
1655
1656
1655
1654
1537
1655
1656
1655
1655
1654
1654
1656
1658
1655
1256
1654
1658
1933
1657
1656
1655
1656
1655
295
704
1655
1655
1942
1656
1655
1658
1654
1655
595
2227
922
1655
1655
1655
1658
1655
1655
2408
1655
1655
723
656
595
1656
1655
1654
2008
1654
1528
1655
1655
1655
1654
1655
1655
1541
1655
701
1655
1655
1655
1655
664
1654
1654
1655
1657
1655
1655
1654
1655
1655
1654
1655
2227
1655
1657
1654
1243
1655
1654
1656
1658
1264
1655
1655
1655
1654
1655
1658
1658
899
1655
1657
1654
1656
656
823
1655
1655
898
899
899
1655
1655
656
1658
703
1657
1655
1657
1654
1655
1657
1655
899
899
1655
1654
1656
1942
1656
1657
1657
1655
1543
1655
1655
