219
179
166
260
669
235
1264
727
185
856
259
648
1259
195
159
726
990
1283
788
1520
921
286
229
267
898
1249
810
257
775
1256
1251
1258
192
265
902
672
1268
893
278
920
1255
159
1264
249
657
690
708
258
664
1531
1258
684
918
1255
1533
898
1546
253
847
1264
837
1255
1260
1261
282
1260
194
898
810
265
722
826
901
863
1259
212
700
1245
1262
245
1529
272
793
893
834
1214
280
922
236
289
1220
236
698
2617
245
898
1218
832
1225
287
285
698
282
292
1508
1505
722
1250
899
898
898
1266
722
1250
870
1115
898
898
722
246
898
687
666
285
280
898
1625
267
722
839
1256
659
1534
1219
811
243
1213
1258
1216
820
291
842
666
856
260
898
1528
277
671
660
899
899
278
1550
226
1214
704
274
290
273
290
898
292
287
274
290
694
278
289
1250
799
276
1260
289
290
1538
1208
1538
921
671
853
269
833
722
722
273
924
284
1218
1262
702
1251
1539
211
267
273
699
898
294
1508
801
650
1251
669
695
657
293
702
796
1554
1251
722
291
898
287
820
876
1531
898
1260
1531
863
722
898
295
702
1538
722
293
917
294
702
882
294
898
703
289
723
662
916
294
898
1260
1263
898
669
722
676
898
1259
1546
671
292
1549
1647
295
285
662
899
1225
1656
722
1507
722
722
665
1917
292
654
829
288
675
296
899
1244
666
296
243
294
1251
657
294
1528
296
1540
839
656
722
898
1251
296
886
1539
898
1777
686
295
296
882
294
256
722
1250
1783
813
818
289
1511
722
289
703
286
869
295
722
866
830
289
696
890
296
898
666
1532
895
1537
1534
296
898
296
294
899
899
818
295
899
722
1547
722
1262
847
831
722
256
1250
288
293
898
278
279
293
296
1546
898
1655
295
276
297
1268
854
683
294
291
285
1263
294
1259
1529
1098
295
293
795
722
296
1552
284
688
1261
722
722
295
282
844
297
297
899
722
723
723
294
885
1533
289
290
1248
1534
660
705
294
663
293
825
1780
289
796
294
722
721
297
1254
294
1552
722
294
291
292
1262
863
3267
295
899
297
722
293
1656
296
823
1548
797
293
1657
259
868
295
723
669
296
294
3267
296
710
898
661
1537
662
855
687
1653
1258
294
664
296
296
289
294
1656
296
722
297
1529
295
898
295
723
295
296
2007
658
722
659
722
687
295
722
293
297
898
1783
665
295
296
1939
294
297
714
1783
803
1781
296
296
1266
294
297
798
295
722
295
1655
294
280
290
296
899
294
1252
295
898
293
1257
294
886
896
297
722
295
292
290
1653
295
1785
898
294
290
294
298
722
723
1266
295
294
898
291
722
1653
294
287
295
691
297
1225
288
294
1785
722
722
294
294
296
297
295
839
296
295
722
295
294
1225
296
2005
295
294
722
297
898
297
295
722
297
722
295
1654
295
293
1784
295
1656
294
1527
295
297
295
295
275
297
1784
292
294
296
294
293
297
806
3267
297
295
297
295
1241
295
290
295
295
295
1656
294
898
293
899
722
295
722
1532
298
1654
297
294
290
296
294
294
292
1225
1267
295
294
295
295
1780
296
294
294
1655
294
294
292
722
782
1931
296
2761
294
295
297
804
295
723
297
296
898
802
296
722
295
297
294
885
723
294
295
278
722
295
297
234
1266
295
296
296
1531
2598
722
787
1936
722
722
820
297
292
282
803
806
296
295
295
295
297
898
295
295
723
296
297
296
723
1547
294
296
296
684
1262
295
722
295
1533
1266
294
899
297
296
297
297
297
1655
722
663
297
296
294
291
282
287
295
296
898
1781
722
296
1781
297
722
855
297
1264
1267
295
871
297
297
722
722
294
800
297
722
253
294
1535
294
1548
297
3266
295
297
296
1261
296
277
294
293
1218
294
295
294
297
294
1782
295
295
297
292
722
297
296
295
297
295
713
663
297
722
295
1266
898
295
1527
297
297
3266
294
296
294
1504
295
293
1656
296
722
699
294
290
293
295
806
295
1654
297
899
1654
671
722
294
294
1506
296
723
297
2007
297
296
295
295
296
294
722
898
294
296
294
722
659
1781
722
296
297
665
723
297
296
722
722
700
295
294
722
296
297
289
1654
888
295
294
294
294
3266
296
295
1252
295
294
2004
294
297
294
721
867
294
275
270
1655
295
295
725
295
294
722
854
1507
294
294
298
664
1226
671
898
296
295
1256
1534
297
294
1657
294
295
1510
3266
295
294
292
296
1654
1657
294
295
296
297
295
1783
295
294
1241
722
295
295
295
295
297
1782
723
294
723
722
1251
3266
294
297
1657
295
294
1655
294
697
701
691
294
294
296
660
290
1649
723
294
294
1545
295
296
294
294
1656
1784
294
1259
296
297
294
294
802
297
295
294
293
294
680
295
882
819
838
1266
1552
1259
1265
1261
1259
723
295
296
273
294
291
1657
1655
295
295
294
1654
292
1778
296
296
295
294
294
1555
297
294
811
294
294
294
1529
295
295
294
294
296
292
295
293
294
1509
1513
297
294
297
1653
798
295
297
1250
722
296
294
1656
1657
297
1250
295
873
722
295
294
296
295
1652
296
297
673
295
2005
2759
294
1551
296
295
1218
1654
295
1938
294
295
1251
295
296
298
830
1784
298
296
295
264
675
295
297
281
295
693
296
295
1656
1655
295
295
800
295
295
277
293
1214
899
292
2226
722
295
294
898
295
1523
722
295
290
711
898
281
294
294
296
294
1531
297
722
295
294
2402
297
293
294
297
898
670
723
294
722
284
296
3266
892
297
294
722
294
275
292
722
722
276
810
294
294
722
921
1656
1498
294
297
295
1652
1261
898
723
295
797
680
294
833
898
294
1657
295
298
292
722
297
294
722
653
294
723
722
292
722
898
710
722
1782
1779
708
296
297
295
888
892
294
3267
295
296
295
297
722
723
295
722
296
297
669
297
1251
1752
703
825
297
295
294
294
290
1527
830
295
297
295
295
876
297
296
296
295
666
296
295
892
653
294
295
722
666
295
722
294
296
295
722
294
3266
899
295
295
296
722
294
297
722
295
288
294
294
297
297
293
664
297
898
661
294
297
257
294
296
278
722
662
722
722
1256
723
295
294
723
294
295
296
1656
806
294
296
923
1225
1218
297
723
294
295
692
295
292
898
294
295
288
722
287
297
722
798
2008
294
294
297
296
921
297
298
271
848
295
295
1651
295
296
723
1656
294
295
1539
722
1656
899
295
297
294
288
898
294
294
295
293
722
710
292
293
292
296
292
293
722
1250
295
297
296
292
294
679
292
1519
294
294
296
802
294
295
297
294
292
294
272
1656
295
294
722
294
294
296
296
722
722
898
722
292
722
1783
686
797
899
295
722
663
723
295
295
294
275
199
887
295
292
296
290
294
296
722
294
662
296
722
818
1443
891
295
296
296
294
1541
722
297
297
723
296
295
294
295
296
2003
294
297
723
294
723
1266
295
876
1656
888
829
293
296
295
283
1543
297
295
290
1656
1782
297
297
898
298
296
1492
295
295
722
294
662
294
292
896
294
294
295
295
1535
295
294
295
295
701
295
296
297
722
294
832
255
704
294
295
722
296
296
296
297
292
295
294
295
294
722
296
296
799
1654
295
1535
656
295
295
799
296
294
293
898
296
294
294
296
295
290
295
293
294
722
295
295
297
294
723
296
297
294
284
722
291
295
798
295
297
668
294
296
296
798
898
297
297
294
296
1256
722
799
295
1654
297
296
826
294
295
297
1657
296
879
297
297
295
296
723
872
297
297
297
295
825
297
297
294
898
295
1550
295
2227
295
899
722
295
296
293
722
294
292
290
1657
294
297
2735
292
295
293
294
289
295
297
266
830
294
296
294
663
295
295
294
800
297
294
297
297
295
895
296
297
294
295
1250
295
705
797
297
667
293
719
295
295
295
292
798
297
296
898
722
1533
295
294
1934
722
1294
297
671
1510
296
295
722
294
295
294
297
723
722
722
292
661
722
294
722
212
1251
722
898
723
722
699
297
722
898
295
295
722
653
1774
295
723
297
1655
297
294
296
294
281
1257
722
1656
295
1547
3266
294
294
722
722
296
285
722
295
798
293
1218
295
297
294
295
288
722
295
722
294
722
294
297
296
297
295
897
722
295
296
296
295
1259
295
297
295
295
1650
295
297
296
273
294
867
295
723
723
295
722
296
295
1551
722
297
2006
294
294
899
722
295
296
295
898
880
898
297
295
296
723
293
720
296
294
294
294
294
1258
898
793
288
296
295
899
295
294
294
898
858
722
297
295
898
297
296
722
722
297
297
295
898
297
861
296
722
296
656
1930
296
290
295
297
683
298
1656
296
1656
296
296
1784
295
297
294
294
288
295
709
294
293
722
297
694
294
294
294
294
294
707
296
297
295
295
294
290
663
297
295
295
296
723
297
722
834
1267
708
798
294
295
294
1251
297
295
295
297
1655
1784
297
296
294
273
296
1542
1530
295
294
898
722
294
296
297
899
297
828
295
296
297
722
291
722
297
722
296
295
722
295
722
297
297
805
296
297
254
898
722
705
297
295
802
1654
296
294
722
297
722
898
294
723
296
295
293
3267
295
295
271
1250
294
294
722
296
722
898
294
722
897
803
296
292
3266
294
295
295
298
657
295
723
1656
295
294
296
723
1538
722
297
853
295
294
295
1656
295
292
291
295
724
297
1653
295
722
722
899
295
899
898
722
1784
898
295
292
297
843
690
295
298
294
296
899
295
722
296
297
297
296
722
722
702
295
723
297
898
722
295
295
284
1657
297
1655
295
899
297
295
1266
296
294
295
295
667
295
294
297
257
869
1259
703
297
296
295
294
712
295
294
294
722
811
663
722
899
296
722
697
893
294
295
722
898
711
830
898
260
296
799
722
722
2227
1657
296
294
723
722
297
672
1551
295
294
722
295
1782
295
295
294
2005
295
294
295
1776
1532
670
882
297
296
1653
1250
295
294
1263
1262
295
296
294
295
294
294
723
722
295
722
722
295
295
898
296
294
296
898
295
295
898
722
295
291
722
298
295
722
297
296
295
722
297
296
1534
295
295
683
295
296
296
1528
295
297
722
723
899
294
297
669
295
294
722
295
1940
295
1655
294
294
899
294
296
722
295
295
288
1259
295
295
722
295
296
293
295
898
289
898
295
722
1258
722
799
297
722
722
1922
295
283
1656
296
295
295
277
294
297
1780
293
899
798
1655
295
297
295
295
296
1251
722
295
297
1654
297
296
295
294
1657
1653
295
294
1656
297
683
723
722
296
294
296
283
722
295
296
294
273
1655
824
3266
866
723
294
295
722
268
275
818
683
296
722
899
295
281
790
289
1552
802
672
294
295
295
3266
1782
296
296
295
688
294
297
1784
295
1656
297
1657
295
1218
297
297
295
295
722
296
295
295
1263
295
296
1657
297
296
294
294
274
1656
702
298
295
1656
1656
295
1250
294
294
1261
298
295
294
1225
838
1264
297
1122
295
1264
1655
798
295
295
296
294
297
1264
297
295
787
722
294
291
294
670
294
296
297
297
294
710
295
294
296
295
295
662
670
720
296
297
295
898
2004
294
722
723
295
294
798
294
296
899
899
294
296
723
293
294
666
722
1226
294
296
291
291
722
722
293
295
294
666
818
898
722
272
294
295
280
295
888
297
294
899
722
722
296
294
294
289
675
295
294
292
722
295
293
2742
294
294
1264
297
297
296
295
2595
296
297
297
899
297
294
294
1783
295
295
1264
662
823
294
829
294
296
722
721
294
295
288
723
297
294
294
294
722
292
296
293
1511
295
296
294
287
204
159
839
841
686
1532
1250
1774
722
874
296
295
295
297
3157
297
1513
295
294
898
297
294
294
294
294
1509
295
295
293
722
1533
296
294
1253
898
292
1251
1218
723
807
715
710
898
296
294
707
295
297
276
722
898
722
898
722
898
898
899
1652
3266
295
2005
295
656
1510
297
296
296
294
1654
1265
1784
296
297
898
297
295
294
656
898
296
822
722
705
294
294
898
295
297
294
1782
297
277
297
698
840
723
296
294
297
295
1783
723
866
706
1268
295
293
689
294
285
704
297
864
294
294
289
295
899
296
696
1251
674
297
295
294
291
287
295
294
291
287
222
167
297
283
257
292
296
692
723
1655
297
723
295
1653
293
1225
295
296
296
278
294
899
295
294
802
295
296
661
295
297
296
286
295
1656
295
1655
295
887
1781
294
295
799
296
294
1654
294
295
722
296
295
798
1782
294
293
294
1647
295
722
288
257
295
295
889
296
722
899
296
297
295
722
297
723
295
294
297
860
722
722
294
295
295
288
295
898
295
294
799
295
297
288
898
668
294
886
295
297
706
722
722
295
898
296
917
296
1941
296
296
294
295
283
722
722
722
1225
295
1944
297
294
297
1218
294
295
293
662
1941
294
657
296
285
701
296
295
292
283
289
257
1250
1540
293
898
295
699
1510
297
283
297
296
296
281
297
277
295
898
899
296
295
292
296
883
294
820
294
295
292
275
677
295
297
297
296
296
287
703
689
296
295
296
296
290
251
723
294
295
297
296
295
832
294
689
294
295
296
296
898
295
295
1245
723
296
1257
868
701
798
295
2005
1655
295
1651
656
296
295
809
295
722
295
1545
296
1546
297
294
296
294
722
723
840
1257
295
297
1252
297
297
1655
296
679
2008
297
1782
297
297
295
1935
722
898
1655
297
294
1784
1544
1539
296
290
1657
296
297
652
1531
1266
1932
295
295
295
722
279
295
723
297
3266
294
297
296
292
1655
1932
295
295
297
294
868
1510
295
1782
293
722
297
899
295
296
798
294
294
293
2004
294
1655
1267
298
1655
3266
1250
829
297
294
294
1657
861
294
295
1532
1778
1657
2001
1656
297
1654
295
292
1756
294
295
295
294
722
294
277
295
898
678
295
723
294
916
3266
294
295
296
293
722
899
293
722
722
294
722
898
295
799
295
295
294
722
296
723
294
285
899
294
294
296
294
297
722
294
294
294
295
294
898
723
887
722
722
294
1934
1653
294
898
722
295
294
292
1647
295
722
294
294
294
899
294
294
722
1657
296
296
292
722
722
722
723
898
722
722
722
297
801
294
898
295
295
296
292
720
296
292
296
869
723
899
296
594
296
819
296
295
930
295
722
297
667
295
295
713
295
293
722
295
295
296
279
722
722
294
294
723
295
723
294
722
722
297
295
293
722
296
295
722
828
800
826
296
296
1782
296
296
295
293
295
294
292
1782
296
1656
1781
296
3266
1784
296
293
274
1262
723
701
722
292
291
294
283
295
294
268
702
276
723
297
691
296
297
889
296
295
722
296
297
296
722
291
294
664
1654
294
294
295
838
297
297
297
898
294
295
295
296
297
294
284
290
296
296
255
295
722
898
297
298
723
296
296
1250
1263
240
292
296
297
1252
298
296
295
296
294
292
294
2005
295
296
296
296
798
295
295
293
293
722
297
1260
294
1547
293
297
296
801
297
295
1655
295
294
297
298
296
295
295
295
1655
296
1654
295
295
296
295
292
293
3266
295
295
297
292
1260
1529
899
297
297
295
1654
293
1785
296
297
296
295
1260
295
296
296
296
1224
1264
295
1257
1250
295
1655
1655
898
296
692
297
295
295
1782
1656
291
297
722
292
1539
297
289
668
890
295
295
295
295
1522
295
667
296
898
297
1218
296
295
685
1547
1656
1779
722
297
296
836
295
293
296
1266
296
899
296
294
898
284
296
296
668
669
296
1541
294
293
723
296
295
828
296
723
293
1656
296
295
296
298
296
298
722
1539
870
260
295
297
1250
1266
295
899
293
292
798
899
291
297
295
295
852
295
1654
298
296
3266
295
295
294
722
296
298
1264
295
723
821
295
297
1269
296
292
838
723
294
294
1658
295
294
845
292
293
296
3154
295
295
722
898
723
722
1225
696
295
722
704
295
296
297
697
722
296
296
854
295
294
721
296
296
296
296
899
722
295
296
234
295
290
293
295
1529
722
296
295
1654
295
295
867
298
1250
294
722
296
788
297
1250
295
295
2006
297
296
292
296
1655
296
297
801
294
1655
297
295
296
295
838
295
1654
296
1783
296
297
876
293
847
295
295
295
293
1657
295
1781
297
297
295
296
296
723
294
1941
296
297
297
296
1656
298
295
1257
1656
298
289
295
296
294
845
295
296
898
796
1653
294
296
296
298
1259
786
295
297
1250
296
295
1258
295
871
296
1256
295
294
291
295
294
290
1547
296
297
722
298
1751
899
295
295
296
296
1783
296
294
297
296
294
297
1544
899
298
297
295
296
292
898
296
1779
296
296
293
296
296
3267
297
1551
295
293
1250
295
1782
296
292
1223
298
296
295
294
1265
298
1781
297
296
293
665
298
1260
723
296
296
295
1655
295
1251
296
298
298
669
298
292
295
722
1251
295
294
898
898
295
898
886
295
297
282
856
296
296
1530
723
1656
297
296
296
294
296
722
898
297
295
289
292
1261
294
295
1251
298
666
898
722
297
295
291
296
297
296
296
295
294
295
1225
722
292
898
296
295
1506
295
294
899
1225
293
723
722
296
298
294
916
1250
296
295
1656
872
294
284
295
1266
1654
295
295
666
296
292
295
296
1250
295
291
1251
296
296
2851
296
296
297
898
855
298
1781
297
297
296
297
722
295
295
298
296
298
1655
296
296
847
1224
297
295
295
1653
295
1651
298
1655
296
296
722
287
296
800
1266
295
664
293
295
722
296
297
297
296
294
722
295
297
295
1251
297
296
295
1654
295
298
722
722
1532
1225
1782
1657
297
707
295
286
296
293
1250
669
296
653
295
296
295
295
244
723
878
723
295
295
294
293
723
295
294
293
294
825
296
294
294
297
295
790
298
295
296
296
297
722
295
898
1263
1253
297
722
297
833
685
296
293
295
295
295
289
294
297
899
885
295
1656
297
278
297
1250
295
723
297
295
898
722
295
295
1226
296
298
296
659
293
663
294
295
294
295
722
898
296
286
296
722
297
656
296
296
1226
297
1780
296
296
297
286
292
1655
296
296
1655
295
295
296
296
295
296
294
296
296
1250
296
297
916
295
295
295
1262
684
295
295
297
1268
2007
294
2020
1654
296
296
722
898
295
722
296
297
722
665
295
295
298
295
296
296
297
297
296
1221
1250
297
296
295
295
294
723
722
723
296
723
672
295
717
722
294
297
295
898
295
295
722
297
1225
692
295
722
295
874
295
290
295
722
296
295
894
295
722
723
296
296
296
295
297
1553
663
297
295
295
295
1250
1655
1655
296
296
296
295
295
1530
294
296
295
296
295
1552
1784
295
294
295
1785
295
1940
1257
295
296
296
837
295
296
1530
295
297
1261
295
1939
296
295
916
298
295
807
283
298
296
295
295
1264
1784
298
1550
3266
296
899
875
294
297
712
296
805
296
898
668
295
889
1655
295
1218
295
1655
847
295
295
669
294
1653
723
899
722
295
294
295
871
294
295
722
289
829
295
899
296
294
898
667
296
295
1241
297
295
723
295
688
295
296
295
722
1654
295
295
297
1550
1544
297
663
840
297
899
722
1655
295
723
669
295
297
295
295
1785
296
294
296
899
296
683
294
295
295
288
1782
295
298
295
888
298
295
295
296
898
722
723
295
296
825
1225
281
294
1654
295
295
924
295
296
293
295
1654
296
296
1225
1261
298
296
297
296
296
296
1250
839
1266
297
294
297
297
296
296
295
296
296
295
297
295
1771
899
296
296
296
295
1783
296
295
295
295
296
814
295
297
288
788
684
801
283
795
278
294
297
297
296
1255
295
1781
1265
296
295
298
297
847
295
295
296
276
296
1250
1262
295
296
293
296
295
295
297
296
295
846
295
296
683
295
295
696
296
293
844
297
297
656
296
295
295
296
1250
296
722
296
297
295
296
295
296
295
296
294
295
1656
722
296
296
296
295
295
723
295
723
722
297
802
723
669
295
298
892
295
899
1781
295
1491
869
1262
295
722
295
295
296
295
283
293
722
296
295
899
663
802
297
295
657
293
723
296
1652
1655
295
1225
683
1654
722
295
1655
296
1543
3266
295
295
655
798
293
675
293
818
295
295
2494
899
294
295
1536
1510
3267
295
295
1653
919
296
296
294
294
297
851
294
1262
294
660
1655
297
296
297
296
295
722
898
722
1224
296
297
1266
1655
295
293
295
294
294
297
296
287
1783
297
1654
298
297
295
882
296
295
295
295
294
296
898
295
295
899
295
296
296
1657
295
296
1657
297
295
806
295
298
899
1257
295
1532
721
295
295
657
1655
295
295
295
297
295
295
295
1250
1533
289
294
296
723
295
1218
1781
297
296
295
295
1543
296
292
1261
295
1528
296
296
296
722
296
295
296
297
295
898
293
296
295
296
898
295
722
294
296
1550
295
722
295
792
297
296
722
1225
294
899
294
296
295
294
722
298
296
280
295
1654
295
723
298
295
295
848
2006
295
297
295
298
295
298
295
1781
296
1655
296
295
1527
296
1510
296
296
1547
296
298
292
1250
1542
1655
295
701
296
295
296
295
297
296
297
295
1241
298
1654
296
297
669
667
1250
1783
1251
295
295
297
680
295
296
298
1781
295
1654
292
295
298
295
295
297
295
295
294
1785
296
296
899
295
295
723
1781
295
296
295
296
723
723
295
297
295
1654
296
296
885
295
294
295
722
296
296
294
722
722
683
295
295
798
1266
656
295
722
1256
1220
295
296
1259
295
295
295
295
296
295
295
1657
295
296
295
296
295
296
295
297
296
295
295
295
295
296
294
296
296
296
296
296
886
898
1256
1218
1265
874
296
1941
296
899
297
722
295
298
296
292
722
296
295
294
293
293
683
296
1266
295
294
294
1780
294
294
295
295
1656
298
294
3266
1655
295
294
295
1547
1535
295
295
293
297
1263
837
1653
297
296
693
1656
295
295
295
296
296
298
683
683
295
298
295
296
297
293
1781
297
296
1261
296
296
1654
295
798
292
1654
295
812
295
298
1506
877
296
296
295
287
721
723
723
297
296
709
296
297
898
297
297
294
1534
295
898
296
296
295
1654
295
294
681
1250
295
295
723
899
297
874
297
295
296
295
295
723
1531
898
723
295
296
680
1781
295
1253
295
294
1250
297
1225
297
1251
295
1257
298
1656
297
297
1656
293
296
295
294
296
295
292
293
1654
1655
296
295
1498
295
295
295
294
296
297
295
917
295
294
295
296
295
295
296
2736
296
292
295
296
295
296
294
723
296
297
297
722
294
722
294
295
722
296
297
297
866
296
722
722
722
295
895
295
295
722
1250
2008
295
293
802
294
723
293
297
595
298
1251
1781
295
1655
722
296
857
723
722
702
722
687
295
898
293
703
294
297
293
295
297
295
723
297
1785
298
665
295
297
292
295
293
295
295
296
1654
296
295
296
295
295
296
294
2006
1251
295
879
722
899
677
293
293
722
292
663
294
722
665
853
898
723
899
670
722
899
898
722
3267
703
2005
898
3266
2590
801
3267
3266
1218
1654
899
722
594
962
829
722
1545
1529
899
3266
296
722
723
899
3266
723
819
899
818
1264
723
2003
1534
296
3266
722
722
898
3266
899
898
898
722
722
3266
2008
295
2475
1542
723
3266
2004
3266
1533
722
887
825
703
723
290
723
3266
3266
722
828
1530
1531
801
899
722
801
292
1265
3266
2741
3266
899
723
723
3267
3266
842
722
293
722
3266
1656
723
1538
3266
2007
1225
694
861
1498
3266
899
899
295
290
723
1269
1508
722
874
3267
1783
703
3267
295
295
1784
294
722
723
899
294
723
703
722
722
722
723
722
899
688
723
3266
2005
1656
2466
3266
723
885
666
1785
2595
822
3266
295
2594
1940
2003
1506
868
842
3267
825
3266
1260
1507
847
1540
1223
1557
2002
1269
3266
295
3266
799
1261
294
2005
1250
898
798
700
3267
869
1218
1250
899
702
1522
295
722
884
3266
2007
824
293
1218
692
899
898
3266
671
290
3267
2025
295
702
693
722
821
2227
722
898
662
797
899
1264
2227
1259
797
3266
886
656
681
1525
295
1548
722
894
3266
3266
899
689
1251
296
722
663
723
722
722
664
886
2595
3266
3266
898
1262
2597
3267
298
722
656
2742
1220
295
292
281
282
868
295
2005
1942
898
3266
2004
656
2595
3266
1258
1241
2593
2003
3266
3266
887
2558
293
798
1251
294
1942
1548
1218
723
898
1250
723
857
2587
2004
1534
722
899
722
3266
3267
289
1241
722
1268
899
1225
879
298
1549
3266
798
289
3267
1550
3266
3266
2595
843
3266
1656
805
3266
830
3266
1781
3266
695
1531
1781
1536
1657
1223
1261
294
295
1250
852
3266
2005
722
3266
887
693
671
2003
856
293
661
683
1550
295
3266
295
295
297
679
296
1246
3267
296
295
295
294
295
681
672
1264
295
1655
295
296
294
295
296
721
851
1510
295
296
1266
1262
295
3266
3266
3266
851
1508
2006
841
797
899
1530
798
1256
2005
1656
1940
723
899
3267
722
722
830
872
815
1253
3267
1548
899
723
2605
1656
1251
1531
873
3266
1251
898
891
723
684
2005
3266
723
2227
723
714
3266
1535
722
2005
1260
798
722
1942
3267
287
2003
2004
1939
1225
3266
3266
1250
1259
1258
723
722
723
2006
674
2591
1265
1257
3266
722
898
898
899
723
799
274
696
295
1267
2007
1538
722
3266
1530
2759
664
723
2005
898
1530
3266
3266
1223
2006
899
1545
2591
722
723
290
2629
3267
898
1218
1780
1652
2741
3266
1541
1529
1522
3266
871
3266
3266
1654
2005
702
1209
722
722
899
878
898
872
922
855
1252
297
3266
802
1253
1782
1553
1533
723
677
830
1268
2994
722
870
295
1802
898
697
702
797
722
798
798
1258
899
1252
898
722
722
2759
722
722
722
918
721
722
2227
3266
3266
2005
3266
692
3266
290
295
1250
3266
723
723
3266
704
722
1654
2227
687
722
1989
899
722
276
3266
892
3267
1940
916
707
3266
722
722
897
899
802
722
722
3266
898
667
722
3266
3267
859
722
1532
671
722
875
656
298
1942
722
1250
1250
886
2005
1264
898
3266
1521
1652
3267
3154
1226
887
800
798
1533
899
3266
1781
2009
3267
657
2742
1772
1510
704
678
296
296
287
292
293
292
296
3266
723
1518
833
899
295
814
887
3266
1526
1256
3266
1656
898
1218
3266
3267
722
683
723
296
682
2227
3266
294
3266
723
1528
3266
722
719
898
1941
3266
295
294
1538
291
3266
3266
1265
843
704
722
1251
1259
1780
877
898
722
723
665
295
722
664
1555
899
722
2594
1527
827
665
920
722
898
1944
722
3266
722
722
887
722
723
838
898
294
676
871
2004
877
810
667
294
722
722
722
827
1961
3266
867
667
3266
899
3267
656
1225
723
721
665
722
1266
3266
2004
2594
2227
1527
1656
722
898
722
683
1544
703
660
293
882
889
2007
898
2008
722
3267
685
294
2003
295
2007
829
1556
3266
798
1261
1550
1535
3266
3266
1546
292
1511
899
722
898
1941
876
898
1250
1944
1540
898
853
722
290
722
828
295
2227
3266
1250
682
798
296
290
3267
899
3267
722
856
722
814
722
293
723
3266
916
289
295
297
2005
674
295
286
683
295
722
898
3266
1250
2757
3267
3266
1242
1264
722
722
722
884
722
849
899
723
295
722
1534
1544
722
722
677
722
895
899
801
673
722
2006
799
920
295
1259
804
2006
723
722
899
802
2004
899
287
853
295
898
1940
3266
1507
3266
869
899
1553
1250
882
3266
916
657
879
799
722
2227
723
1264
1226
1543
813
898
2005
723
722
722
796
1263
3266
3266
296
923
3266
2005
3267
2007
3266
294
292
3267
3267
2594
723
849
878
883
898
891
723
3266
872
827
1538
656
1262
1939
856
802
1960
722
678
722
3267
722
2004
1539
2004
3267
660
289
1942
722
804
2006
1510
290
1256
1251
291
862
1260
722
722
798
721
1940
1544
296
296
294
722
1268
296
297
1218
296
2004
297
296
295
295
2005
295
295
296
799
296
295
898
722
1224
701
298
1779
1653
295
1214
295
660
292
833
875
1657
845
722
297
296
3266
295
295
825
683
295
297
1216
679
294
681
1556
295
899
296
723
297
295
296
295
669
296
295
297
295
295
288
722
1530
1657
722
292
722
722
722
722
663
664
710
891
1260
722
2227
2227
1259
3266
723
703
722
294
722
2005
899
2743
1267
1252
702
723
722
657
295
1263
3266
656
3266
898
722
722
1259
723
723
898
891
3267
1535
293
295
723
841
2005
1783
295
3266
3266
295
3267
1252
722
295
295
1259
899
916
295
1541
3267
1257
3266
289
1530
898
798
898
722
898
722
665
1655
3266
899
898
2003
723
1250
866
1556
722
695
723
722
722
665
723
678
898
1250
899
722
1226
1542
723
722
1225
722
889
3267
3266
3266
3266
1261
802
1535
3266
3267
3266
1531
1224
1528
723
3266
2005
294
287
683
1224
3266
1226
834
799
888
295
2007
2003
1247
3266
3266
1551
2005
879
1265
723
2003
723
296
801
2744
721
722
1225
722
664
717
3266
722
704
2005
723
1541
798
3267
899
895
722
3266
798
680
3266
722
879
670
1353
722
295
722
2227
3267
1507
3266
898
2227
667
898
898
3266
1225
2598
3266
723
802
2590
2005
2004
1536
2003
3266
1540
3267
723
2003
879
3266
722
722
722
890
687
723
898
1260
798
686
683
1250
1248
3266
899
844
3266
2594
656
1251
886
722
1532
1769
1225
656
3267
2007
3266
3266
722
2005
1942
674
292
2590
722
3266
3266
722
1225
871
1257
1542
723
3266
886
3266
916
1784
843
1527
3267
3266
2004
722
2595
3267
3267
3267
3266
1250
918
2005
722
899
1252
1265
830
899
660
862
1537
2003
683
1264
2594
876
1251
674
722
875
722
899
285
876
664
814
683
723
1259
723
295
683
3267
1654
3266
2592
295
294
2746
722
2004
664
297
722
722
1264
295
1655
296
722
1262
295
297
1225
1267
298
295
722
722
296
295
297
722
297
296
818
298
298
897
296
295
296
1783
722
294
295
295
671
296
296
295
722
1266
296
297
296
293
822
818
899
1654
296
898
661
297
295
665
296
722
1534
295
295
1552
295
295
1654
851
297
2005
871
722
1501
1260
899
882
797
722
861
834
1540
722
2007
822
3266
723
2744
679
1260
2595
898
1263
879
807
722
293
810
2227
1657
899
803
296
2003
294
2007
898
294
724
722
722
1250
1533
1537
698
295
1259
3266
3266
1529
722
2227
723
884
898
1467
723
3266
1779
3157
702
665
871
723
894
898
652
722
1260
694
898
898
723
722
2227
3266
1538
1259
1492
682
3266
1779
842
1251
295
3267
868
2742
2005
1506
882
899
295
899
722
875
898
883
899
664
898
295
1224
797
898
664
722
881
898
898
1656
1942
1534
3266
686
722
3266
2596
295
656
660
1520
1262
665
3266
3266
1550
3266
2003
722
268
3267
3267
1260
2592
1529
723
1782
824
2227
722
669
722
1541
804
2005
1508
3266
1251
3266
723
3266
1221
1262
2005
1657
815
722
293
700
872
1267
1653
3266
722
723
898
723
898
899
798
722
2005
899
1245
291
656
917
899
295
3266
899
3266
899
723
3156
295
860
294
280
296
670
2004
669
722
722
722
664
898
722
829
722
823
722
1339
292
723
1259
1651
868
295
294
3266
3267
2003
1263
798
1528
722
1218
1940
899
2739
1940
3266
801
667
723
674
895
722
722
899
722
1546
882
3266
723
3266
1527
1923
2004
2534
899
722
722
1511
3266
1655
899
297
683
822
295
702
867
923
297
298
295
295
796
294
295
273
1265
881
1554
295
704
295
292
294
722
296
294
295
297
722
295
297
296
295
722
295
899
296
296
295
297
722
1550
280
294
721
296
298
1250
296
675
297
801
295
296
295
899
295
1656
898
723
295
898
290
295
722
296
293
298
295
291
669
270
722
722
296
295
874
294
295
297
1267
295
1783
295
291
898
296
296
297
295
295
295
711
294
294
723
296
1250
1655
298
297
683
295
294
296
1536
295
1655
296
297
295
296
296
1250
295
297
298
298
296
1783
295
3266
296
295
296
297
847
1655
297
295
294
295
692
295
292
295
294
668
292
1529
3266
1552
702
1256
1250
293
1652
1781
3266
2594
3266
1553
1654
871
899
899
882
722
722
723
660
3267
2005
899
872
293
2587
3266
1252
1267
800
289
899
663
1555
722
721
860
1529
856
1544
723
3266
802
703
1265
1536
3266
722
1533
1797
3267
296
702
899
722
2590
722
722
2003
2595
799
1529
3266
722
293
722
2009
1785
723
722
3266
1251
671
722
723
663
1783
722
1539
878
1509
825
295
1654
3266
1491
899
3266
296
3266
2006
1656
683
1657
722
1529
797
2227
3266
722
916
723
2594
922
3266
831
1536
722
722
722
296
802
723
2226
802
1526
868
798
2003
703
669
1548
1534
2227
723
1784
3267
723
1532
2005
1942
1539
1655
1252
295
723
888
879
696
3267
722
297
722
722
898
821
723
3266
657
3267
1224
1264
2593
722
3266
1940
2470
722
885
795
722
722
825
668
898
1259
295
3266
3266
847
3267
899
2527
273
1505
1257
295
1256
688
3266
3266
1219
898
885
1376
722
283
681
887
898
722
922
1234
812
3267
1784
1537
722
2006
722
296
722
1262
898
722
722
1528
723
2595
1785
1781
293
899
1258
899
3267
1656
295
3266
296
296
722
292
293
665
1263
295
295
295
294
869
798
295
1656
844
293
899
1533
3267
2741
1515
1530
921
1250
723
899
898
1218
798
694
722
1225
722
899
683
1250
291
722
898
659
669
1940
834
722
294
670
896
825
898
1534
722
722
899
722
722
722
886
2762
868
3267
3266
826
289
1258
723
716
722
295
1549
805
295
1531
885
723
1218
899
722
257
723
899
880
723
1250
851
296
293
898
704
2004
899
722
667
722
285
1254
294
1492
1241
2007
2003
1531
1218
1507
822
3266
882
1534
680
656
723
723
895
899
703
296
2003
3266
3266
1780
852
899
806
2003
1548
1780
1225
295
3266
3267
3266
722
3266
3266
3266
656
898
1261
295
722
723
1552
1507
3266
872
1508
2003
886
1264
1257
3266
3266
666
2852
722
1537
2005
1491
297
293
295
257
288
2741
3267
3266
295
899
3266
819
898
1251
922
2003
298
722
292
3266
1266
3267
1222
1654
672
702
3266
1250
1551
899
873
704
835
876
899
2226
712
722
803
898
1510
683
722
3266
918
704
723
1532
3266
1656
825
285
3266
722
722
867
868
293
697
667
295
898
800
295
292
1264
295
1508
1250
845
284
295
297
2006
852
1265
701
296
295
822
296
295
595
722
1781
297
295
291
296
293
295
296
294
681
296
297
718
294
655
294
296
722
2004
723
1223
922
297
2009
2005
2003
1545
3266
722
801
1266
898
2005
683
920
1256
3266
1250
296
723
826
899
899
298
899
260
722
2005
2004
2004
2594
1223
3267
869
1962
722
1223
722
292
722
898
2020
287
2594
3266
1656
3266
3266
1800
2003
898
3266
1543
3266
1532
3266
899
1944
875
722
685
657
1265
295
3266
722
3266
829
723
887
702
1251
890
3266
1226
294
898
672
892
2003
723
3266
1943
852
2005
1223
3266
678
2025
3267
2004
898
722
1536
666
297
667
887
1258
664
722
2003
3267
1251
2005
844
3266
3266
840
1250
898
722
2227
888
662
2178
2005
296
899
897
3267
3267
293
3266
1251
683
800
702
699
682
2005
690
722
294
722
3267
2007
1257
3266
3267
1251
3266
1542
2587
1218
899
667
898
3266
686
295
679
898
2006
2003
1258
3267
899
2008
1250
868
3266
3266
3267
1250
3267
3266
722
3267
722
3266
2227
706
297
899
1784
1552
3267
3266
722
2009
3267
722
1257
3267
3266
877
722
1536
887
898
841
1961
1656
899
899
898
1549
722
722
722
1532
801
2005
1258
3266
899
2008
844
3266
704
898
1224
698
703
297
722
667
722
293
722
924
722
721
899
722
825
807
723
1418
293
297
899
1250
809
899
669
665
2008
722
295
298
1654
1260
2746
723
3266
3266
817
2003
723
687
827
683
843
1246
3267
1506
294
1257
919
2006
834
3267
3266
1253
722
819
722
2004
899
2007
722
663
722
1258
722
679
798
1530
1533
865
709
295
2003
2741
3266
2740
2003
1254
898
2745
783
683
722
722
896
722
1218
899
2005
722
286
3267
723
3266
1655
722
722
680
807
3266
3266
722
722
2007
669
722
695
898
702
722
890
1546
2740
2470
2007
3266
2005
722
3266
687
899
2005
829
720
1251
895
722
722
858
723
1250
3266
1263
2595
3267
1942
1218
899
1218
1653
3267
2594
817
3267
854
1654
722
879
868
686
295
3266
296
295
296
677
1266
295
899
293
295
291
899
295
295
296
1261
700
292
1535
295
296
898
295
1657
295
295
1253
1268
722
294
286
683
296
1785
293
294
296
294
295
699
2600
1538
662
898
722
722
701
856
3266
1510
295
3266
1939
722
1538
3266
704
722
722
3266
1226
2594
899
3266
296
3266
1545
1527
884
1517
1772
3266
1250
1509
1731
3267
293
899
297
899
295
3267
1538
295
3266
1535
1531
3266
806
2004
294
294
702
294
273
289
295
258
294
292
295
296
295
293
290
916
295
296
296
296
297
295
702
298
297
670
296
296
722
298
294
863
1250
296
294
672
296
295
723
286
898
297
802
722
295
293
296
293
691
295
669
295
294
723
1783
296
295
295
296
722
722
295
1785
294
295
296
290
2737
2003
1264
898
1554
3266
2005
887
899
843
898
722
898
295
720
722
1540
2594
2005
1553
1548
1530
1263
722
2227
2005
723
1218
3267
297
1654
1225
660
289
722
1507
723
723
672
1785
898
898
722
848
1257
1226
3266
1943
2526
2006
1261
919
824
1262
1251
899
2741
722
681
683
296
1218
3266
1553
846
868
3267
704
295
653
718
722
283
899
722
723
846
1250
1655
298
2004
899
722
722
668
888
723
1252
295
723
2004
3266
1528
848
1218
1218
1257
1537
3266
1226
2005
699
1257
1251
2004
841
667
899
722
2125
297
898
830
3267
2005
827
1509
3266
3266
1224
722
824
3155
722
2739
683
296
1549
2003
3267
1251
1262
1539
1254
899
921
1655
295
3266
1534
2006
833
2003
825
292
3266
2004
722
723
722
799
722
657
723
1265
723
869
2024
1265
722
1218
3266
3266
722
1549
296
2004
1261
722
722
1944
879
896
918
1492
1225
2745
295
855
839
1534
3266
1262
295
1491
802
1782
1225
898
1545
1528
659
1536
3266
2007
1941
665
1507
1654
1223
1528
861
722
295
802
2005
3266
1508
3266
723
3267
296
723
2227
899
898
665
293
899
1258
295
899
886
722
722
3266
722
722
662
898
722
1943
702
1534
722
2003
843
1265
1263
295
1262
1504
721
802
625
899
722
3267
899
722
722
2226
888
898
899
3266
3266
722
865
295
1225
1225
235
2006
3266
3266
829
803
1542
723
295
3266
723
722
868
845
295
3266
3266
2005
723
722
296
899
722
886
898
702
722
1782
660
1781
722
288
3267
3266
1264
3266
1491
291
723
807
722
898
1260
899
696
722
723
3266
295
1936
594
723
293
1654
1257
836
1268
1537
2007
284
723
722
722
722
664
1532
2740
1262
899
1250
722
722
722
722
1266
3266
3266
1960
797
3267
1250
3266
2005
1225
2594
3267
2006
1802
722
898
2602
723
2004
1535
1251
882
721
864
899
898
722
287
722
1225
815
722
1261
722
899
722
722
886
296
888
722
1547
723
679
723
722
812
722
722
898
296
1941
689
722
1535
3267
722
898
898
294
722
687
1250
798
722
797
2003
888
294
898
1539
722
722
723
722
3266
1262
1250
3266
1657
3266
3266
722
1263
1260
704
722
899
1544
3266
2832
723
3267
796
1256
1535
1943
3266
722
722
723
723
898
722
1241
1538
3266
2003
683
1267
1264
1250
722
1248
722
295
722
295
1536
894
1250
698
1526
877
667
1259
1801
722
1226
894
1245
722
899
2178
263
722
3266
3267
1258
1782
3266
3266
1554
852
294
1535
869
722
898
2004
296
296
295
296
1783
295
294
1250
293
296
824
296
1257
722
899
3266
295
722
723
2004
722
722
668
898
2227
3266
3266
2004
1532
916
2003
1223
3267
800
1265
1653
1492
258
899
797
653
899
679
2006
899
800
3266
1254
897
899
802
1262
718
722
1260
296
899
712
1266
1263
3267
831
2597
1934
1533
722
722
1943
795
2004
1631
664
722
1933
681
722
679
292
2742
722
1537
831
803
722
722
673
295
294
295
1933
722
724
1941
802
1512
1933
3266
918
3267
1942
682
1509
670
288
1764
295
293
296
295
294
295
297
297
296
816
293
295
293
293
295
286
1224
296
688
258
699
799
1785
298
297
1261
296
818
295
297
899
294
292
293
298
295
1264
295
293
899
722
295
298
898
888
296
1545
665
297
722
297
868
292
1530
296
723
296
297
722
296
295
296
830
297
899
295
296
296
295
722
1655
284
295
3266
296
1656
723
294
295
662
293
684
295
295
898
898
1498
723
296
817
295
297
295
1540
295
296
292
293
1262
294
1225
837
803
295
668
297
295
296
297
1208
295
297
672
296
296
295
899
295
297
290
722
722
1537
662
294
295
296
662
295
295
298
701
722
295
839
295
722
293
1265
297
1266
1263
295
722
296
296
1262
1655
296
296
871
663
296
295
296
1655
296
297
899
295
1656
722
296
297
295
296
899
722
297
296
1529
1654
295
296
723
296
899
297
279
934
296
867
722
722
1655
298
296
291
1528
289
293
1529
298
1656
295
296
1266
868
295
295
255
295
294
878
295
827
1550
650
297
296
295
662
295
295
295
295
1538
295
802
296
1655
294
296
297
1225
898
296
296
296
296
297
295
295
295
851
1265
295
295
1783
297
870
295
296
295
295
722
294
898
898
295
294
722
296
291
295
294
1656
296
295
284
1546
1532
295
722
1549
1654
296
295
1218
295
899
876
297
295
899
261
1224
898
296
888
1780
275
1657
1655
294
298
297
870
898
1268
1250
844
294
294
844
296
293
1250
899
298
295
288
898
722
296
295
1259
296
296
295
296
294
1654
294
295
289
3266
295
295
292
296
696
722
295
293
294
296
1225
288
1250
1539
295
292
1250
295
723
680
295
294
655
293
799
1251
295
296
297
295
295
296
296
295
1250
1655
296
295
297
295
296
296
296
1658
295
296
297
295
723
295
296
295
295
295
295
295
295
296
296
297
294
653
295
855
295
296
296
295
295
293
876
1266
1782
296
295
297
296
295
298
298
898
795
295
899
296
295
1655
296
295
295
1781
296
723
1656
297
798
295
295
295
295
298
295
1783
296
295
1654
848
722
296
1655
295
296
1654
293
296
297
1256
1654
294
296
295
899
296
297
295
899
722
1504
296
296
295
298
288
293
295
295
292
295
294
295
293
297
723
298
296
1783
298
722
289
1262
295
722
296
295
296
1654
295
296
1223
295
296
294
1249
295
295
1527
1656
295
866
297
296
296
295
297
1259
295
1262
295
296
1656
1656
295
295
296
899
1258
864
297
723
294
295
296
295
295
295
296
297
282
296
679
1656
296
296
296
689
295
296
1250
1250
856
1244
897
1256
297
294
296
296
298
295
296
296
296
296
296
1533
1654
295
295
295
295
296
899
296
798
295
296
292
296
722
296
297
1545
723
295
295
295
675
295
298
295
296
295
296
294
297
3267
295
298
296
802
297
295
1253
295
295
296
296
295
297
1225
683
722
1549
722
297
295
295
1782
295
1785
292
296
1656
296
296
295
295
295
1250
295
295
1251
290
1226
1655
1528
296
295
1654
292
295
296
296
1243
297
298
1655
295
295
294
295
295
295
1785
1656
1250
295
295
722
864
295
1257
294
1535
295
295
1655
297
899
898
722
898
722
1540
295
288
1538
722
703
722
723
722
712
898
2003
801
2003
880
722
723
722
1479
291
813
723
3266
899
716
3267
3266
1218
3267
2003
2594
1261
3266
2005
2008
898
722
722
667
722
722
278
722
1226
723
1260
722
804
2466
247
1262
296
1266
723
722
1542
1942
722
3266
2008
918
723
918
840
1264
3266
1654
798
296
292
723
1261
723
1225
816
1530
1524
673
722
723
295
666
723
671
285
292
722
3266
1531
294
899
3267
723
3267
295
831
2003
1654
296
257
723
722
3266
3266
294
1940
799
3266
886
3267
2006
722
2004
2589
809
1256
722
722
722
3266
898
1262
722
722
2003
722
1508
879
2006
660
828
680
886
723
898
872
3266
1518
2003
3266
843
831
2227
1549
1251
1537
2007
288
1241
2004
293
296
291
827
3266
3266
3266
3266
3267
1506
723
899
1538
3266
2005
1268
1509
293
722
722
1541
1244
2227
2003
1508
287
683
295
238
722
722
1266
861
1508
3266
1532
1939
1509
722
824
899
1251
3266
834
722
3266
3266
722
2467
722
722
3266
3266
1509
2025
787
722
822
294
864
801
722
722
722
899
898
3267
803
2589
839
3266
2003
3266
2005
3267
2007
1552
3266
296
3266
3266
2005
722
295
839
295
2740
1263
899
899
722
895
657
711
1258
723
723
722
722
1221
722
1253
722
723
722
722
1780
722
671
668
722
723
847
295
291
898
1547
898
295
898
1260
2007
1218
3266
871
1544
1530
2004
1257
3266
884
3157
898
818
663
2003
722
281
251
882
1095
897
1246
1527
3266
660
830
916
2739
3266
723
898
722
844
2596
722
2227
3267
898
296
864
261
3266
868
3266
840
3266
821
843
3266
701
1507
899
688
294
898
1250
899
3266
1532
899
806
1778
3266
3267
723
722
723
802
3266
3266
3266
2003
1218
1932
722
1536
2571
1534
1263
1538
1257
3266
2783
3266
1218
1251
3266
3266
1257
296
722
722
2227
702
723
1529
2598
845
3266
847
2005
1939
842
798
1251
3266
1532
3266
1263
294
723
1251
1226
3266
679
722
722
893
3266
3266
668
1532
701
2591
3266
899
1251
3266
3266
722
3266
722
1938
258
1540
295
295
290
828
801
886
704
722
723
294
297
895
1262
2494
656
722
721
723
722
722
3267
723
722
2006
703
296
2005
722
1548
723
293
723
1263
295
297
1224
295
3266
3266
1258
1265
2742
1223
1218
3266
297
3266
874
722
292
722
1533
800
722
1509
1225
840
3266
1538
722
1259
1547
722
1538
723
899
845
855
1262
3267
1218
3266
899
1250
821
899
1509
3266
1544
3266
3266
3266
846
291
1218
701
723
2007
3266
899
882
888
722
722
704
692
297
1222
892
295
723
722
898
841
788
1256
898
723
294
2004
722
662
1266
722
3266
1253
1553
295
293
1260
723
1263
723
723
722
291
899
723
864
889
1781
723
701
3156
1530
668
898
722
665
666
899
257
288
886
2006
1259
3267
295
2004
723
3266
1218
722
669
899
668
671
711
3266
663
1503
295
723
1258
1225
2227
1538
295
808
290
887
293
798
1252
722
898
2005
702
898
295
711
669
898
721
898
3266
2006
704
799
722
888
722
893
3154
898
722
3266
898
1256
657
2227
3266
1257
2003
3266
296
798
3267
852
1526
1265
1944
3154
3266
3266
898
2006
1536
899
868
804
2760
2004
2004
1261
3266
1534
1250
1265
823
898
723
2003
3267
3266
1260
1540
899
1944
840
3266
899
797
667
673
666
665
723
595
1263
832
722
898
722
795
1226
898
898
710
2008
704
722
678
723
899
922
3154
1263
670
899
2008
2494
3266
722
1528
898
2740
1251
296
295
1780
287
295
722
722
698
722
722
703
722
848
898
821
1531
722
1512
3266
799
1225
1800
3266
2005
722
2594
2007
1647
2003
868
3267
1504
1537
2595
1543
2006
3267
3266
3267
294
291
1507
1240
294
294
295
3266
295
1218
295
297
293
3266
898
671
294
722
286
295
667
723
2005
1782
656
3266
723
723
898
898
668
295
899
294
3154
2004
695
898
273
898
2227
722
893
290
900
899
289
663
898
722
898
722
722
1657
1654
722
722
918
797
1501
1260
3266
2746
296
3266
922
722
664
3266
843
3266
2003
3266
2742
1535
2745
1261
706
723
722
722
1544
888
671
887
722
3266
3266
1545
3266
3157
3266
922
3266
2003
2005
3266
723
2006
1261
1218
1226
1549
3266
722
850
722
1225
790
1259
295
898
722
297
1785
295
298
722
722
1550
295
722
722
297
888
818
293
295
291
899
295
295
290
295
290
722
842
292
865
851
1252
296
292
290
295
294
295
296
722
296
296
296
296
297
298
298
1656
296
295
295
296
294
296
830
898
722
898
722
276
295
293
723
294
295
824
294
296
298
298
297
898
295
296
296
683
683
295
1654
297
294
1532
692
1259
3266
723
722
3266
1545
3266
3266
1226
867
2004
3266
1539
723
722
688
867
683
3266
798
297
3266
2005
3266
1940
722
669
871
258
2006
866
297
702
722
722
670
722
1267
851
2495
920
3266
2603
3266
703
898
692
898
683
1250
703
722
657
699
722
1537
296
802
666
722
802
833
723
2744
922
723
898
2227
1783
284
796
1940
844
923
2003
723
1259
723
722
704
2226
1933
293
2466
702
887
722
3266
2592
723
723
899
660
899
1260
723
290
722
295
865
664
251
722
723
799
723
898
887
886
296
1627
1541
723
722
887
1264
722
722
2739
3267
3266
798
2594
898
900
722
722
683
870
2588
2594
3266
681
286
2005
3266
1943
898
2004
2594
3267
2227
722
1943
916
2005
2006
917
899
898
722
722
295
899
1540
887
2594
3266
3266
899
722
690
3266
899
1940
705
722
899
674
898
899
868
1261
3267
722
722
3267
898
2003
722
293
1536
1223
3266
296
2760
722
899
3266
1539
297
1261
723
1526
882
677
1261
295
798
1549
1539
292
1509
698
869
723
3266
295
723
297
1257
295
297
295
287
899
296
296
722
296
1263
2226
724
722
722
1544
3266
854
3266
1218
722
3266
1225
3266
3266
874
898
722
1259
889
722
798
700
295
723
679
1251
841
722
1943
1657
814
1250
3266
805
2466
1530
722
2598
3266
1267
3266
1223
3266
722
722
3266
899
722
3266
1541
898
2003
3266
722
1226
297
3266
798
1510
3266
723
2005
295
847
2594
702
2227
296
295
664
785
722
704
722
722
722
676
2986
1545
805
2004
3267
856
1655
296
660
849
1540
723
1261
3267
1252
899
1267
2004
1551
864
1513
1547
3267
723
898
672
722
722
722
899
852
2003
2591
2741
3267
3266
826
3266
1224
3266
722
295
2004
1509
723
873
275
295
673
294
282
284
722
665
295
296
860
295
279
295
295
1250
1267
295
798
2742
868
1257
296
297
295
296
297
295
297
1785
296
297
296
296
298
296
1781
297
296
295
295
297
1653
295
297
882
295
295
296
722
297
295
298
668
296
290
297
722
884
723
663
295
296
297
295
295
722
295
296
283
295
899
296
295
295
294
793
296
296
296
297
1225
293
722
1780
1225
296
295
296
296
297
296
295
3266
298
296
295
1547
295
296
293
294
722
1225
286
3154
722
1250
704
665
899
898
1555
798
899
722
676
812
287
722
898
1657
860
722
722
722
3266
898
1535
294
886
872
296
3266
297
1218
1551
899
3266
1251
3266
2005
3267
1250
859
898
296
722
722
1250
3267
3154
294
295
723
722
285
670
723
245
799
898
723
723
898
2005
898
296
722
721
292
798
2006
1657
799
702
898
696
287
293
284
295
899
295
865
294
722
295
287
722
898
295
663
722
297
897
723
922
664
295
722
722
292
1225
1259
1257
2227
899
1654
3266
899
3266
294
685
295
2009
899
292
3266
1962
1538
1528
3266
296
295
1223
898
695
899
1219
899
1941
722
722
1539
295
1509
1654
294
293
1536
698
295
889
295
285
1552
898
722
722
898
1225
898
899
3266
898
295
3267
899
898
889
800
295
255
687
887
723
723
3267
891
889
722
921
722
3266
3266
1241
2590
899
687
2006
294
292
1551
723
1225
700
257
899
666
1525
722
3267
1250
296
1266
3266
294
293
3266
1260
2005
1657
2003
294
723
1942
918
1537
723
2743
846
723
871
295
666
722
1527
295
669
899
722
296
1225
898
723
696
670
1255
1251
295
1260
722
886
2226
1790
290
799
842
1533
244
3266
1527
3266
2594
3266
2003
723
898
898
1224
899
2004
1526
1531
688
3266
798
722
799
3266
722
293
1267
898
722
723
1250
723
1913
723
801
723
1517
827
698
1938
918
898
899
891
722
2004
722
864
1528
293
1551
3266
918
3266
722
898
722
722
898
670
722
2735
3266
3267
898
3266
722
723
680
898
294
898
296
722
3267
722
665
1752
3267
2596
3266
828
3266
899
1263
722
1258
798
723
668
898
898
804
722
1267
295
3266
899
1263
921
1555
1546
288
1939
294
872
1507
722
897
723
1226
890
2227
877
665
888
802
826
805
689
722
898
723
723
2741
295
1250
289
3266
1525
861
3266
1533
785
1782
1250
722
722
693
815
1553
663
669
899
895
3266
841
724
723
1249
295
293
1535
899
2004
1257
1548
2001
1245
1503
898
3266
723
722
295
1251
1223
3267
723
3267
1657
1241
3266
722
2003
3266
722
899
2006
1257
722
874
888
2009
899
1264
296
1536
3266
2007
1256
3266
722
688
722
723
3266
1492
3266
843
291
1545
1784
723
898
1258
3266
1491
822
1529
830
1550
802
3266
297
2571
1537
899
722
722
1540
722
664
811
699
722
797
722
295
704
296
1527
1782
1225
1782
848
297
722
723
687
895
722
882
723
830
722
710
723
1875
723
808
723
723
293
2226
3267
850
3266
879
722
1223
722
1220
1942
294
805
2741
3266
1505
293
1258
295
1656
295
295
295
292
722
722
296
1656
295
298
663
290
1655
297
296
701
802
595
296
295
873
1263
295
294
296
295
298
723
295
1535
898
854
722
662
293
3266
292
282
297
295
291
298
1264
723
1262
295
1555
815
688
828
1225
843
722
3266
848
1257
1545
2594
2742
885
703
1257
294
722
799
1491
284
879
886
722
723
2004
3266
800
3267
723
3266
3266
3267
686
921
3266
3266
3267
685
1942
702
723
669
723
723
844
722
666
294
898
809
722
1542
870
702
2743
3266
1549
295
1218
703
722
724
664
825
795
663
269
804
898
1257
3267
2744
3267
295
1545
1538
1653
899
293
3266
898
899
663
898
670
295
899
680
1223
3266
3266
297
292
1220
856
898
1655
1554
1264
3266
3266
2594
722
294
898
1945
3266
1265
1942
1250
665
722
1508
702
672
888
668
1533
723
899
899
667
2227
678
673
722
834
3267
290
2004
2962
722
2585
294
922
899
722
805
722
899
2005
805
898
704
665
722
722
898
722
723
898
1540
822
722
900
898
663
722
898
898
692
723
1521
787
2006
3266
723
1539
3266
723
1250
798
1529
723
1261
872
293
1535
669
2476
877
1656
1780
898
898
889
898
801
807
798
722
851
667
706
898
798
723
3266
3267
2007
848
2594
2004
1782
1225
722
282
3266
1784
1943
1223
3267
3266
868
1539
804
294
697
295
722
899
898
1251
899
295
1531
722
3266
3266
3267
797
722
1530
723
1251
833
292
3267
3266
1260
3266
1782
285
3266
2742
2466
294
2004
1655
723
1782
1261
664
1943
292
1509
2741
2741
294
830
293
686
295
2025
887
1782
1252
294
871
871
683
295
3266
839
3266
1262
722
722
798
898
666
899
722
3266
862
1538
2588
656
826
672
666
884
718
889
872
663
1218
1251
2004
2741
680
789
3266
1545
722
3266
3266
3266
2009
3267
3266
2743
294
1248
1538
1250
3266
3266
1548
1535
798
2006
1226
722
898
297
898
3267
722
723
3266
1785
1262
1251
297
1268
294
867
1267
723
667
1261
723
722
895
891
871
1783
806
2594
899
2004
868
656
3267
1656
1940
2003
2595
798
869
1257
1536
1496
852
3266
1783
842
1257
841
882
722
723
722
1251
722
2590
1250
2594
1265
1532
722
722
723
723
723
3266
1256
899
703
831
297
1252
1532
722
722
722
723
722
1554
1942
686
295
1788
3267
822
1545
2006
2742
722
2597
825
1654
1522
1654
297
1656
295
291
1510
277
3266
3266
2025
3267
2003
2005
1250
841
3266
2004
295
869
292
1225
688
690
1258
3266
3266
3266
862
798
1251
835
1510
825
2006
288
868
256
898
702
294
295
294
295
296
688
722
898
722
887
295
2740
722
290
722
294
887
848
722
803
256
247
1265
665
3266
846
723
2712
296
295
887
298
722
723
297
270
723
295
295
898
722
298
722
297
723
1253
288
296
295
1251
1541
294
297
295
722
722
296
295
845
295
296
298
296
1548
295
295
296
1656
298
296
295
296
1266
295
295
297
898
722
723
722
663
296
295
296
723
295
722
296
916
722
1240
839
294
722
723
294
296
292
296
292
722
297
717
723
899
699
296
295
297
293
871
1257
295
722
898
297
295
286
290
295
294
295
722
297
296
296
1785
295
297
898
282
294
1656
295
296
295
723
298
296
722
296
290
294
295
293
294
1266
295
793
296
295
295
296
295
295
722
295
891
296
297
297
295
1551
701
1258
296
295
870
290
292
703
1225
297
296
297
297
297
1655
296
295
722
296
295
297
1262
295
297
295
295
294
292
898
298
297
798
298
722
1265
296
296
658
296
701
296
1225
692
898
294
295
666
295
1251
719
297
296
1225
1258
295
297
294
723
296
899
723
297
1252
295
295
722
297
291
664
297
298
296
722
297
244
297
294
296
1218
298
297
296
295
722
297
657
296
298
295
298
1654
295
295
296
295
297
722
294
298
916
296
296
837
295
295
296
295
871
295
297
296
295
1264
298
296
297
296
296
297
295
1655
1654
296
296
842
298
1225
298
296
1654
723
295
295
668
296
298
722
295
297
297
899
296
294
294
833
878
296
295
1654
1250
669
294
296
1782
298
1537
295
799
723
722
899
296
297
295
887
294
296
878
295
297
297
1250
296
898
294
295
297
298
3266
297
296
697
888
1530
294
699
295
899
295
295
297
295
1250
295
287
284
862
291
296
722
297
721
296
295
295
298
722
722
295
294
917
297
296
295
294
722
296
838
722
294
722
298
1259
1656
1655
1655
723
297
295
689
1260
296
1657
295
1657
296
295
723
295
296
297
664
294
297
295
297
294
294
722
297
298
1655
296
297
296
298
298
297
723
298
296
1655
1656
295
295
297
296
295
883
851
723
296
877
295
297
1533
293
1654
867
295
296
290
294
294
297
1262
295
296
1218
296
723
296
296
292
296
722
722
818
295
293
295
1785
296
296
294
723
275
792
294
295
702
297
295
292
296
3267
294
295
295
296
3266
295
296
295
3267
297
294
296
297
3266
296
296
674
818
297
860
1785
296
295
295
293
297
680
1657
296
297
814
295
296
298
868
899
797
722
295
293
287
296
295
797
1655
296
295
722
1226
1783
295
295
293
296
899
297
294
793
293
297
297
295
296
296
722
291
295
295
297
296
829
296
296
297
295
723
294
295
296
295
296
296
1654
825
295
295
296
297
297
295
297
679
295
295
296
1223
1266
1263
1656
295
295
298
297
1654
854
296
722
296
296
1656
1554
295
298
1262
295
289
1655
298
1538
297
295
293
296
293
1782
295
1250
297
292
297
298
1218
295
296
296
1779
722
296
295
296
1266
295
847
294
295
295
296
297
669
3266
722
888
700
722
899
668
723
722
1250
295
792
666
295
898
3266
703
722
898
723
670
670
898
842
916
1225
278
1267
899
1256
722
1263
833
899
3266
899
2182
722
898
868
2007
3266
800
3266
1529
2595
722
664
826
258
723
295
2466
824
1218
3266
2007
2590
722
1251
899
674
722
673
722
919
662
723
899
295
722
790
2003
722
803
723
677
2006
722
255
720
722
2006
1524
1529
3267
1783
295
722
1241
3267
660
722
2595
723
722
663
722
816
1542
899
722
296
295
2226
1944
2003
899
798
802
258
898
3267
1246
899
722
3153
722
722
1223
723
2227
3266
869
3267
3266
1261
3266
3266
3267
3266
3266
796
1250
899
1251
1268
879
722
895
665
722
1257
3266
3266
867
1226
3266
1263
1506
669
1945
799
294
660
293
722
1266
2162
722
899
898
722
722
723
722
297
806
722
853
899
723
1509
668
3266
787
723
660
3266
1252
1253
3266
867
803
687
2743
3266
826
3267
722
667
899
722
1538
3266
1257
688
722
3266
916
1251
3266
899
871
722
1267
1224
244
2595
2004
1250
723
3266
821
3266
1534
3266
1252
2007
3266
2594
2007
1218
1782
1544
722
722
3267
722
722
898
3266
856
294
827
798
898
295
722
2227
2004
3266
660
899
704
666
897
898
859
258
1943
2516
3267
2741
684
3266
722
798
289
666
844
722
1251
722
1225
1251
722
722
722
2226
847
723
2027
2480
1548
3267
2006
723
3266
701
702
898
289
1263
595
886
1507
865
722
722
898
722
1527
2483
860
3267
1250
1250
1533
801
699
898
1257
898
1262
899
1250
3267
3266
1218
1550
898
1241
1656
1266
1261
899
1943
701
722
3266
2019
2005
3267
703
721
3156
723
1534
691
2005
1544
1548
899
798
898
3266
723
898
2003
723
3267
873
665
293
1757
882
2227
722
1553
2226
1268
3266
3266
1782
3266
3266
3266
1657
684
295
2004
1555
722
1939
722
828
3266
3266
1218
293
3267
3266
703
3267
294
801
676
1526
697
294
1554
296
723
2594
899
286
723
722
1535
3266
1257
898
898
723
899
2005
2594
3266
804
683
723
885
3266
1250
2591
797
722
722
1530
2728
1260
295
1256
3266
882
995
722
825
889
899
887
898
899
898
898
3266
853
723
293
798
675
294
1266
666
898
899
722
899
722
898
1259
1534
1780
1256
722
1537
723
694
722
722
670
1528
722
898
889
875
680
815
816
286
296
294
294
899
296
295
295
295
694
290
295
672
294
294
294
294
1550
295
723
1530
296
296
722
294
295
669
723
298
296
668
1264
661
889
923
295
722
252
296
1779
293
1781
295
722
1253
295
295
3267
291
295
1257
295
298
3266
295
2744
295
267
686
722
293
291
294
278
1266
722
801
295
882
898
291
295
792
294
722
722
297
296
292
722
297
722
295
295
297
1160
296
1255
294
722
295
294
297
722
663
1226
3266
895
799
793
295
723
811
898
722
3266
899
1784
801
898
722
899
802
722
898
2003
667
723
722
1522
2003
798
277
1529
1268
851
2009
294
807
294
835
723
276
289
291
294
296
856
722
898
722
681
664
294
724
923
2006
2025
295
1264
294
1225
693
864
1264
1250
2601
1261
1251
1218
898
1552
722
722
595
722
722
2007
1532
860
722
684
1532
285
701
294
723
2004
722
804
297
722
722
1225
1224
798
723
819
722
1509
898
898
1509
865
2227
722
898
899
722
803
1510
2008
815
295
3267
1218
1262
3266
875
722
722
722
723
723
295
723
898
898
893
2007
672
723
722
2005
895
2227
663
290
722
283
899
2178
295
898
2003
722
1267
846
722
1538
826
294
2003
661
2005
872
2003
868
1262
295
723
678
898
861
294
2008
722
898
2227
846
722
722
722
721
723
722
723
898
722
1534
722
295
294
1262
1547
844
722
666
701
722
667
1264
668
663
723
723
1654
865
1509
3266
3266
1549
1257
1262
1534
2227
2000
1656
289
3267
871
2740
2595
722
3266
3267
846
657
1263
703
722
722
242
1225
722
722
3266
802
1250
2596
844
675
804
1258
3267
1250
3266
3266
722
898
899
289
723
3157
1257
272
3266
3266
660
3266
296
672
722
1263
3266
1542
3266
882
722
844
723
1544
1782
723
3266
3267
2006
898
878
898
917
2004
799
869
1656
1550
1262
3266
1783
899
1257
1266
3266
2004
3154
1510
291
1532
879
1262
3266
899
1544
859
688
1507
257
1945
3266
898
1943
295
683
899
722
1523
297
297
899
1223
296
298
1655
899
899
296
294
287
296
3266
296
297
295
295
1653
296
1538
291
899
1783
297
297
844
296
293
295
296
294
805
295
296
294
899
1241
295
1528
297
298
296
295
1251
295
295
297
297
296
722
660
661
1653
293
295
722
1656
296
1252
295
1266
298
294
873
295
1784
723
297
294
296
722
721
296
798
296
1225
1654
295
295
296
898
296
723
296
295
1529
295
800
722
297
712
295
296
296
683
722
296
295
1538
1320
294
295
295
1535
298
293
276
296
722
688
3266
882
723
723
1259
3266
3266
294
722
869
1252
3266
799
723
3266
899
3267
1218
3266
3266
828
722
3266
1531
722
722
1263
295
2005
864
2596
3266
3266
899
3266
3266
1798
2007
922
1655
1538
2005
722
3266
3266
723
880
899
898
1529
795
594
806
1547
1540
1492
898
1224
703
293
1537
870
1540
3267
722
722
722
868
791
1799
3266
899
2005
1259
1654
217
1263
296
661
2745
2740
678
295
3267
667
2003
1251
3266
722
3266
722
722
3266
1534
722
695
724
789
1259
722
1251
295
898
664
595
722
3266
3267
1226
819
722
2002
1266
723
1941
255
723
722
661
898
899
853
899
3267
3266
1511
899
722
3267
899
889
899
1932
1550
722
722
808
656
210
722
722
722
1607
1218
899
722
722
847
723
2744
722
723
1943
1785
722
1785
686
1259
704
723
864
3266
2003
722
898
872
834
1539
290
1943
723
2005
797
723
1528
3266
804
294
293
704
703
293
898
722
1267
674
898
1263
295
3266
899
3266
683
830
1257
806
1251
295
297
801
296
293
280
1259
1257
3266
846
667
3266
722
1218
723
1554
887
660
796
723
2004
2759
722
3266
3266
3266
843
3266
298
1538
899
1532
722
252
899
294
3267
1258
898
805
1264
3266
1656
899
1781
3266
872
722
722
1253
899
801
689
270
257
3266
3267
807
1218
1538
875
844
3267
1504
804
1259
822
3266
847
2003
1529
296
1546
899
843
684
295
899
3266
884
888
880
666
666
1264
723
295
722
1262
722
722
816
898
888
723
1261
1633
867
723
888
899
887
1939
2007
723
899
704
722
1539
295
722
722
2637
898
898
1549
722
787
823
652
723
899
296
722
809
297
891
3266
1261
1252
1534
1250
703
722
691
722
865
1218
722
898
1257
722
1542
3153
2007
1264
295
2005
1553
722
802
722
722
1518
3266
2005
723
722
830
722
2227
884
829
722
886
723
898
722
2004
798
1261
723
723
2595
1266
722
653
1257
2004
722
875
3266
1536
1261
1259
3266
3266
723
722
722
885
673
722
802
1223
1218
1250
298
293
723
297
2492
826
1540
3267
1539
723
807
722
296
896
898
3266
2227
702
2744
3267
1256
2004
2760
3266
3266
3266
2594
1491
703
898
723
879
665
293
722
2227
898
685
3266
3266
1250
1256
3266
723
676
1219
723
3266
722
899
802
2227
722
3266
891
1266
828
3266
798
1657
722
722
1225
722
3266
882
1382
825
594
723
717
294
1225
242
1267
1225
290
871
294
2003
295
1226
659
1784
1257
1942
1256
667
1507
723
298
1654
296
722
899
1250
295
294
832
884
295
871
683
296
681
697
289
1530
294
293
889
1221
296
1251
295
297
1554
297
298
1656
295
295
1251
295
296
298
3266
3267
1265
688
723
722
799
295
694
3266
1256
1541
1544
1532
1526
1657
1250
3266
722
722
2227
660
722
722
3266
2739
3266
705
722
296
858
721
1549
722
1252
701
722
722
722
722
2007
722
702
842
723
295
852
825
695
3266
823
706
722
691
2004
887
295
921
3266
1260
1221
2593
723
1795
898
3267
723
1265
295
683
1260
297
295
897
722
665
722
1546
1526
3156
3266
722
899
723
886
722
3266
1528
3267
795
722
798
260
898
723
844
1223
3266
1782
297
899
858
3267
2003
2001
806
1225
702
2595
899
722
722
722
887
674
722
722
3266
1536
3266
723
898
722
669
898
801
1543
3266
3266
722
722
294
1909
657
916
1262
683
1251
1252
722
1264
683
295
2004
3266
296
295
1783
295
722
666
293
722
722
295
685
812
722
722
722
1551
898
722
294
296
1250
1539
294
295
289
722
1225
1256
1264
296
296
898
1654
296
292
295
666
847
723
842
701
295
294
292
722
293
293
668
886
3266
296
816
1218
293
723
854
1218
801
684
898
722
667
722
1781
295
295
722
1551
295
295
1783
3266
1491
3267
3266
722
1932
3266
2478
656
3266
898
2227
656
848
2003
848
3267
2577
722
675
296
722
1223
1225
1250
899
1538
290
3267
3266
3266
3266
3266
805
1547
2763
722
723
722
293
918
1509
292
2004
722
3267
722
2003
722
3266
1264
722
3266
3266
722
2594
3266
825
3266
833
294
722
666
3266
3266
887
1539
3266
1223
885
2005
3266
800
723
1251
3266
3266
3266
723
918
3266
1784
294
683
1257
701
2006
292
1656
2595
899
1261
3266
704
794
3266
1532
685
3266
1508
703
722
1529
1546
722
2006
295
683
295
295
273
294
702
664
295
1655
295
3266
294
898
898
722
295
295
702
723
1252
723
693
1534
1225
308
722
875
595
1260
827
3266
3266
798
3267
1511
722
680
3266
722
1218
2003
722
723
1656
723
596
295
296
3267
3266
294
1250
899
722
711
296
722
723
659
722
718
723
899
276
722
1516
798
898
898
1944
722
898
722
292
898
1257
801
721
1250
656
293
1251
804
1548
830
806
295
294
278
917
3266
1522
2227
2003
1941
283
3266
657
3266
1654
722
1264
898
1540
1401
672
706
1539
3266
897
883
898
296
663
893
2004
3266
292
675
722
1531
1225
272
3266
2003
723
722
1257
1225
898
898
722
1782
723
295
672
833
2744
3267
2541
1256
294
2004
294
699
898
685
899
1250
1257
1508
1264
899
1226
2758
823
1657
3267
657
3266
1540
1252
1555
294
801
293
686
3266
800
1260
1265
916
1783
1545
688
1258
264
799
722
1526
1941
898
1511
804
802
1545
288
1551
1536
722
844
722
723
671
1537
290
724
1261
2227
1544
1538
290
1225
1251
297
3266
1226
1535
296
3266
801
1507
3266
1544
1657
294
297
683
295
1655
295
296
722
295
297
294
696
1252
877
898
722
662
3266
2598
868
722
1652
3266
3266
723
722
666
3013
898
295
720
1097
899
3266
3266
1264
3266
2005
1260
2466
899
295
723
665
872
667
3266
3267
723
1218
2003
870
290
922
2007
845
1537
2743
723
723
1941
1259
295
3267
898
802
2003
868
851
1656
797
1551
294
723
898
898
722
868
2004
1222
899
722
891
1549
1940
1225
723
898
722
899
723
1533
722
295
3266
2594
723
279
295
797
293
722
295
295
294
271
722
868
1654
722
296
722
295
294
719
296
1551
1256
898
296
723
897
295
294
293
722
296
296
295
296
295
293
670
697
898
899
298
857
723
295
838
722
295
295
707
1246
722
296
796
296
296
296
298
836
1267
675
297
295
282
292
267
296
295
666
295
294
295
293
296
795
295
296
296
295
269
723
295
848
297
294
1261
1937
295
296
295
3266
919
899
846
722
3266
3267
3267
3266
722
269
723
2006
834
2004
802
921
722
3266
898
3266
1543
722
722
722
723
1225
797
3266
1778
1944
3266
1263
849
3266
723
862
1506
683
295
668
296
1252
3266
656
296
3266
1533
3266
3266
871
1260
1779
866
1259
701
798
3266
295
723
722
722
723
798
722
1225
293
683
880
721
294
801
722
1261
722
723
3267
2596
1529
899
3267
660
287
3267
722
722
825
3266
3266
1533
1533
1539
3267
1554
704
722
295
3266
887
688
1261
1509
680
683
1538
2007
898
722
723
1783
285
2005
855
1264
2004
1511
3266
1526
656
284
295
1223
1548
1781
802
800
703
848
295
722
799
711
2005
1779
276
1225
875
722
898
667
898
722
297
723
1251
899
859
1245
674
2006
1224
1944
296
295
1509
898
3156
3266
825
2006
832
3266
1218
3266
1543
829
1534
722
3267
681
1940
2522
3266
3266
1541
865
722
1528
3267
800
3266
700
802
722
888
723
660
890
2594
723
722
849
722
1942
2227
1262
722
3266
1251
1498
683
674
723
723
2003
1542
1501
3267
2569
723
1546
2005
3266
1548
3266
2005
1780
3266
703
3266
874
664
3267
899
822
722
295
1262
672
899
2007
882
722
899
898
1225
703
723
702
823
898
888
1250
664
1268
899
2006
723
802
803
666
722
722
723
899
3267
1538
1251
1257
2600
3266
899
2227
3267
3267
1255
2745
1543
3266
3266
2743
861
3267
3266
3266
2466
1224
703
723
1529
808
824
723
3266
800
3266
800
704
722
295
1539
722
898
283
722
856
898
2006
722
798
2739
722
3267
3266
3266
1218
2004
2003
1225
1261
295
723
2596
1549
3266
838
3266
722
2227
297
722
2595
296
683
1259
295
3266
1940
722
3266
1219
656
881
1259
796
887
1263
1535
722
251
722
698
898
1268
722
3154
723
722
3266
3266
3266
1513
1539
722
684
833
1268
295
3266
899
722
803
296
294
293
296
681
294
294
1264
899
711
295
898
723
710
917
660
853
1265
723
1265
1261
1210
723
1263
722
722
882
722
664
1523
1545
722
1250
722
254
295
293
1250
899
872
660
2005
295
296
295
298
722
288
1257
1536
723
295
296
1941
296
294
294
289
3266
723
722
3266
723
722
722
722
1218
722
682
899
898
1251
722
1528
723
898
2226
1785
665
899
295
722
1942
899
656
722
2003
722
918
723
898
722
722
683
295
2003
1535
871
683
284
723
1654
1518
722
722
898
899
898
723
679
803
295
888
2005
723
1250
723
878
722
595
722
883
898
835
295
722
898
920
3267
3266
723
1261
723
294
888
899
2227
800
889
722
722
722
899
2226
1533
1549
899
723
883
898
899
899
899
899
3267
723
2740
683
2593
722
658
898
662
1534
722
722
722
669
722
888
899
714
669
722
722
295
1295
686
295
1656
898
899
2005
1256
2488
1256
2003
2008
295
3266
723
722
722
286
1655
1046
722
1530
1262
296
3267
2005
1528
722
3266
852
722
3267
868
288
1512
1554
282
3266
1945
703
800
294
293
2597
803
291
899
297
296
296
296
703
702
296
298
294
701
294
675
297
295
295
297
292
815
670
295
294
290
274
294
292
294
297
294
295
296
865
722
294
671
668
594
298
294
722
722
297
898
899
296
1251
1782
916
296
295
295
899
1655
296
293
1530
295
296
293
1545
296
296
295
1259
295
1540
296
297
1654
295
296
298
1250
1655
294
872
297
723
287
1654
1261
295
295
1655
296
296
1532
294
295
1655
702
295
297
898
297
697
297
898
1528
898
669
295
297
294
714
295
296
294
723
295
296
295
722
722
821
3266
723
722
3266
297
723
722
2760
1539
705
1250
899
2227
899
898
871
1260
298
899
722
1542
859
2004
884
1250
3266
1503
3266
829
3266
862
1250
2005
1537
3266
2003
1530
723
1538
722
899
1239
3266
850
3266
295
2007
723
3266
3266
722
296
723
845
3266
1223
1654
3266
1533
899
1258
1655
3266
3266
899
1537
1224
2005
898
3266
801
722
2594
898
3266
1533
2003
1533
1225
3266
1544
1225
2006
3266
1251
1782
879
823
696
798
1261
3156
3267
796
2004
1223
916
3266
1256
899
704
297
722
899
2006
1241
722
3267
722
293
1225
722
722
1656
1944
3266
1657
296
803
722
825
811
868
1963
3266
898
1528
1533
656
3267
3267
723
1781
722
722
898
1513
1266
2003
2599
3266
3266
1218
882
868
3266
899
3266
3266
2005
802
1257
2003
1261
2227
1540
804
3267
1266
1529
2472
1940
1939
1250
1940
1508
1933
802
695
1253
722
3266
1266
832
1515
804
898
799
1256
722
803
899
1782
1787
1265
883
666
1508
898
2592
2005
867
862
696
3266
1942
801
899
1536
1962
3266
1545
703
1544
898
3266
723
3266
1252
1224
882
1266
3267
898
1223
1257
2006
2591
877
722
722
899
722
1798
666
722
2741
685
722
722
3266
3266
1251
3266
800
797
1223
2003
722
1224
3266
722
1264
722
297
294
898
1599
898
2227
1218
879
667
2226
722
670
292
2227
3266
722
798
722
2003
1655
722
1258
669
887
802
3266
842
3266
1526
899
3267
1248
297
1252
723
1780
3266
3266
2004
722
723
722
899
3266
722
668
295
722
3266
656
1218
3155
1528
882
672
846
898
722
722
1258
722
296
722
722
1531
722
3266
1526
1250
916
292
296
899
922
799
885
3266
723
899
722
287
898
722
722
722
2598
722
722
666
293
723
892
722
2742
1250
2227
722
297
683
683
3266
1256
1230
2004
702
297
722
722
723
1263
899
724
3266
