238
190
782
215
898
899
233
866
276
722
688
204
1267
838
1263
898
898
204
859
922
174
1268
170
170
198
924
233
1252
275
838
190
1290
180
217
273
823
1270
280
1061
1552
784
218
242
1268
1274
187
898
898
249
925
853
277
243
279
292
898
899
775
1257
215
662
277
165
176
826
206
664
702
287
278
1263
715
845
846
656
219
899
253
261
1120
1141
722
722
285
175
283
290
653
265
287
683
923
242
822
241
273
920
900
252
261
898
286
797
810
701
283
1123
898
262
288
892
248
831
668
242
790
277
249
898
251
293
1218
1259
701
647
899
655
245
833
295
284
892
288
263
290
1263
722
814
1936
722
1250
280
295
1531
288
1223
723
723
841
698
282
899
709
1262
1262
698
899
898
244
791
898
1126
674
797
287
1258
295
287
663
289
228
282
722
250
1252
290
868
677
1258
689
722
279
288
696
1264
1535
1534
292
854
841
722
293
898
722
270
898
663
656
698
1539
699
722
269
293
292
672
288
722
274
687
662
293
1253
898
291
863
681
691
874
792
691
278
722
1940
682
277
288
823
2596
819
722
669
899
288
1251
293
288
290
283
708
694
723
898
1244
291
689
278
898
691
850
696
1782
708
694
286
293
294
296
794
674
866
684
294
694
1256
287
898
296
868
703
694
701
722
290
834
661
846
703
294
295
296
1262
829
898
898
270
1265
1262
294
669
679
692
289
294
287
897
856
687
685
805
722
285
293
298
683
706
898
295
677
701
898
687
284
295
876
291
898
288
294
851
920
898
295
289
296
710
701
290
1398
292
698
722
699
722
860
297
290
696
722
898
858
279
295
294
292
288
292
283
716
292
680
821
293
1508
284
293
294
722
693
899
293
294
286
852
293
277
294
292
297
693
281
292
281
859
294
832
295
706
722
293
1109
297
291
292
290
296
292
292
245
291
898
283
292
294
253
722
852
810
864
293
283
672
294
293
722
294
294
295
293
291
288
898
898
691
271
292
296
282
1238
294
899
719
293
293
294
898
293
293
294
679
295
292
290
293
294
294
1529
294
293
294
295
293
294
293
295
292
662
674
293
293
1507
295
293
293
1264
293
293
294
294
701
793
296
293
295
292
293
293
293
284
696
295
293
689
294
293
293
294
708
277
294
293
294
700
722
917
885
294
897
898
694
668
898
292
1784
899
891
1548
898
898
898
887
297
296
889
1262
298
722
295
298
295
295
722
294
2606
297
295
722
671
296
297
295
898
297
295
2227
891
296
295
295
297
295
722
1780
722
1261
888
295
295
296
294
295
295
294
1943
295
674
922
295
723
1534
295
1654
297
898
1263
844
1656
184
1553
674
295
722
722
1262
722
1251
1251
899
2744
1942
2743
1538
1250
1655
1943
1942
1944
672
1218
833
1648
899
918
723
671
1654
722
722
722
722
1649
723
1651
898
1509
1657
1250
1520
670
898
898
1250
1548
294
1655
1657
1657
2746
1654
1943
922
1510
667
1655
676
1656
1655
1656
1226
704
1252
899
1655
1658
1943
898
898
1656
1266
1656
1944
1654
1641
295
295
797
722
656
703
899
1225
294
899
1552
898
898
1654
283
898
294
1534
984
898
1655
890
1658
673
898
898
1657
797
1547
1942
1655
898
1258
1657
1250
1655
701
1255
1655
1655
1651
886
886
1655
1218
1254
1655
1656
1225
1251
899
1655
1251
898
1225
1655
1654
1655
1226
1250
1629
1658
1657
1657
899
1247
1655
1654
899
1656
722
1657
898
1655
723
1654
722
1649
722
1657
1656
893
898
898
1656
1943
723
1250
1944
595
898
1226
1655
1657
1656
1655
1657
898
2742
1655
892
674
898
1655
898
1528
294
1655
886
898
898
1223
1656
672
1535
899
898
1654
899
898
893
898
297
1508
1656
1254
1654
1655
1655
898
899
1250
1655
1251
1658
1654
898
898
1655
1657
1657
1262
1649
1657
722
1649
899
595
899
898
1656
1507
898
1658
1657
898
1654
1657
1532
1657
1264
1655
899
898
898
595
1656
899
1654
1655
595
2741
595
1657
723
899
1655
1654
1654
898
722
1541
898
1654
1267
1546
1655
898
899
1657
595
668
1657
667
898
594
672
595
1657
722
723
1655
1507
1657
1263
595
1637
1655
1654
1657
1261
1657
1657
296
1655
1655
1536
899
1655
1264
723
899
1658
1655
1655
1655
1655
595
898
1655
899
1654
1655
2744
1652
1655
1655
1655
1656
1657
1655
1657
1533
1645
898
296
1655
666
899
295
1656
1655
1655
1655
1942
1655
1654
1655
1654
1656
1530
1655
1526
1655
594
1655
1655
1658
1655
1656
1655
1654
899
1654
1656
722
722
722
1544
594
595
1654
1654
1656
2744
1655
889
1657
1656
1655
1655
1654
1657
1658
1655
1655
1526
899
1942
594
595
595
594
594
594
898
594
899
1657
898
722
898
595
594
722
594
887
898
594
899
898
723
898
595
899
898
898
595
594
594
594
1655
893
594
899
594
594
898
594
899
898
595
899
675
898
666
1654
594
1655
1657
594
667
595
899
1656
594
595
899
594
594
899
898
898
1655
594
898
667
1658
898
1655
723
1656
594
1534
595
1655
899
1267
898
594
594
898
594
594
1657
721
295
1226
907
898
594
667
662
594
594
898
594
594
594
898
1654
722
898
898
1655
723
1656
594
899
898
1655
898
1655
1548
1655
899
723
594
594
898
898
898
595
899
1655
753
898
1655
898
1655
1655
1655
1655
892
595
594
1657
1658
1654
1655
1654
1657
1658
1655
899
1657
1655
1658
1657
1655
1655
1655
722
656
898
672
1655
1656
1655
1654
899
898
595
1941
898
594
723
898
594
594
594
665
899
710
892
594
594
898
1657
671
595
899
594
898
898
670
898
1655
722
666
898
898
899
723
1654
594
899
1064
898
722
710
898
594
892
898
665
898
887
595
594
595
673
899
1657
663
899
722
667
594
887
594
594
899
594
594
594
595
670
594
594
594
723
898
671
594
594
594
898
594
898
1654
594
898
669
898
594
595
594
887
295
585
594
594
1655
898
595
595
594
899
710
595
1654
594
899
594
1655
1655
1655
1655
1657
1656
594
594
1657
1658
2740
898
595
722
1656
668
1655
899
1554
1655
1655
921
722
1658
1654
1655
1644
594
1655
1540
1223
1656
1654
1658
1655
1654
1655
1655
1654
1655
1656
1657
295
1655
1655
294
1655
1657
722
1649
1655
594
1657
1260
1654
899
898
1536
1658
1655
594
594
898
295
671
898
1658
899
1657
1257
668
898
898
723
712
594
1655
1505
723
898
898
1655
670
1655
1655
1657
1654
1655
1655
1655
898
899
1656
594
1655
898
898
594
710
595
898
898
898
1534
722
723
667
898
594
594
1654
594
671
595
898
595
595
595
594
595
595
898
595
594
723
898
722
723
724
1655
1655
898
1262
1657
898
1655
669
1657
899
1511
594
899
1654
896
1655
1655
1258
701
798
1550
1655
1658
1658
899
1541
1652
1252
594
916
594
1657
1655
1655
1655
594
662
898
722
898
664
898
594
724
723
899
898
594
667
898
898
899
1656
1654
1655
2594
1657
898
898
688
668
898
1655
1655
1250
1655
1654
899
594
1226
854
2746
1655
1656
898
594
1654
594
594
673
595
899
594
898
898
892
594
594
899
723
1654
662
899
899
899
671
594
594
898
594
594
594
899
595
1654
898
898
722
594
594
594
295
594
899
898
898
1655
1658
1655
1655
1259
594
594
594
898
899
899
663
723
594
669
594
898
661
798
594
722
722
595
594
898
594
1654
594
898
1655
898
594
898
898
666
1537
668
1655
1655
1655
1656
594
899
595
595
595
723
899
1656
898
1657
1658
1655
899
1655
722
595
898
691
898
721
1655
594
594
898
898
669
803
595
1655
1658
722
833
1657
1655
594
898
898
898
594
898
898
723
722
722
899
594
1654
898
722
1545
595
669
295
899
898
594
663
595
723
594
899
723
1451
594
666
898
667
898
890
898
898
899
595
898
594
595
595
722
594
594
594
898
899
670
594
898
1657
594
886
723
669
1657
898
898
898
665
898
595
898
594
594
595
594
892
893
595
595
899
1656
898
898
899
670
899
723
594
896
670
594
1523
662
594
899
1658
884
721
595
706
595
594
898
898
900
662
595
898
898
595
898
899
595
899
594
595
594
1655
295
723
595
667
898
898
1657
594
594
1654
721
899
899
595
1655
899
756
594
594
899
594
594
595
898
663
886
594
594
893
723
1943
594
594
594
594
723
887
898
595
898
594
594
898
899
594
1656
899
898
898
898
898
899
899
596
297
898
595
1655
595
594
898
886
722
1654
594
898
673
898
594
1657
594
807
816
899
1535
898
898
1655
1654
594
594
594
723
670
594
899
671
899
899
1655
594
594
898
896
898
898
594
723
720
898
1655
721
594
595
594
594
594
594
899
898
894
899
898
898
594
1657
898
594
594
295
595
723
594
898
1657
594
594
594
594
899
893
898
662
898
295
594
594
594
724
898
898
898
595
1655
594
594
1658
1654
1655
1655
594
671
594
663
710
899
595
1507
1656
670
898
672
899
722
1657
712
594
899
899
663
594
594
898
595
898
899
899
1655
1655
1658
594
898
594
594
899
594
710
595
1257
595
594
1658
724
595
595
595
899
1655
595
1655
673
1655
722
1654
898
1658
899
898
721
1655
1654
1655
1656
1656
667
595
666
595
898
898
594
594
595
722
594
594
595
898
594
594
1654
723
898
898
594
594
594
594
898
594
670
898
594
595
898
663
594
724
898
594
899
594
595
886
594
898
594
1655
899
899
723
722
594
594
898
889
722
594
1654
595
594
899
2740
594
887
1657
1657
1656
594
1656
595
692
722
594
1655
672
899
898
898
899
667
899
1259
594
899
898
724
898
1655
1655
899
1658
1656
1655
1655
899
722
594
594
595
723
594
665
898
899
887
595
595
899
1508
1655
595
722
594
722
898
663
1655
898
1655
711
1655
594
1657
1658
1655
722
594
595
898
1655
899
1655
1658
723
1654
899
722
665
710
595
899
713
899
594
594
899
594
723
594
898
898
594
296
594
1657
686
899
594
898
594
594
1655
899
594
2226
1657
672
1654
723
1654
898
803
1655
1644
898
807
595
1257
594
595
595
899
898
594
722
595
898
595
594
898
666
594
899
670
595
1654
594
1527
722
805
898
594
1658
2005
594
594
594
594
595
723
898
594
594
899
595
1655
1656
1655
898
1655
803
594
295
594
595
898
1041
672
899
722
899
723
594
594
899
596
595
899
1656
594
595
899
595
594
595
803
899
713
595
594
1655
723
899
898
673
1655
595
595
898
671
1508
594
724
1658
1654
1654
1655
710
594
898
898
669
898
594
898
898
663
898
722
722
886
898
723
594
595
899
1656
893
594
898
598
899
899
899
1655
722
595
594
1655
722
594
594
722
595
595
672
898
674
1913
886
1656
594
724
1658
594
594
594
672
888
899
594
898
898
899
898
1655
595
694
665
595
898
899
898
595
899
1655
594
594
595
899
594
899
594
594
723
594
898
899
594
1658
899
899
722
1655
1655
594
1047
667
594
723
723
723
898
595
594
664
898
594
594
594
723
594
1657
1657
672
1655
1655
1655
898
594
898
595
594
899
295
899
899
899
899
724
665
594
898
594
722
667
594
899
722
898
898
594
1655
594
898
898
1654
594
1655
594
898
673
1656
1657
899
898
899
594
594
1657
723
899
898
594
594
898
898
893
595
899
594
1655
899
594
722
1657
1534
1655
1655
1537
594
594
1656
898
668
711
1656
595
675
710
594
899
899
1537
1654
1655
1655
898
898
595
594
898
295
1656
1945
1655
1655
898
1655
594
595
594
722
898
723
898
722
666
594
723
594
722
898
594
594
722
594
1251
1655
1655
1655
898
594
663
722
1658
594
595
668
594
594
898
687
899
1511
1655
1656
1655
594
673
1656
594
898
1654
594
595
594
1655
1655
1655
1654
898
1655
898
594
1655
595
594
898
594
723
898
595
899
594
898
1541
595
1550
899
898
1654
1657
1545
1654
1657
1654
1655
898
899
722
1538
1655
1261
595
1655
898
1547
899
1654
2226
594
673
595
594
664
1655
594
898
594
898
722
594
594
898
1657
594
898
595
594
874
898
673
898
899
1654
899
1654
594
1655
1654
898
1655
665
1943
293
1655
886
898
898
594
2741
1655
1540
1655
1655
1655
1658
1655
1655
594
594
595
595
883
594
594
296
899
899
594
594
897
723
898
594
898
1657
898
594
898
594
1657
594
893
594
673
594
898
889
898
595
595
898
595
899
898
822
1657
665
594
662
666
595
594
671
898
670
723
594
1655
898
594
899
899
594
595
594
722
655
899
296
898
594
1656
594
722
594
593
661
594
898
594
594
662
594
1535
1655
898
594
594
889
892
666
594
723
595
1073
723
898
804
899
899
899
594
594
898
898
898
594
898
594
723
594
899
664
712
594
899
666
899
899
595
1657
1657
722
1656
595
898
1655
898
801
898
899
673
594
722
722
1657
1656
595
594
594
1655
595
898
594
898
595
898
898
724
594
663
723
594
681
899
898
724
899
594
722
594
689
594
296
665
671
898
594
710
594
594
898
898
899
595
595
826
594
724
898
594
594
594
668
887
710
898
899
722
899
673
595
669
898
1654
898
892
594
898
594
594
595
720
666
898
595
898
594
899
892
1654
717
898
898
899
898
594
595
594
594
899
594
898
674
892
899
724
898
898
671
663
594
594
595
595
594
898
898
663
673
899
899
595
595
1657
594
595
899
594
595
898
594
1324
898
669
899
595
898
898
595
691
594
594
1655
669
594
594
296
898
594
898
899
667
1656
723
898
594
899
596
1655
670
594
666
672
723
898
898
899
594
724
594
594
595
893
898
672
595
1655
899
673
594
594
899
594
595
594
1539
831
1656
673
1655
723
1655
594
1539
2740
1655
1654
1551
1268
1505
898
594
672
1656
898
594
594
1657
1602
594
899
594
713
295
899
595
898
1873
724
669
898
899
898
595
671
594
1655
594
898
1655
594
723
594
898
893
595
898
898
899
722
723
722
594
594
669
722
1654
1939
722
898
595
594
1656
594
1655
594
594
1655
594
1655
899
1654
594
1657
595
1656
663
664
1654
723
899
722
898
898
595
898
886
1655
1654
594
594
898
595
724
594
711
661
673
898
899
1942
893
1655
1655
1655
898
1655
1536
594
888
722
594
663
595
898
899
801
594
595
1658
1655
898
1655
898
899
715
1657
723
898
594
670
898
594
899
595
1655
898
1637
673
594
594
1655
594
673
1656
594
594
898
898
594
1644
1790
1655
1655
899
1654
594
1654
2226
661
1258
1656
1654
1655
1655
1654
1655
1655
1658
1655
1656
1655
594
898
594
594
898
595
595
722
898
595
1656
1657
594
594
899
1654
595
1656
899
594
594
723
594
899
594
899
595
594
594
594
594
898
594
594
595
595
594
665
723
1655
898
594
723
594
898
595
594
594
669
722
898
898
898
656
723
1654
595
1261
594
1654
594
594
1654
595
803
595
1657
594
1656
594
1266
594
899
899
898
594
594
897
896
899
595
1555
594
899
662
594
595
722
662
594
594
594
898
594
595
898
898
723
723
898
723
594
724
1655
898
595
1655
898
898
594
892
899
898
595
899
594
898
898
722
594
1658
1658
1656
666
1654
1658
1658
1654
898
898
594
1655
1655
1655
1630
1657
1655
1657
594
595
1655
1655
663
1655
1655
295
1655
1655
898
664
594
594
899
887
594
723
594
1655
1658
594
594
1655
595
1654
1656
898
667
594
673
898
1658
1655
662
1654
898
595
594
892
594
594
595
594
898
595
594
594
898
899
666
898
898
899
594
1655
594
1658
595
887
898
723
655
899
899
594
898
594
675
899
594
1655
594
595
898
899
594
594
898
1508
722
899
899
594
594
594
898
594
683
594
595
898
594
595
1656
594
894
595
898
1301
594
594
722
898
595
898
594
899
594
594
594
594
898
594
722
296
899
594
594
898
898
899
1654
666
594
666
594
594
899
898
1654
595
595
1655
722
892
898
1655
899
594
899
892
595
1657
898
595
595
595
594
594
594
898
899
899
899
663
594
1657
723
898
1655
1655
1655
898
594
595
594
886
898
1655
899
1656
594
595
594
722
1658
898
1655
1654
1655
1655
898
594
899
1655
594
1655
722
1655
1655
1655
1654
1646
1657
899
898
1655
1655
594
898
594
1657
1654
1654
1655
898
1653
594
1657
1532
898
1654
1655
1655
723
671
594
899
899
1538
594
1655
898
1655
899
1262
1656
595
1655
724
1654
899
1655
1658
1655
1538
1654
1655
673
595
1540
899
1655
595
595
594
898
1511
899
722
899
668
594
724
594
665
669
1657
1258
722
899
898
1654
295
723
898
898
899
899
1658
594
2226
594
803
1654
594
1654
594
724
1654
666
722
1655
898
722
886
297
595
594
595
594
595
656
595
296
595
594
594
1943
850
722
594
594
899
594
705
723
594
595
898
1655
898
1655
1655
593
1656
594
1654
594
1529
723
1251
1259
899
595
1656
898
898
595
595
898
594
894
898
888
898
594
722
1657
898
1655
898
899
674
723
670
595
595
898
595
898
663
723
594
1657
594
594
1654
594
1655
594
899
898
886
722
595
666
898
594
594
594
1654
663
1218
899
899
1655
723
723
670
898
898
669
637
594
899
595
594
899
662
723
1657
594
1655
1657
595
887
1532
898
898
1655
1655
899
1655
594
594
722
724
595
1174
892
897
899
594
594
594
898
898
723
1942
723
898
594
899
898
1655
722
296
722
722
594
899
1346
899
898
723
723
898
1655
1657
1267
898
295
594
899
664
1655
594
898
1509
1655
898
898
899
595
898
295
899
898
595
893
595
890
595
594
595
886
899
899
722
671
722
892
669
1655
1258
1658
594
723
898
594
594
595
723
670
668
899
898
898
898
594
594
723
718
898
594
594
594
898
898
595
899
595
899
892
898
704
723
898
898
675
899
595
594
724
662
890
888
887
594
594
594
594
802
898
594
899
722
887
594
899
898
886
898
594
898
723
1657
594
723
595
594
594
665
1258
666
898
594
898
594
892
1655
1655
898
295
1655
1655
1655
1658
1655
1655
594
1654
723
722
899
1657
1530
898
594
666
594
892
594
898
1657
918
1655
1655
899
594
594
1262
899
1223
1655
1655
1658
892
594
1546
899
898
594
296
1655
898
1655
2226
1656
1941
1655
594
710
667
656
899
898
898
1655
594
892
594
658
899
1655
1656
898
1658
723
295
899
594
898
594
595
594
898
594
899
594
594
594
594
892
672
898
594
898
296
722
594
1655
594
898
595
782
668
898
595
673
898
723
723
899
2741
722
594
1655
898
595
662
722
898
1656
594
664
1654
723
1654
898
723
892
899
898
1655
723
594
595
899
594
663
595
1656
1655
1221
594
899
899
898
723
594
595
898
898
594
1550
724
898
899
722
594
723
892
886
668
898
897
669
899
595
594
892
1654
898
594
594
898
899
594
594
594
723
594
594
595
594
899
594
595
898
595
1655
1654
594
899
594
722
1654
1656
595
662
724
594
595
1654
1654
723
665
1658
670
898
595
899
594
1657
595
1655
595
595
595
594
594
594
899
1655
593
886
898
595
594
1215
594
899
1654
1655
594
1655
595
594
898
595
898
594
594
724
898
889
898
722
1655
666
1655
893
671
722
898
721
898
594
594
898
595
675
1655
898
594
1657
1655
594
672
1654
1655
595
1657
899
668
663
1646
594
898
898
663
594
1657
1654
1655
594
897
594
1656
594
594
594
899
898
594
674
594
898
1654
899
899
898
594
594
665
1658
670
899
594
594
594
295
594
898
594
595
805
898
673
594
898
898
898
295
722
722
594
886
668
593
898
595
594
594
665
663
898
898
594
1657
594
899
594
296
667
663
1655
899
595
1655
899
899
594
594
898
1657
593
722
899
898
721
594
594
899
594
898
594
900
721
723
594
594
899
594
594
670
898
1657
594
595
898
894
594
1655
669
673
595
898
898
898
594
594
898
898
898
2402
593
594
892
2744
1655
1657
1655
899
704
1655
1655
1655
2741
1655
1655
595
898
899
595
594
594
594
898
594
722
594
672
595
594
898
1427
595
1655
899
797
594
722
1658
595
899
898
595
1549
899
595
594
887
899
594
594
594
594
898
594
893
1655
594
898
595
898
708
595
1657
594
724
722
594
594
1657
1657
898
899
594
595
594
898
594
899
594
723
594
723
898
692
594
595
899
594
1657
594
594
594
723
899
898
594
899
898
1655
1656
702
594
594
594
898
898
898
595
662
723
594
722
899
1654
595
594
594
898
898
898
595
595
1658
898
1422
594
1656
594
1256
295
898
594
595
594
594
898
723
594
672
898
1430
898
723
666
898
594
594
595
666
594
588
595
898
898
594
594
898
668
665
898
899
722
899
594
594
594
594
594
898
594
724
898
594
594
899
594
722
898
1657
594
1656
898
663
898
594
594
668
594
1577
898
594
893
295
594
719
722
594
674
898
898
898
595
594
294
594
898
1655
663
722
899
898
898
898
594
724
595
667
662
722
594
899
686
899
595
898
595
899
594
593
594
898
594
594
723
898
594
898
594
595
721
899
594
898
898
1655
898
594
1656
1655
594
1658
722
723
1655
1654
1655
1655
1655
899
798
594
296
595
668
594
594
595
