722
726
260
898
813
799
811
1281
246
724
699
1084
257
665
722
245
898
898
198
790
180
898
1276
186
201
283
206
227
1266
247
693
202
277
206
289
218
1273
193
277
246
883
250
234
842
227
917
666
822
1267
644
1184
1250
898
692
221
898
290
898
897
1251
848
277
898
792
284
244
282
249
673
1259
291
190
1544
800
1268
230
660
261
722
1211
256
280
1539
722
1254
1523
1263
1250
650
855
272
293
778
898
1263
288
1256
822
898
726
722
293
1257
286
278
257
267
244
898
796
849
276
916
264
1241
253
1260
267
702
274
854
243
701
281
841
662
723
692
287
924
1258
899
722
678
247
291
289
1254
279
709
837
721
898
658
1522
665
688
1265
681
295
898
277
1527
880
671
698
253
878
290
692
690
288
723
292
1257
699
922
710
1539
1223
244
688
1257
852
1654
922
708
899
823
851
697
898
846
857
1540
1655
293
684
2004
1250
1215
898
680
894
295
295
899
861
899
288
291
698
255
293
1536
723
1550
1529
272
672
695
1225
244
669
722
296
294
679
1530
819
293
1264
899
899
723
293
1225
671
1553
1261
899
683
898
1522
703
697
660
696
291
675
1940
1268
806
296
898
1269
829
281
858
665
1654
1916
722
898
898
924
1259
804
291
654
830
706
294
1511
916
920
1268
670
722
787
898
294
296
1540
898
898
2003
898
673
1218
1261
899
284
899
899
1266
679
707
1261
291
278
805
722
898
1223
722
295
1263
1250
1656
294
1542
1257
1550
704
665
1538
1263
293
899
1218
899
689
1243
1250
686
295
1529
898
1518
869
2227
899
808
839
285
899
686
294
862
293
1533
291
1780
795
288
1223
894
1541
297
659
722
1268
290
698
898
672
898
836
1537
682
1226
296
1223
722
898
919
1251
2744
1266
676
674
2741
1538
724
1267
682
296
1257
1218
898
1266
258
803
2017
899
898
1269
1543
293
1653
722
1654
293
1226
1532
1656
1939
293
1655
867
1250
1251
1941
268
696
898
868
865
1941
294
293
703
796
271
1225
899
1539
724
703
801
1553
1524
856
1548
701
898
1527
810
296
819
1251
1940
683
1503
2738
295
3266
295
297
1941
810
295
1218
899
294
279
1225
2736
886
1244
684
1939
722
295
1251
898
1223
1756
1507
1939
683
1540
702
1523
894
722
1257
811
296
291
898
723
1262
1547
898
1532
722
294
1940
1218
1631
722
722
1256
700
898
801
684
295
269
665
831
2742
1528
1529
851
1220
808
792
691
2002
296
723
1528
663
687
1782
898
820
653
722
1263
1937
295
921
1654
289
723
1940
1251
801
803
722
1655
723
1510
1630
692
298
656
1542
702
1542
1260
722
1252
2005
2008
1218
1218
1655
799
832
2006
292
877
723
1655
2003
722
1655
288
1939
1629
723
684
801
724
663
673
1257
1654
276
720
722
2005
827
656
722
294
722
666
669
666
1526
722
804
2740
691
898
2008
686
1556
815
1939
2589
863
804
1225
281
250
295
723
829
1943
1505
916
798
2740
797
798
1265
2004
799
1940
295
722
1267
800
856
723
1250
802
801
685
872
800
1527
703
685
802
801
898
810
722
899
744
722
722
663
296
1540
282
1251
274
1350
898
899
722
815
296
672
723
295
1630
722
797
899
818
3266
899
670
722
668
895
898
722
722
899
722
2003
723
801
1265
2005
802
899
872
805
879
1251
667
898
1656
722
286
2005
801
2735
297
796
2742
806
877
1265
2005
898
801
677
1250
805
722
295
722
717
1634
2008
722
899
804
722
676
295
803
804
803
802
899
723
2005
800
899
2744
1942
804
295
2004
800
722
874
898
1785
898
898
722
722
668
722
899
722
722
1264
295
295
1656
796
2744
831
796
805
801
1250
919
843
841
796
800
804
295
797
798
807
800
800
2466
885
796
294
800
801
1629
801
1223
722
722
898
669
716
797
673
898
723
2006
723
796
807
296
2005
2003
2743
683
295
879
595
1656
2740
2226
722
1225
722
722
1218
2743
2742
2227
723
2744
2741
2741
798
723
296
2741
3266
1510
722
2740
723
2742
2741
1654
1265
846
1518
2741
294
2742
1543
723
2742
1267
2005
2741
1257
2740
722
699
722
2745
899
595
669
867
722
595
1265
296
2744
722
1632
3154
794
1655
297
723
296
722
710
898
889
594
723
2742
864
2227
723
722
722
723
801
723
722
2227
1251
2741
296
2741
2744
2717
899
2745
281
1256
2744
2226
1509
2757
1653
294
836
296
2226
883
2227
703
722
723
594
722
722
898
723
1252
1656
798
723
665
268
1653
723
723
722
899
594
722
594
863
722
2745
293
2741
899
594
2741
2744
1266
295
2226
2227
2744
2741
2744
879
723
294
887
723
722
722
1655
2744
2744
2741
2226
2258
2226
594
899
696
295
2231
723
723
2744
2744
801
868
2744
723
594
595
898
716
295
667
295
594
594
595
594
2744
700
296
722
898
594
668
722
2742
435
2745
2741
295
2742
722
722
595
720
2742
3154
2741
1225
722
2003
722
722
2747
722
722
2742
435
2226
594
594
722
2744
1225
2741
899
2226
594
722
2744
2227
722
2743
2745
677
295
2744
1250
2740
1258
2744
293
2744
2745
2745
1657
435
1218
1545
2740
1654
2744
2740
2226
671
722
722
1225
2745
2178
2592
1657
722
2226
594
723
2745
2744
899
2742
2227
2744
2007
2745
2227
2744
2005
2742
2745
1261
295
2227
1657
1654
2162
2402
2745
2744
2742
856
295
2226
722
663
710
722
722
722
2003
2005
723
1264
295
595
483
583
594
722
723
648
663
592
594
594
594
723
723
819
722
722
722
722
594
723
1509
2226
899
2744
722
2740
2741
2740
2226
710
595
899
664
594
594
2742
899
594
898
295
594
2740
2226
2744
2594
2743
1655
2740
2226
594
295
594
722
2226
2740
2742
1225
899
722
899
2743
1654
683
295
2744
2227
594
722
594
2744
2744
2740
295
2744
1656
2741
2226
722
722
295
620
722
594
595
723
595
2729
1654
875
710
594
594
723
2227
2741
2740
2743
294
2741
868
2741
2740
2759
2741
2226
869
1261
2226
2742
667
2743
919
861
1655
2744
2743
2744
2006
2740
2743
2744
2745
2744
2740
1254
691
1655
2740
297
2162
2006
1519
2736
1266
295
798
786
2741
1781
2744
2744
919
722
594
662
594
594
594
2740
702
722
594
435
722
722
594
665
722
295
722
2744
2745
2744
2744
2744
2164
798
1225
1225
2741
3266
2131
2745
2741
2742
295
2743
1537
2744
2743
2227
1655
2745
2742
868
1534
2745
881
3061
2744
723
594
594
2743
1250
2743
2227
1655
722
295
723
722
595
722
2226
722
3266
1261
702
723
2744
1263
899
2741
826
722
295
435
435
886
715
722
722
722
671
435
660
2227
722
723
722
898
2226
595
595
1550
722
723
2226
1256
1540
2740
290
2744
2595
2744
1655
722
2742
2286
722
722
665
594
722
595
594
811
669
826
594
595
594
594
898
722
1262
2006
2741
2226
710
2743
2741
722
2744
2742
435
2744
899
2714
2227
722
2741
723
723
722
2741
435
2227
2741
2744
2744
2743
847
295
2227
899
722
723
1548
2227
594
594
722
722
722
671
722
898
722
722
2742
295
2741
2003
1509
899
2744
2743
2740
898
2744
722
664
594
2741
2742
2742
1499
1264
295
2227
2740
2226
594
594
2740
2741
1250
2742
1546
2745
293
2226
898
1656
1225
2226
594
722
723
917
2006
296
1537
1260
2744
2549
825
2744
2226
722
2003
723
2744
1655
295
2740
2741
1654
1655
2741
1657
1265
1540
2742
293
1258
1223
1149
2744
2744
2742
2006
2741
2226
594
595
2227
594
722
886
689
594
2006
2003
840
868
686
295
2741
723
722
722
594
723
594
594
722
594
722
2740
2745
2226
2741
1544
296
2744
2595
2740
2226
2227
899
1654
722
594
722
1655
1250
2742
2742
899
435
722
722
723
722
722
722
594
595
594
594
287
595
662
722
594
722
722
594
723
722
1657
295
2226
2741
2743
2741
1654
2741
2741
1655
722
2740
291
2742
2744
2741
722
2744
899
2744
2740
2744
814
295
2227
2533
796
723
722
723
2745
2226
2741
2226
2003
723
899
2227
594
594
722
2741
295
2226
723
723
722
722
295
663
722
723
898
667
899
594
2590
1655
2005
801
2402
1264
2742
2740
2741
1251
2226
595
720
722
683
686
2741
722
594
722
668
722
883
898
594
594
723
722
792
722
722
722
594
898
722
594
594
694
720
723
720
702
594
721
594
668
723
722
722
723
2226
881
1541
2744
684
2744
802
290
1655
2745
2744
2743
1539
2227
2226
1544
812
2226
2227
1530
1511
1655
2741
2742
875
722
722
594
876
1655
295
2744
1655
295
2226
722
723
717
899
593
868
797
722
2744
2745
2743
2226
722
2742
898
701
868
1225
1257
2740
2226
1654
798
722
3266
2741
295
2226
719
898
594
2743
293
2742
1655
297
722
295
898
595
722
2744
1535
1522
1508
2744
702
663
295
722
703
295
799
594
594
594
802
722
803
268
2745
2744
2743
2744
2745
2226
594
594
296
898
1654
297
2744
2741
722
2741
722
3157
2742
899
722
595
595
834
723
2742
2741
3266
1507
722
798
683
852
296
1251
2742
2745
2226
595
671
722
671
295
853
2226
3266
2740
899
595
722
722
2741
683
295
2745
2376
2227
595
594
2742
2740
802
295
2744
2744
2227
722
594
722
722
722
595
595
868
899
296
663
593
723
2742
1784
2227
2226
2745
1654
2742
2227
872
295
1657
1267
2740
3266
2745
2179
293
2227
722
1654
1225
676
898
2741
2226
1257
1637
2745
689
295
1534
2744
2744
2226
722
722
722
2744
723
595
595
663
898
722
683
676
2742
2594
2740
295
2744
804
2744
2994
2742
2741
1257
2227
2227
1655
899
1937
722
2744
2006
2741
2744
868
916
2741
722
1657
3266
2409
2226
2226
2740
1225
678
2227
723
594
722
722
723
594
867
722
723
656
1264
295
2584
2744
2744
722
2744
435
2744
2741
2227
594
295
594
2741
855
2744
1655
1225
702
722
723
717
723
595
722
295
720
594
898
594
898
295
722
722
295
2226
2226
594
722
594
2741
2744
1655
296
1264
295
666
293
709
683
701
594
722
703
698
720
722
714
722
594
594
595
595
2744
294
683
723
295
723
722
296
595
594
595
291
594
594
710
296
722
1654
3266
801
2744
680
296
2741
2744
2744
2744
2226
594
672
722
2226
898
879
594
595
722
664
295
722
721
722
2265
1263
1655
1257
2226
2744
703
722
594
2741
797
1265
2742
1655
2744
2739
2744
2095
899
595
898
698
2744
709
683
2744
295
703
2003
722
899
1218
2741
2745
2744
2226
2744
2226
594
1792
886
2744
294
2741
723
594
722
722
594
713
594
3154
295
2403
683
2741
295
2745
3156
898
1655
1265
2744
2743
291
2742
2744
899
2744
723
823
723
898
723
2006
2744
2741
2742
722
593
594
722
594
595
722
594
2744
1654
1225
3157
899
722
2741
1534
2744
1264
2226
2744
2745
1656
1226
1784
1654
1654
1654
1654
1649
1538
1655
1655
1262
295
1655
1654
899
1655
295
899
1657
1658
702
723
783
1649
899
899
1655
1654
1658
1550
295
1654
1656
1656
1654
1655
1655
1655
899
1654
703
1654
892
295
722
723
669
888
294
722
594
710
595
898
1268
594
294
594
722
723
1784
2594
1654
683
2742
2744
656
2742
1522
2744
722
2744
2227
2743
1225
722
722
595
594
722
594
722
594
722
723
2745
2744
2402
2741
295
2226
594
722
594
594
868
656
1655
899
595
722
1658
1261
295
2740
2744
2744
2744
2226
1539
2740
802
1655
2741
2740
869
295
899
594
804
435
722
723
722
722
2485
1541
2744
2740
295
2227
2744
1656
2741
1548
2741
2743
595
295
594
594
296
722
843
2744
1511
2744
2742
2744
2745
826
899
2162
2743
801
1657
295
2226
2743
2745
2742
2744
435
2744
869
848
295
2744
899
2744
2744
2741
2743
1656
295
2226
2740
2740
2226
1656
1655
2744
2742
2226
594
594
261
594
1552
722
2742
1783
2744
1535
2742
683
295
2743
1655
435
899
853
2745
722
2747
871
295
2743
801
2741
2744
2745
2226
594
722
594
2744
855
826
2744
722
722
722
664
722
2227
721
722
1225
2741
2743
899
2009
2740
2226
2532
1259
801
722
595
595
899
2744
283
1507
2741
2227
2744
1263
1655
2744
2226
723
723
2744
258
2745
882
722
898
595
723
723
722
722
435
595
2227
2994
2227
722
867
888
294
898
722
2226
1655
1223
656
2741
2745
2744
1655
723
2742
2744
798
2744
2226
595
594
722
2744
2744
295
2742
2226
1655
2744
2226
1251
2741
2739
1263
2741
1261
1250
2595
1250
1656
686
295
2744
2227
2741
1657
868
1655
2590
2741
899
2746
2743
2005
2744
1655
723
2743
2741
796
722
722
717
722
594
722
722
2005
722
2006
2003
723
2744
722
2743
898
295
722
722
505
594
294
594
594
594
723
722
594
594
722
594
723
711
1655
1225
723
898
2741
723
669
295
722
594
722
295
722
722
675
595
594
595
1265
594
722
898
722
2741
683
1218
2744
2744
882
723
2744
1654
2227
2744
2742
295
1261
1649
2744
2740
1655
2744
2744
2740
2741
1655
700
295
1655
2740
2226
2402
2226
2743
2741
1225
2741
298
2740
1218
2741
1655
2744
2227
2744
2744
2744
2743
2744
2745
722
2741
1842
1939
841
295
2744
2740
899
899
723
2741
2744
2744
1791
2226
1657
2745
2226
722
722
898
594
722
594
594
722
2744
683
295
2227
1654
899
2739
1266
2742
1265
295
2745
1942
2741
2744
1655
2744
435
2744
2597
2227
2741
2740
2746
2226
1655
2744
295
2741
722
594
722
594
594
722
2402
296
2744
295
2745
2744
1251
1781
294
2741
723
2227
2006
722
2741
2744
1655
1655
2744
2226
2742
802
595
295
722
594
2744
2227
722
722
594
594
722
2227
723
593
872
282
2742
1656
2741
2744
2742
2227
295
595
596
295
594
722
722
670
886
662
722
594
594
722
1654
1511
435
2745
2744
2741
1266
294
2744
2741
2226
2740
801
2741
2004
2741
2743
2742
723
295
594
722
888
1654
2741
2745
2226
2578
2741
1781
1259
1655
2740
295
2005
723
595
722
594
722
594
722
867
594
722
2226
675
692
295
683
296
869
873
2226
595
594
723
594
723
594
722
2740
295
1223
2226
1256
2226
722
715
594
594
594
2741
293
1554
722
898
594
723
2747
2743
722
722
722
2740
295
2741
2741
2744
722
856
875
722
722
2741
722
595
594
2226
595
898
2742
899
2741
2746
800
2741
701
722
2006
2741
2745
2744
295
2743
898
2744
2740
2747
2744
701
595
668
292
864
295
291
594
595
697
701
692
295
595
699
818
723
722
868
722
2740
2742
899
1655
2226
594
594
595
722
594
899
594
722
722
594
2227
2744
1540
2227
722
722
722
722
2744
294
295
2227
2005
2740
2744
1263
1789
1655
293
722
295
722
2745
2741
2226
899
2590
2743
2744
295
868
2741
2745
2741
2744
2744
2744
2226
1655
1655
2226
2743
2742
722
722
666
722
1225
1269
1654
2740
899
594
594
898
594
2740
683
295
869
886
2740
899
594
595
594
594
594
594
2744
435
2744
1225
1779
2742
2744
683
295
1655
2744
2005
2741
1657
2744
1264
2741
295
2226
722
594
712
722
670
723
2744
2741
2717
657
295
1628
850
1655
2227
833
1507
2744
2744
2745
2744
1509
2743
2717
2226
722
867
865
723
2741
657
722
2741
2741
2742
2402
1225
2740
722
2744
885
1251
2123
722
899
1278
1543
802
2741
683
683
2741
256
2741
2745
293
2594
1655
2740
722
722
722
669
722
2745
668
295
1268
1498
2744
2743
2740
1655
722
298
722
594
595
594
722
722
886
722
692
865
1655
2745
1218
435
1657
1223
2226
3154
435
2744
1655
2743
723
722
2745
1655
1218
2227
1781
899
2178
2227
2742
2739
1652
2744
2226
899
2742
295
2744
2603
2745
1654
899
899
1655
1657
1657
1655
1655
1261
1657
1654
292
1655
2743
1655
1654
1654
899
1655
288
1496
1650
1652
722
594
714
594
590
594
587
723
594
788
1655
1655
898
594
594
595
722
594
1655
1225
1657
1655
899
1657
1655
1657
1655
1655
1655
899
722
295
722
666
672
594
594
594
582
594
594
898
1656
701
722
722
2740
1264
2226
1655
295
2227
594
594
2744
2742
295
2047
2003
722
2744
2745
2227
594
722
2743
802
295
2744
981
1654
701
594
594
2577
1539
2226
666
712
722
2740
1225
2745
1262
295
722
595
594
723
594
2747
899
722
292
722
664
288
1264
295
293
295
722
1656
296
258
710
1654
722
297
295
296
876
296
296
294
809
295
669
1657
1653
296
296
295
293
683
295
295
287
296
296
296
296
296
296
296
296
296
296
296
296
296
1654
296
296
296
296
296
296
296
296
296
296
296
296
296
296
296
296
296
296
865
1654
296
296
297
295
1655
296
296
296
296
296
295
296
696
295
295
296
297
297
295
296
295
296
296
295
295
294
1655
296
296
296
296
296
296
296
297
295
296
296
295
296
296
296
296
296
869
296
295
296
296
296
296
296
296
296
296
1653
296
295
296
1655
296
296
296
296
296
296
296
298
723
1266
723
875
595
673
296
296
296
295
298
297
295
296
296
295
296
296
295
296
295
297
595
290
296
297
294
595
722
296
295
595
295
295
666
595
721
1258
297
297
297
295
295
296
296
296
296
296
297
296
296
296
296
296
296
296
296
296
295
298
296
295
295
296
296
296
296
296
296
296
296
296
296
296
296
296
296
295
296
296
296
296
296
296
296
296
296
296
296
296
296
296
296
296
296
296
297
298
296
296
297
296
296
297
845
297
296
296
296
296
296
723
296
296
296
296
295
296
295
296
295
296
296
295
298
295
296
296
296
296
296
297
296
296
296
296
595
298
296
296
296
297
296
296
295
1253
296
296
296
296
594
296
296
296
295
723
296
296
296
701
722
296
296
297
297
665
1259
295
701
1656
296
297
296
296
296
296
296
296
295
296
297
295
296
296
296
298
296
296
296
296
296
296
296
296
296
296
296
296
296
296
296
295
296
296
296
296
296
295
295
295
296
296
1225
689
295
872
296
296
296
1783
296
295
296
296
296
296
296
296
296
296
295
296
296
296
296
296
296
296
296
1656
296
296
296
296
296
296
296
295
722
898
1266
844
1656
296
296
295
296
296
296
296
296
296
296
296
296
296
296
296
297
296
296
296
296
296
296
295
297
296
296
296
296
296
296
295
296
296
295
296
296
296
722
899
296
296
296
296
298
296
296
296
723
296
295
296
898
296
296
296
296
595
295
295
292
722
723
663
296
296
595
296
296
296
296
297
595
1225
282
1654
295
296
295
296
296
296
295
295
297
296
296
683
295
294
899
815
295
297
296
296
296
295
295
296
296
296
296
296
296
296
296
296
296
296
298
296
296
296
296
297
296
296
296
296
296
296
295
295
1658
296
1781
296
297
296
296
296
295
296
296
296
296
296
296
297
798
296
296
296
296
296
296
296
296
296
296
296
296
296
298
295
296
296
296
296
296
296
295
296
296
297
296
295
297
296
1263
295
295
296
803
296
296
295
292
296
296
296
296
297
296
296
296
296
296
296
296
296
296
295
296
296
296
296
296
296
296
296
296
296
296
296
296
296
296
296
296
296
295
296
1654
294
296
296
295
296
296
296
293
296
296
296
296
296
296
297
295
296
295
898
848
1540
1266
722
595
723
1251
675
293
297
295
296
297
296
296
899
296
296
297
296
296
296
296
296
295
296
296
296
1781
296
296
296
296
296
295
295
295
296
296
295
296
297
296
296
296
296
296
296
296
296
295
296
296
295
296
295
296
296
296
296
296
296
296
295
296
296
296
296
296
296
296
297
296
295
296
296
296
296
296
296
296
296
296
295
296
296
296
296
296
296
296
295
295
296
296
297
296
296
296
296
296
296
296
296
296
296
2226
297
296
296
296
296
296
296
1526
296
296
1654
296
1784
296
296
296
1266
1264
295
296
295
295
296
722
295
295
1785
296
296
296
296
295
296
296
296
296
296
296
2226
296
296
296
296
296
296
298
296
1266
722
286
296
297
297
1554
295
295
296
1534
296
296
296
296
295
295
296
296
296
1250
295
296
296
296
296
296
296
296
296
295
296
296
296
296
296
295
296
296
296
296
295
296
296
296
1656
296
296
296
294
296
296
296
1785
296
296
296
296
296
295
295
293
293
293
297
296
298
296
297
257
1540
296
296
297
296
296
296
296
295
296
296
295
294
296
701
690
296
702
295
295
296
296
296
295
296
295
295
296
296
296
295
297
296
296
296
296
296
296
296
296
296
296
296
296
296
296
296
296
296
295
296
296
295
295
295
296
295
296
296
295
296
296
723
296
295
296
2007
296
296
296
296
851
295
296
297
295
295
296
296
296
296
296
296
296
723
296
296
296
295
295
722
1268
295
295
296
296
296
296
296
296
296
296
295
295
296
296
296
296
296
295
295
296
295
295
295
293
295
899
297
296
296
295
295
295
295
894
296
296
296
594
296
296
294
296
295
1253
295
292
594
296
722
297
296
295
295
295
298
1250
292
297
296
294
295
297
296
296
296
296
296
296
296
296
296
296
297
295
296
296
296
296
296
295
296
295
296
296
296
296
1266
872
876
595
723
723
723
595
296
296
295
595
294
295
594
295
296
668
296
296
296
291
296
594
297
295
296
594
296
296
296
295
1549
1225
1657
296
296
296
295
296
297
292
1266
872
671
297
296
296
296
298
296
296
296
295
1653
295
296
296
296
296
296
296
296
899
296
296
295
296
296
296
298
295
295
295
1655
296
296
296
296
899
295
295
296
296
295
296
296
296
296
296
296
296
296
296
296
296
296
296
295
722
295
296
722
296
295
295
295
295
295
296
295
296
296
295
296
297
296
296
296
595
297
296
295
297
722
686
295
295
295
295
297
297
1265
295
295
295
296
296
296
296
296
296
296
296
296
296
298
296
296
296
1655
296
296
296
296
295
296
296
871
296
296
296
296
1654
296
296
295
296
296
296
296
295
296
297
295
296
295
295
296
295
295
296
296
296
296
296
296
296
296
296
296
296
296
296
297
296
1657
296
296
296
296
298
296
899
296
296
296
298
296
296
296
296
296
296
296
296
296
295
296
296
295
295
296
296
297
722
723
295
297
296
295
1250
2587
297
297
1262
295
295
847
899
296
296
296
296
296
296
296
296
296
296
296
295
296
296
296
295
297
296
296
295
295
296
296
295
296
595
296
296
296
296
298
295
295
295
295
295
296
296
296
296
595
296
297
296
296
296
295
295
295
296
296
295
296
295
295
296
296
296
298
722
723
1250
1225
898
1225
295
297
296
295
295
295
297
296
296
296
297
296
294
296
296
296
296
1657
296
296
296
296
296
296
295
296
296
296
295
296
296
296
296
296
296
296
296
296
296
1656
296
295
296
296
296
296
296
296
296
296
296
296
1655
296
296
296
296
295
295
295
296
296
296
723
296
296
295
296
296
296
296
295
296
296
296
295
296
296
296
296
296
295
296
298
296
296
296
296
296
295
296
296
296
1654
296
296
294
1223
296
296
296
296
296
296
296
296
296
296
295
296
296
296
296
296
296
296
296
296
296
295
3154
296
295
296
298
297
297
847
294
703
296
1267
295
295
295
296
295
295
296
296
296
296
296
296
296
296
296
296
296
296
296
296
296
296
296
296
296
297
296
295
297
296
298
296
296
295
296
296
295
296
296
296
296
296
296
296
296
296
295
296
296
297
296
295
296
296
296
295
296
296
296
296
296
296
296
296
297
296
296
298
899
295
296
296
296
296
296
296
296
296
296
296
296
296
298
296
296
296
899
296
296
296
296
296
296
295
295
296
295
296
296
296
295
295
295
296
296
296
296
296
296
295
296
595
296
296
296
296
296
296
296
295
298
296
296
296
296
296
296
296
296
296
296
296
296
295
296
295
296
296
295
297
295
295
296
295
296
295
296
295
296
296
298
296
296
295
595
296
297
295
898
296
295
294
296
296
295
297
295
296
295
669
843
296
298
297
296
295
296
296
296
298
296
296
296
296
296
295
296
296
296
296
296
295
1655
296
296
296
296
295
296
296
899
296
295
296
296
296
296
296
296
295
296
296
295
297
294
1250
296
297
296
296
296
295
296
1785
296
296
297
296
296
297
296
722
296
296
296
296
296
296
296
295
296
296
296
295
296
296
296
296
296
296
295
298
296
1225
723
295
296
1653
296
296
296
296
298
297
296
296
296
295
296
296
296
296
296
297
296
295
296
298
296
296
295
1655
899
296
296
296
296
296
296
296
296
295
295
296
296
296
296
296
296
296
296
296
296
296
296
296
296
296
296
296
296
296
296
296
296
295
297
296
296
1653
296
296
296
296
296
296
297
296
296
296
296
297
296
296
296
296
296
295
296
297
295
297
296
296
291
295
2226
296
295
296
296
296
295
296
297
296
296
1654
296
296
296
296
297
296
296
296
296
296
296
295
1656
297
296
296
295
295
296
296
296
295
296
295
295
295
296
296
296
296
296
296
296
296
296
296
1654
296
296
296
295
296
296
296
295
295
297
295
296
296
296
289
296
295
296
296
296
296
296
296
899
297
296
296
296
296
296
296
296
296
295
296
296
296
296
296
296
296
296
296
296
1528
296
296
296
296
298
297
844
1266
723
899
595
289
296
295
294
723
297
296
296
295
296
296
296
296
296
296
296
595
296
296
296
296
296
295
296
595
298
296
296
296
296
295
295
295
295
295
296
296
296
296
723
595
899
296
296
296
295
292
672
294
296
296
296
296
296
296
296
296
296
296
296
296
296
296
296
297
296
296
295
295
296
296
296
296
295
296
296
296
296
296
296
298
296
296
296
296
295
723
296
296
296
295
295
297
295
296
295
296
296
296
296
295
595
296
296
295
296
296
723
295
296
296
296
723
723
295
296
295
296
723
296
296
295
1654
1655
295
295
295
296
296
295
723
899
815
295
295
297
296
722
296
296
296
296
296
295
296
295
295
293
683
295
265
1782
296
295
295
296
296
296
296
296
296
296
296
296
296
296
297
296
296
296
296
295
297
296
296
295
296
296
296
296
296
296
296
296
295
296
296
296
296
1655
296
296
296
297
296
296
296
295
296
296
296
296
296
296
295
296
296
296
298
296
296
296
295
296
296
295
296
296
296
296
296
296
296
297
293
295
298
296
1785
296
296
296
296
296
296
295
1266
844
1266
876
844
295
295
296
295
292
1655
296
295
296
296
295
1654
296
296
296
297
295
296
296
296
295
1785
296
296
296
296
296
296
296
295
295
296
296
297
296
296
296
295
296
296
297
296
296
296
296
295
296
296
296
296
295
295
296
296
296
296
296
295
296
296
297
296
296
296
296
296
296
296
296
297
296
296
296
296
296
297
296
296
296
296
296
296
296
296
296
296
296
296
295
295
1655
296
296
296
295
296
1655
296
296
296
296
875
1508
296
296
296
296
296
296
298
296
1655
296
296
296
296
295
1542
296
296
296
298
298
294
899
295
295
297
296
296
296
296
296
1653
296
296
296
296
296
295
296
296
295
899
296
296
296
296
295
295
296
295
295
296
296
296
296
298
296
296
295
295
296
296
296
296
296
296
296
296
296
296
296
1654
296
296
297
296
296
296
296
296
296
297
296
298
294
295
296
296
296
296
296
296
297
297
297
296
296
297
296
295
296
296
296
296
296
296
297
294
295
295
295
296
296
296
296
296
298
296
296
296
295
296
296
296
296
298
296
296
296
296
296
296
899
296
296
296
296
296
296
295
296
295
296
1532
296
296
296
296
296
297
296
296
295
296
296
296
296
296
298
296
296
296
296
296
296
295
295
296
295
297
295
296
293
296
297
296
296
296
296
295
295
296
296
295
296
296
296
1657
296
296
295
296
296
296
294
295
296
296
295
296
297
295
295
898
297
833
297
295
296
296
296
296
296
296
296
295
296
296
296
296
296
296
296
296
296
296
1785
296
295
296
295
296
296
296
296
296
296
296
296
296
296
296
296
296
296
296
296
869
296
1654
295
296
297
295
296
296
296
296
296
296
296
802
296
295
296
295
295
296
296
296
296
296
296
296
295
296
296
296
296
295
295
722
296
296
296
296
296
296
296
296
296
296
295
296
296
296
296
296
296
295
296
296
1656
296
296
296
296
296
295
295
296
899
294
295
296
296
295
296
1657
296
296
296
296
296
296
296
296
296
296
296
296
872
1654
296
296
296
296
296
296
296
296
296
296
297
296
296
296
296
296
296
2003
296
295
296
296
296
296
296
296
296
296
296
296
295
296
296
1654
295
296
295
296
296
296
296
296
1266
876
872
1655
296
295
296
298
296
296
296
296
296
296
296
295
295
296
296
296
296
296
296
296
296
296
296
1654
1656
296
295
295
295
295
296
296
296
1252
296
296
296
296
295
296
296
296
297
293
1782
296
296
296
296
296
296
296
296
296
295
295
296
296
296
295
298
296
296
296
296
296
296
296
296
296
296
296
296
296
295
296
296
296
296
296
296
296
296
296
296
297
296
296
296
296
295
1654
296
296
296
296
296
296
296
296
899
296
295
295
295
296
296
296
296
296
296
295
295
296
296
296
296
296
296
295
295
296
295
296
1654
296
296
296
296
296
296
296
295
297
296
296
296
297
1266
872
296
296
296
296
295
296
295
1264
296
296
296
296
296
296
296
296
296
296
296
297
297
1783
296
296
296
296
296
296
297
294
296
296
296
296
296
296
295
296
296
296
296
296
295
296
296
296
296
296
296
295
296
296
296
296
295
296
296
296
296
296
296
296
296
296
296
1657
296
296
296
296
296
296
1658
296
298
296
296
295
296
296
1654
296
296
295
296
298
296
296
295
296
296
296
296
296
296
296
295
1654
296
296
296
298
296
296
296
296
296
296
1654
296
296
296
296
296
296
296
295
296
297
296
296
295
296
298
295
296
298
296
296
298
296
295
296
296
296
869
295
296
297
296
296
1250
297
847
296
296
295
296
296
296
296
296
296
296
295
296
295
297
296
295
1654
296
297
899
296
295
296
296
1654
297
295
296
296
295
296
296
296
296
297
296
297
296
296
296
295
1266
1656
295
296
296
296
295
295
296
296
296
296
296
293
258
296
296
296
296
297
296
296
296
295
296
296
297
899
296
295
296
296
295
296
296
296
295
295
296
296
296
296
296
296
295
297
295
296
296
296
296
296
296
296
296
296
296
296
295
296
296
296
296
296
296
296
295
296
296
296
1654
296
296
296
296
296
297
722
683
295
296
296
295
705
295
295
296
296
296
296
295
296
295
296
296
296
296
296
297
295
295
295
296
295
296
296
296
296
295
296
295
723
296
296
296
296
296
296
296
296
296
594
296
296
296
296
297
297
898
296
296
295
296
295
296
898
298
296
297
295
296
296
297
295
594
296
594
295
296
594
892
296
285
722
295
259
595
297
296
296
295
296
722
1780
882
296
296
295
296
296
296
295
295
296
295
296
295
295
296
296
296
295
296
295
296
296
296
295
296
1252
295
295
722
709
1654
295
296
296
296
296
296
882
296
296
296
295
296
296
296
296
296
296
297
296
594
297
295
296
296
722
898
295
296
295
295
295
294
295
296
296
296
296
297
292
296
295
295
295
296
297
296
296
296
296
296
296
296
295
296
296
296
296
296
296
723
296
296
296
296
594
296
296
295
297
297
722
1251
295
295
297
295
595
594
297
296
295
295
295
295
295
295
297
297
295
722
699
295
722
295
295
1250
295
296
296
296
296
296
296
296
296
296
296
296
296
295
294
293
1250
296
296
296
296
296
296
296
296
296
296
296
295
296
295
1655
296
296
296
296
296
296
296
296
872
872
3267
296
296
296
296
296
298
296
296
296
296
296
296
296
296
296
296
296
296
296
296
296
297
296
296
295
296
297
296
296
1653
296
296
296
296
296
296
296
296
296
295
296
295
296
1654
295
296
295
296
296
296
296
296
296
296
295
296
297
295
296
296
296
296
296
296
296
296
296
296
1654
296
296
296
296
295
296
295
295
298
2227
258
295
296
1655
296
296
295
296
296
294
296
296
296
296
296
296
296
296
296
296
296
295
295
296
296
296
296
296
296
295
296
296
296
1655
296
295
296
296
296
296
296
296
296
296
815
295
295
295
295
297
297
1657
296
296
296
296
296
296
295
296
296
296
296
296
296
1657
296
296
296
296
296
295
296
295
296
296
899
296
296
296
296
296
1654
297
296
296
296
296
296
295
296
296
296
296
296
296
296
296
297
296
296
295
295
296
295
296
296
296
296
1657
296
295
296
1783
296
296
295
898
295
295
295
295
296
296
296
296
296
296
296
295
295
297
296
297
296
297
295
296
1250
297
297
296
296
296
296
296
296
296
295
296
296
298
296
296
296
296
296
296
296
296
296
296
296
296
297
296
296
295
296
296
296
296
296
296
296
296
296
296
296
296
296
296
296
295
296
297
296
296
295
296
295
295
296
297
296
296
298
296
296
295
296
296
296
296
296
296
1657
296
296
917
296
296
296
296
296
296
296
295
296
296
296
296
295
296
296
1657
297
296
296
296
296
1654
295
293
1657
297
296
296
296
296
296
295
296
296
297
296
296
296
296
296
296
296
295
296
298
296
297
296
296
296
296
296
295
295
1250
297
296
296
296
296
296
296
297
296
296
296
296
297
296
296
296
296
297
296
296
295
295
296
296
296
296
296
296
296
296
296
296
296
296
296
296
296
295
298
295
296
296
295
296
296
296
295
295
297
295
296
295
296
296
296
296
296
296
296
295
296
296
1250
297
296
296
297
296
296
295
296
296
296
296
296
295
295
296
296
296
296
296
296
296
296
295
296
296
296
296
296
296
296
296
296
296
1654
297
296
1657
296
296
296
296
296
296
296
296
296
296
296
296
296
296
296
295
295
722
1766
297
295
297
295
295
295
297
296
295
296
295
296
295
296
296
296
295
296
297
295
829
296
296
296
296
294
295
296
296
296
296
296
296
296
296
298
296
296
3266
296
297
296
296
295
295
296
295
296
295
298
723
289
296
295
296
296
298
683
295
296
296
722
288
683
295
297
293
293
295
1654
899
296
296
296
296
296
296
296
296
296
297
296
296
295
296
298
296
296
296
296
294
296
296
296
296
296
296
296
296
296
296
295
296
296
296
296
296
296
296
296
296
296
296
296
296
296
296
296
296
1656
297
295
296
296
1260
296
296
296
296
291
296
295
296
297
295
296
296
295
296
1654
296
296
296
296
296
296
296
296
722
296
296
295
1654
296
296
295
296
296
296
297
295
295
296
296
683
295
1251
295
296
296
296
296
296
296
296
296
296
295
296
296
296
297
296
899
295
295
296
296
296
295
296
296
296
295
296
296
296
296
296
296
296
296
297
298
722
1225
723
722
722
595
295
295
297
689
295
296
296
296
296
296
296
296
296
1654
296
295
294
296
296
296
296
297
295
845
296
295
296
296
296
295
296
1654
296
296
296
296
296
296
296
296
296
295
296
296
296
296
295
295
295
296
1655
295
296
296
296
296
296
296
723
297
296
296
296
296
296
296
296
296
296
296
296
296
296
296
296
296
296
296
296
296
296
296
296
296
296
295
296
296
296
296
296
296
295
297
295
296
296
296
296
296
295
296
296
296
296
296
298
898
297
296
723
297
1657
296
296
297
296
296
296
296
298
295
296
296
296
296
296
296
295
295
296
296
296
295
1782
295
296
296
296
296
296
296
296
296
296
296
296
296
295
296
295
295
296
296
296
296
294
297
296
296
296
295
292
294
296
296
296
296
297
723
1266
295
295
295
296
296
295
296
296
297
296
296
296
296
296
296
296
296
296
296
296
296
899
296
296
296
296
296
295
297
296
296
1654
296
1655
296
296
296
296
296
295
296
295
295
296
296
295
296
296
296
296
296
296
295
295
296
296
297
296
296
296
296
296
296
296
296
296
296
296
296
296
296
296
296
296
296
297
296
295
295
296
296
296
296
295
296
296
296
296
295
296
296
295
295
296
1656
296
296
296
296
296
295
296
296
296
297
295
296
296
296
296
296
296
296
295
296
296
297
296
295
296
296
296
296
296
296
296
296
296
296
295
296
296
296
296
296
296
722
296
296
296
296
296
1654
296
296
296
296
295
298
296
296
296
296
295
295
296
296
295
296
296
295
295
297
296
296
296
296
296
296
296
296
296
296
296
296
296
296
296
296
296
296
296
296
296
296
296
899
295
295
295
296
297
296
295
296
295
1261
873
296
296
295
297
296
296
296
296
1785
296
296
296
296
295
296
296
296
290
296
296
295
296
298
296
297
296
296
295
723
295
296
295
296
296
296
296
296
296
295
297
297
295
296
296
295
295
295
295
295
296
295
296
296
295
296
296
296
296
296
296
296
296
296
296
296
296
296
296
298
296
298
297
295
296
296
295
296
296
296
295
297
296
296
296
296
1655
296
295
296
296
296
296
295
296
1782
296
1654
295
295
295
295
294
847
296
296
723
1260
295
295
295
295
296
296
296
296
297
296
296
296
296
296
297
296
296
295
296
296
297
296
296
296
296
296
295
297
296
295
296
296
296
297
296
295
295
296
296
296
296
296
296
296
296
1654
296
296
722
296
295
296
296
296
295
296
295
295
296
296
295
295
1784
296
296
295
1655
295
295
296
899
296
296
296
296
295
295
296
296
296
296
296
295
295
296
1654
297
296
296
295
295
295
296
295
296
295
297
296
296
295
296
296
296
296
296
298
296
296
1781
296
296
295
296
296
295
297
296
295
296
296
296
295
296
296
296
296
1654
295
296
296
296
296
296
296
297
296
295
296
295
1654
297
296
296
295
296
296
296
295
295
1654
296
296
296
296
294
296
295
1655
296
295
296
295
3154
296
296
296
295
289
297
296
296
296
296
295
294
293
1546
296
296
296
296
293
296
296
296
296
296
296
296
295
296
296
296
296
297
295
296
296
296
296
296
296
296
297
296
296
295
295
296
296
295
296
296
295
296
296
296
296
295
295
295
296
296
296
296
296
296
295
296
296
296
296
296
296
296
296
295
296
296
296
296
296
296
296
296
296
296
295
296
296
296
295
848
1207
297
298
296
1655
899
295
296
295
296
298
295
296
296
296
296
296
296
296
296
296
296
296
296
296
296
296
296
296
296
295
296
297
296
296
296
296
296
296
296
296
295
296
295
296
296
296
1655
296
296
1544
296
296
296
296
296
296
296
296
296
296
296
296
295
297
296
296
296
296
296
296
296
295
297
296
296
296
296
296
297
296
296
296
296
295
295
296
296
296
295
296
296
296
1655
296
296
296
296
296
296
296
296
295
296
296
3266
296
296
295
296
291
295
297
683
295
295
295
1655
296
296
296
296
296
295
296
296
296
296
296
295
296
296
296
296
296
296
295
1656
296
296
296
296
296
296
296
296
296
296
1654
1656
296
296
296
296
296
876
873
296
295
295
295
1654
296
296
296
296
296
296
295
296
295
296
799
899
297
296
295
296
296
295
798
295
296
296
296
295
297
295
295
296
296
295
296
296
296
1654
899
296
296
296
296
296
296
296
296
295
806
297
296
296
296
295
296
296
296
296
295
295
296
296
296
295
295
295
296
296
296
296
296
296
295
1654
296
296
296
296
296
296
296
296
1264
295
295
296
296
295
297
296
296
296
295
296
296
296
296
296
296
296
296
296
296
296
296
295
296
296
296
296
296
295
298
296
296
297
297
297
296
296
296
296
296
296
296
296
296
296
297
296
296
296
295
296
295
295
296
295
296
296
296
295
296
296
296
296
296
295
296
295
296
296
296
298
295
296
296
1654
295
296
295
296
296
296
296
296
296
296
296
295
295
294
296
296
296
296
296
296
297
297
295
1656
296
295
296
296
296
296
295
296
296
296
296
296
296
296
296
296
296
296
295
296
296
296
296
296
296
296
296
295
296
296
296
296
296
296
295
297
296
296
296
296
295
296
296
296
295
296
296
296
296
296
296
296
296
296
296
296
295
296
296
296
296
296
296
296
296
296
296
295
295
294
296
296
296
295
296
295
296
296
296
295
296
296
296
297
296
1654
298
296
296
296
296
295
296
296
296
707
295
295
293
294
296
295
296
296
296
296
296
296
296
296
296
296
296
296
298
296
296
1654
295
296
296
295
296
296
296
296
296
295
296
296
296
296
899
296
296
296
723
297
296
296
296
296
296
296
296
296
296
1655
296
296
295
295
296
296
297
296
291
297
2178
296
296
296
296
295
295
295
296
295
686
295
295
296
296
683
295
296
296
296
296
296
296
295
296
295
1655
296
296
296
296
296
296
296
295
296
296
296
296
296
296
296
296
295
295
296
296
296
296
296
296
296
296
296
296
296
296
296
296
295
296
295
296
296
296
295
294
296
296
296
295
296
1655
296
296
296
296
295
899
295
298
296
296
1654
296
298
296
296
297
297
1251
297
296
295
295
296
296
296
296
296
296
296
296
295
723
295
295
295
296
296
296
296
296
296
297
296
296
296
296
296
296
296
1781
296
296
296
296
296
296
296
296
295
296
296
296
296
296
296
296
296
296
296
296
296
296
296
297
296
296
296
296
723
683
295
296
296
296
296
296
1653
296
1657
296
296
1654
295
295
296
295
296
296
1225
295
295
295
296
296
296
296
296
296
296
296
296
296
296
296
296
296
296
296
1257
294
296
296
296
295
295
295
296
296
296
296
296
296
296
296
297
295
296
298
1653
296
296
296
296
296
296
296
296
296
296
295
296
296
296
296
295
296
296
296
295
295
3266
296
296
296
295
295
296
296
296
296
298
296
296
296
2005
296
296
296
295
1782
1657
296
296
295
295
295
295
295
296
296
1656
296
296
295
296
295
723
296
1549
295
295
296
296
295
297
296
296
296
295
296
295
296
296
296
296
296
296
296
296
296
295
295
292
293
293
295
295
296
296
296
296
296
296
296
296
296
296
296
294
296
295
296
296
292
296
295
296
296
296
296
296
296
296
296
296
296
296
296
296
295
296
295
296
296
295
296
296
295
296
296
296
296
296
296
296
296
296
296
296
296
296
296
798
296
296
296
296
295
296
295
296
296
295
296
296
899
296
296
296
296
296
297
296
296
295
297
296
1785
296
296
296
296
295
723
295
295
296
295
296
296
296
295
295
296
296
296
296
295
296
295
296
296
296
297
295
296
298
296
1785
296
830
1656
296
296
296
297
296
295
297
296
722
683
295
297
297
294
295
1782
296
296
296
296
295
296
295
296
296
296
296
295
295
295
296
295
295
1657
296
296
296
296
296
296
296
296
296
296
296
296
296
295
296
296
296
297
297
296
296
296
296
296
296
295
1785
295
296
296
296
296
295
295
296
296
298
296
296
298
296
296
295
295
295
296
1531
722
295
296
296
296
295
1250
297
1266
295
298
296
296
298
296
296
296
296
296
296
296
296
296
296
296
296
296
296
1657
297
295
899
296
296
296
296
295
296
296
295
296
293
264
298
296
295
296
296
295
1654
298
296
296
296
295
296
296
296
723
296
296
296
296
296
296
296
297
295
297
296
296
296
296
296
296
295
296
296
296
296
296
296
296
296
296
296
295
298
296
296
296
296
295
296
296
298
295
295
296
595
296
295
296
723
296
296
298
297
296
296
296
297
296
295
296
296
295
297
292
297
297
295
295
295
296
295
295
296
296
296
296
295
296
296
296
296
298
296
296
296
296
295
296
295
296
296
296
296
295
296
296
296
296
296
296
295
296
296
595
296
296
296
296
295
296
295
595
295
296
296
296
296
296
595
1266
1655
296
296
296
296
296
295
296
295
296
296
296
296
296
296
295
296
295
296
296
295
295
298
1653
295
296
296
296
296
296
295
296
296
296
296
295
295
1536
297
295
296
296
295
294
278
296
296
295
296
298
296
296
296
296
296
296
296
295
296
295
296
298
295
296
1218
295
296
296
296
296
296
296
296
296
296
296
295
296
296
296
296
296
296
295
296
296
296
296
296
295
296
296
296
296
296
296
296
296
295
296
297
295
899
296
296
296
296
295
296
296
296
296
296
296
296
296
296
296
296
296
296
295
295
295
296
296
296
296
296
296
296
1656
296
296
296
296
296
296
295
296
296
296
295
296
296
296
296
295
296
296
296
295
297
296
296
296
296
296
295
297
295
296
296
296
296
296
295
296
296
296
296
296
296
296
296
296
296
298
296
296
295
296
1655
295
296
296
296
296
296
296
296
297
296
295
296
296
296
296
296
296
295
296
296
296
296
296
296
296
296
295
296
296
296
296
296
296
296
296
296
296
296
296
868
295
296
295
296
296
296
296
296
297
1250
294
297
296
296
296
296
296
296
295
295
295
297
295
1654
295
296
296
296
296
296
297
296
296
298
296
296
296
296
296
296
295
875
1266
1266
839
1266
872
296
295
298
296
296
296
296
296
296
296
296
296
295
296
296
296
1218
296
296
296
296
295
296
295
296
296
296
295
296
297
296
296
296
295
296
296
296
296
296
296
296
296
296
296
296
296
296
296
296
296
296
296
296
296
295
296
296
296
1653
296
297
1656
296
296
296
296
296
296
296
296
296
296
1653
296
296
296
296
295
295
296
296
295
295
295
296
295
1782
296
296
298
1655
296
296
296
298
296
296
295
296
296
295
296
296
297
296
295
294
296
295
296
298
292
298
295
296
294
295
291
294
295
294
294
1540
296
296
296
296
296
296
296
296
295
295
296
296
296
296
295
295
296
296
296
296
296
296
296
296
297
295
296
296
296
296
297
295
296
296
1656
296
296
296
296
295
296
295
296
296
296
296
295
296
296
296
296
295
296
296
1655
296
296
296
296
723
297
296
296
296
296
296
295
296
295
296
296
295
295
295
296
297
296
297
297
296
296
296
296
296
296
296
296
296
295
296
296
296
296
297
296
296
296
296
296
296
296
296
295
296
296
296
296
296
296
296
296
296
296
295
296
296
296
1653
295
296
295
296
296
296
296
296
295
296
295
296
296
295
295
295
295
296
296
297
295
295
296
296
295
296
296
296
296
296
295
296
296
1653
296
296
296
296
296
296
296
296
295
297
296
1653
296
296
296
295
296
295
296
296
296
296
296
295
293
1250
1264
294
295
297
296
296
296
295
294
296
296
296
1654
296
295
296
296
296
1653
296
296
295
296
295
296
296
296
296
296
296
295
295
296
295
296
296
296
296
848
296
296
296
296
296
296
296
296
1655
295
296
296
296
296
899
297
296
296
1657
296
296
296
295
295
296
296
296
296
296
296
295
296
296
295
294
1656
296
296
296
296
296
296
296
296
296
296
296
296
296
296
296
296
296
295
296
296
296
296
296
296
296
296
296
295
295
296
296
296
296
296
296
296
296
296
296
296
296
296
296
296
296
296
295
296
295
296
296
296
296
296
296
296
296
296
296
296
297
296
296
296
296
296
296
296
296
296
298
296
296
296
296
296
296
899
296
295
868
296
295
296
296
296
296
295
293
296
296
296
295
295
295
297
297
296
295
899
296
296
296
296
296
296
296
296
296
296
296
296
594
297
296
296
296
722
594
297
296
296
295
297
294
867
722
722
295
295
296
1264
297
1655
297
296
296
296
296
296
296
295
297
296
296
296
296
296
296
296
296
296
722
297
1654
296
296
296
296
296
1655
296
296
295
296
295
296
296
296
295
296
296
296
296
1657
292
296
296
295
295
296
296
296
296
296
295
295
297
295
296
296
296
295
296
296
296
296
296
296
296
296
295
295
296
296
723
723
1264
671
295
295
296
296
296
296
296
296
296
296
296
296
296
296
297
296
296
296
295
296
296
296
296
296
296
296
296
296
296
296
296
296
296
296
296
296
296
295
296
296
296
296
296
296
295
296
298
296
296
296
296
296
723
296
296
296
296
297
296
296
296
296
296
296
296
296
296
296
296
296
298
296
1266
1226
296
296
297
1785
296
296
296
293
290
293
295
3266
296
296
296
1267
295
296
1653
296
295
295
296
295
723
297
296
897
295
297
665
295
683
295
297
293
295
296
1653
296
296
296
296
296
295
296
1655
296
296
296
296
296
296
296
899
297
296
296
296
296
296
296
296
295
295
1653
296
296
296
296
296
295
296
722
723
594
296
296
722
297
296
295
296
594
297
297
296
298
293
296
295
806
722
296
296
296
295
296
294
295
296
295
296
295
295
662
296
298
296
295
296
296
296
295
296
295
296
296
296
297
822
295
898
1250
297
296
1654
296
295
296
295
296
296
296
899
722
297
296
295
298
294
297
296
296
295
595
663
296
296
296
867
722
722
1224
296
295
298
296
296
296
295
296
296
899
296
296
296
296
297
296
297
296
296
296
295
296
295
295
296
296
296
295
296
296
296
295
296
296
296
297
295
296
296
898
296
296
296
296
296
296
296
296
296
297
1266
875
723
296
296
295
296
296
295
296
296
296
296
296
296
296
296
296
296
297
295
889
296
295
296
297
296
296
296
296
295
295
295
296
295
296
291
296
298
296
296
296
296
295
296
692
296
296
296
296
295
295
661
595
1656
296
1653
294
1541
296
297
1265
297
297
295
723
899
723
295
1252
295
295
298
296
294
296
297
296
296
296
296
296
296
296
296
296
296
295
296
296
296
296
296
296
296
296
298
296
296
297
296
295
295
296
296
296
296
296
296
296
296
295
295
296
296
1654
296
296
296
296
296
295
898
898
722
1654
296
296
296
296
295
296
295
295
296
296
296
296
295
297
3266
296
296
296
296
295
296
296
295
1258
295
295
296
295
297
297
295
1656
296
296
296
296
296
296
296
296
296
296
296
296
296
298
295
296
296
296
296
295
296
295
296
296
295
296
296
296
297
297
297
297
293
296
296
296
296
296
296
295
297
296
297
290
683
295
277
1225
295
295
297
291
1225
283
295
296
296
1785
295
296
296
296
296
296
296
296
296
296
296
296
296
295
296
296
296
295
296
295
296
297
296
296
296
296
296
296
297
296
296
296
296
296
298
295
296
297
296
296
295
296
296
295
296
296
295
296
296
296
296
296
296
296
296
296
296
296
295
295
296
296
295
296
296
296
296
298
296
296
296
296
298
296
295
296
296
295
296
296
295
296
296
296
899
296
296
296
296
296
296
296
296
723
296
296
296
296
296
296
296
296
296
295
1783
296
296
296
295
296
296
296
296
296
296
296
296
296
297
296
296
296
295
297
295
295
296
296
296
296
295
296
296
296
295
296
296
296
296
296
296
296
1653
296
296
295
296
296
296
296
296
296
296
296
296
295
297
296
296
296
296
1656
296
295
296
294
1258
295
683
295
291
297
296
296
296
296
1250
297
257
296
296
296
295
296
296
296
296
296
296
296
296
296
296
296
295
296
296
296
296
1655
296
296
296
296
296
295
296
296
1654
296
296
899
296
1654
296
1654
296
296
296
899
296
295
1781
297
296
296
296
296
296
295
296
296
296
296
296
296
296
295
296
296
297
296
298
1656
296
296
1656
295
295
296
296
296
296
295
296
296
296
296
296
296
295
296
296
296
296
1654
899
296
296
296
1785
296
296
1266
2226
296
297
296
1653
1657
296
298
1550
294
1653
295
296
295
296
295
295
683
295
1653
296
296
296
295
296
296
296
296
296
296
295
296
296
296
296
296
296
296
297
295
296
296
296
296
296
296
296
296
296
296
296
296
296
296
296
296
296
296
296
296
296
296
296
296
296
296
296
296
296
296
296
296
296
296
899
3154
297
296
296
296
296
1225
287
298
295
295
295
1250
296
293
293
1657
296
296
295
296
296
296
722
723
595
295
298
292
296
295
296
296
296
297
293
1250
297
1657
296
296
296
296
296
296
296
296
296
296
296
295
296
296
295
296
296
296
295
295
1498
296
296
297
295
296
296
296
296
295
296
296
295
296
296
296
296
296
297
296
296
296
296
296
296
296
296
296
296
296
296
295
296
296
296
296
296
296
296
296
296
296
296
296
296
296
296
295
296
296
296
296
296
295
294
294
294
295
296
1654
296
296
296
296
1785
296
296
296
296
296
296
296
296
296
296
296
296
296
296
296
296
296
296
296
296
296
296
296
295
295
295
296
296
296
296
296
296
296
296
296
298
297
296
296
296
296
296
1654
296
296
296
296
296
295
296
296
296
296
296
295
296
296
296
296
295
1653
296
296
296
296
297
296
295
296
296
296
296
296
296
296
296
296
296
296
296
295
296
295
296
296
296
296
296
296
1654
296
296
296
296
296
296
296
295
296
296
296
296
296
296
296
296
296
296
296
296
296
296
296
295
296
296
296
295
296
296
296
296
296
295
296
296
296
296
296
296
296
296
296
296
296
296
1529
295
295
295
296
296
296
296
296
296
295
296
296
295
296
296
297
296
296
296
295
296
296
296
295
295
296
296
297
295
296
296
296
296
296
296
297
296
296
296
296
296
1656
1656
295
296
296
296
296
295
296
296
296
296
295
296
296
296
296
296
296
296
296
296
295
298
296
295
669
295
295
296
1780
296
296
295
296
296
296
295
296
296
296
296
296
296
296
296
295
296
296
295
296
296
296
296
296
296
296
296
298
297
296
296
296
296
296
296
1654
295
296
296
296
296
296
296
296
296
295
296
296
295
297
296
296
296
296
296
296
295
296
295
296
298
296
296
295
296
296
296
1261
298
295
296
296
296
296
296
296
296
296
875
1264
1251
1653
296
296
296
295
296
295
296
296
296
296
296
296
296
296
296
296
297
297
292
270
1225
899
706
295
295
1225
1264
295
295
803
295
297
296
1783
296
296
296
296
296
296
296
295
296
295
297
296
296
296
296
296
296
296
297
296
296
296
296
296
296
296
296
296
296
296
296
296
296
296
296
1653
296
296
295
296
296
295
296
296
296
297
296
296
1654
296
296
295
296
297
296
295
296
295
296
296
1657
296
296
297
295
296
295
296
296
296
296
296
296
296
296
296
295
296
296
295
295
296
1785
296
296
296
296
297
295
296
295
296
296
296
297
297
297
295
296
296
295
294
296
296
296
295
296
296
295
296
296
296
296
296
296
296
296
295
296
296
296
1657
296
296
296
296
296
296
296
296
296
296
296
296
296
296
296
295
296
296
296
295
295
298
296
296
296
298
296
297
295
296
296
296
296
296
296
296
296
296
296
296
296
296
296
296
296
296
296
296
298
296
296
296
296
296
296
296
295
296
296
297
296
296
296
296
296
296
296
295
296
296
296
296
296
296
296
296
295
296
296
296
296
296
296
296
296
296
295
296
296
296
296
296
702
296
296
296
296
1223
295
296
295
296
296
296
296
296
296
296
1654
296
296
296
296
295
295
295
295
296
296
296
297
297
1654
296
295
296
295
296
296
296
296
296
296
295
295
295
296
295
296
296
296
296
296
296
296
295
296
295
296
296
296
296
296
296
296
296
296
296
295
294
296
297
296
296
296
296
296
294
296
283
298
296
297
295
296
296
296
296
1655
296
297
296
296
296
296
295
296
296
296
296
296
295
296
294
295
296
295
296
296
296
296
296
296
296
296
296
296
296
296
296
296
296
296
296
288
296
296
296
296
296
296
296
1656
296
296
296
296
296
296
295
297
295
295
296
296
296
296
1656
296
296
298
296
296
296
296
296
296
295
295
296
296
295
295
297
296
296
298
296
296
296
1654
296
295
296
296
296
296
296
296
296
1654
296
296
296
1782
296
1654
296
296
296
296
296
296
296
296
296
296
296
296
296
296
296
296
296
296
296
296
296
296
296
296
1653
296
296
296
296
296
296
295
296
296
295
296
296
296
296
296
296
296
296
296
296
295
296
296
295
295
296
296
296
296
722
297
296
295
296
296
296
296
296
296
296
1654
296
296
296
295
296
296
296
297
295
296
296
296
295
296
296
296
296
295
296
295
296
296
296
296
296
296
296
296
897
297
297
296
296
296
296
296
295
296
296
296
296
296
296
295
290
295
296
296
296
296
823
296
296
296
296
296
296
296
296
296
296
296
295
296
296
296
296
296
295
295
296
296
296
297
295
296
296
297
296
295
1784
296
296
296
296
296
296
298
296
296
296
296
296
297
298
295
1783
296
296
295
296
295
296
296
293
1529
295
295
1655
296
296
296
296
295
296
296
296
297
296
296
296
296
296
296
723
297
296
296
296
296
296
1653
296
296
296
296
297
1656
296
297
296
296
296
1657
296
296
296
296
296
296
296
296
296
296
297
296
295
297
899
2226
296
296
1654
296
298
297
296
296
1656
296
295
295
295
296
296
922
296
296
296
296
296
296
296
295
296
296
296
296
296
295
296
296
296
296
296
296
295
296
296
294
722
296
296
295
296
297
296
296
296
296
296
296
296
295
296
295
296
295
296
296
296
295
295
294
297
295
294
293
1656
295
296
296
296
296
294
295
296
1654
296
296
296
296
296
295
295
296
296
296
296
296
296
296
297
296
296
296
295
296
295
296
295
295
295
296
296
296
296
296
296
296
296
297
296
295
295
296
295
1250
297
295
298
296
294
296
1656
296
296
296
296
296
296
296
296
295
295
295
296
296
296
297
296
296
295
296
296
296
296
296
296
296
296
296
296
296
296
296
296
295
296
296
296
297
296
296
296
296
296
296
296
296
296
296
296
295
296
296
296
296
1656
296
296
296
296
296
296
295
295
295
295
296
296
296
295
296
296
297
296
296
296
296
295
864
296
296
296
296
296
296
296
819
822
295
295
296
296
295
295
296
298
295
296
296
296
296
296
296
294
296
296
296
296
296
296
295
296
296
899
296
296
295
296
297
296
296
296
296
296
296
296
296
296
296
296
295
297
296
296
295
295
296
296
295
296
295
296
295
296
296
295
723
297
296
296
296
296
297
296
296
296
296
296
296
296
296
296
296
296
297
296
295
296
295
296
296
296
296
296
295
298
1657
296
296
296
296
296
296
296
1654
296
296
296
297
296
296
296
296
296
296
296
295
295
292
899
722
298
295
1250
297
296
296
296
296
296
296
296
295
296
296
295
296
296
296
296
296
296
296
296
296
295
295
296
298
296
296
296
294
296
296
296
296
295
296
295
296
296
295
296
1782
296
296
296
296
296
296
296
298
295
295
296
296
295
295
296
297
297
295
295
291
1251
296
295
296
296
295
296
296
296
296
296
296
295
298
296
296
296
296
296
296
296
296
296
296
295
296
296
296
296
296
296
296
296
295
296
296
296
296
296
295
296
296
296
296
295
296
296
296
296
296
296
296
296
296
296
296
296
296
297
844
295
297
295
296
296
295
296
295
296
296
296
297
296
296
296
296
296
295
296
296
296
296
296
296
296
297
296
295
296
296
1656
296
296
295
296
296
296
296
296
296
296
296
296
296
295
1657
296
296
296
296
296
296
296
296
296
296
848
296
296
296
296
296
296
296
296
296
296
296
296
296
899
296
296
296
296
296
296
296
1654
296
294
296
296
296
295
296
856
295
295
296
296
796
297
297
295
296
296
296
296
296
296
298
1656
296
296
296
296
296
296
295
296
296
296
296
295
296
296
296
296
296
296
296
295
297
296
296
296
296
1262
296
296
296
296
295
295
296
295
1266
872
297
296
296
296
295
295
296
296
297
296
296
295
295
297
297
296
296
296
295
296
295
296
296
296
296
722
296
296
296
296
295
1550
295
1653
296
296
296
295
295
296
296
295
296
296
296
296
296
296
296
296
296
297
296
1263
296
2003
296
296
296
296
295
1226
295
296
295
295
1656
296
296
296
296
296
296
296
295
296
296
295
295
296
296
296
296
295
296
296
297
296
296
296
296
1250
296
296
296
296
296
298
295
296
296
295
294
296
294
295
296
1785
296
295
296
296
296
297
296
296
295
296
296
295
296
295
296
296
296
296
295
295
296
296
296
798
296
296
297
295
296
296
296
899
296
297
1654
296
296
296
296
295
296
296
295
296
296
296
295
296
297
296
296
296
297
1784
296
295
295
295
297
295
295
296
296
296
295
683
295
1656
296
295
296
296
296
296
899
296
295
296
295
296
296
296
296
296
296
296
296
297
296
296
296
296
296
296
296
295
296
295
296
296
296
296
296
296
296
296
296
295
298
296
296
295
296
294
298
1267
295
296
296
296
872
296
296
1656
295
296
296
296
296
296
296
296
1785
296
296
296
296
296
296
295
294
899
899
296
295
875
722
295
296
296
296
296
296
295
294
296
296
296
296
296
296
296
296
296
296
295
295
296
296
296
296
296
296
296
296
297
296
297
296
295
722
298
296
296
296
296
296
296
295
296
295
296
296
296
723
595
294
295
295
595
296
296
296
296
295
295
297
297
295
296
297
297
293
594
297
295
295
296
295
297
297
294
254
293
723
595
723
677
723
868
722
724
815
295
295
292
686
290
278
297
294
296
296
295
296
296
297
296
296
296
296
296
296
296
296
296
296
295
296
296
296
296
295
296
296
298
296
296
295
296
296
295
295
296
295
296
296
296
296
296
296
296
296
295
296
296
295
296
296
296
296
296
296
296
296
295
296
296
296
296
296
296
296
296
296
296
296
296
296
296
296
296
296
296
295
296
296
296
296
296
296
296
295
296
296
295
296
295
297
296
296
296
296
296
296
296
295
296
296
296
296
296
296
295
297
296
295
296
296
296
296
295
296
296
296
297
296
296
296
296
298
295
296
1268
295
296
296
296
296
296
296
295
295
1266
876
1266
722
722
1266
799
1259
1266
1266
873
297
296
296
296
296
298
899
296
296
296
296
296
296
296
295
296
295
296
296
296
3266
296
1781
296
296
296
851
295
295
297
295
295
296
296
295
1225
856
294
295
296
296
297
295
297
298
295
296
296
298
296
296
296
296
296
657
296
296
296
296
296
296
296
295
295
297
682
295
296
295
296
296
295
296
296
296
296
296
296
296
295
296
296
295
296
296
296
296
296
296
296
296
296
296
296
296
296
295
296
296
296
296
296
296
296
296
296
296
296
296
296
296
296
296
296
295
297
296
296
298
296
296
296
296
296
296
296
296
296
295
722
296
296
295
296
295
296
296
296
296
296
298
295
295
296
296
296
296
295
1654
296
296
296
296
295
296
295
296
296
296
296
296
296
296
296
296
296
296
296
296
296
296
296
295
296
296
296
296
295
296
296
296
296
296
296
296
296
295
296
295
296
296
296
296
295
297
297
296
296
296
296
296
899
296
296
296
296
295
296
296
296
296
296
295
296
295
295
296
296
296
296
296
296
296
296
296
296
1653
296
296
296
296
296
296
296
296
296
296
296
296
296
295
295
296
296
296
296
296
295
296
296
296
296
296
295
296
296
899
296
1657
296
296
295
296
296
296
296
295
296
296
296
296
296
296
296
296
297
296
296
296
296
296
296
296
295
297
295
297
296
296
296
296
296
296
296
296
295
296
296
295
296
1264
295
295
295
296
296
296
295
295
296
296
296
296
296
296
296
296
296
296
295
296
296
296
296
295
294
1785
1654
296
296
1226
298
296
296
296
1266
872
296
295
295
296
296
296
296
296
296
295
296
296
295
297
295
1656
296
296
296
295
296
296
295
1657
296
295
296
296
296
296
296
295
296
296
296
296
296
296
295
296
296
1654
296
296
296
298
296
295
295
296
296
296
296
295
296
296
297
296
296
296
296
296
1655
296
296
296
296
296
296
296
296
296
296
296
297
296
296
296
296
296
1654
296
296
298
296
297
295
296
295
296
296
296
296
296
296
298
296
296
296
295
296
296
295
296
296
296
296
296
296
296
296
296
296
295
295
296
296
297
297
295
297
296
296
296
296
296
296
296
295
296
296
296
296
296
296
295
296
296
296
297
296
296
296
296
296
296
296
296
296
296
295
296
296
296
296
296
296
296
296
296
296
295
296
296
296
296
295
296
296
295
296
296
296
297
297
296
296
296
298
296
296
296
1655
298
296
296
296
296
298
296
296
296
296
296
296
296
296
296
296
296
298
295
295
296
296
296
296
845
296
296
296
296
296
296
296
295
296
296
296
296
296
296
296
296
296
297
296
296
296
295
295
296
296
296
296
296
296
296
296
294
296
296
296
296
296
296
296
296
1654
295
296
296
296
296
296
295
722
295
296
686
295
296
296
295
296
296
296
723
295
295
295
297
295
296
296
296
296
295
296
295
296
296
295
296
296
296
296
296
296
296
295
296
297
298
296
296
296
296
660
296
296
296
296
296
296
296
828
296
296
1784
296
296
296
296
298
295
296
296
296
296
1657
295
296
295
1656
295
295
296
296
296
1266
1266
847
296
296
296
296
296
296
295
1250
293
1225
839
295
295
296
296
296
296
296
296
1656
296
296
296
296
298
296
295
296
296
296
295
1657
296
296
295
295
297
296
296
296
296
296
296
296
296
296
295
295
296
295
296
295
298
296
295
295
722
899
295
295
298
295
1654
294
899
296
295
296
296
296
296
296
295
296
297
1656
296
296
296
296
296
296
296
296
298
296
296
296
296
296
899
1656
296
296
296
296
296
296
296
1656
296
1657
296
296
296
296
296
296
296
296
295
297
1657
296
1654
297
296
296
704
296
296
295
296
296
295
296
296
296
296
295
1656
3266
296
296
296
899
296
296
296
296
297
1261
296
296
296
296
296
295
295
295
296
295
295
296
295
296
296
295
295
296
295
296
295
295
296
297
298
292
295
296
296
296
296
296
296
296
296
296
296
296
296
298
296
296
296
296
295
296
296
295
1656
296
296
296
296
296
296
295
297
296
1656
295
296
1656
296
296
1657
296
1657
296
296
296
296
296
298
296
295
295
295
296
296
296
296
296
296
296
296
296
296
296
296
296
296
296
296
899
295
723
295
295
295
1654
296
295
295
295
296
296
296
296
296
296
296
296
296
296
296
296
297
296
296
296
296
899
296
295
296
296
298
296
296
296
296
296
296
296
296
296
1657
296
296
899
296
295
296
296
296
296
296
296
296
297
297
295
295
295
295
295
296
296
1656
296
296
296
296
296
296
296
296
296
296
1656
296
296
296
296
297
296
296
295
295
296
296
296
296
296
296
296
296
296
296
295
296
297
1225
293
595
1225
295
295
297
296
296
296
296
296
296
899
296
297
295
296
295
296
296
296
296
296
295
295
296
899
298
296
595
296
296
722
296
295
295
722
1225
295
296
294
295
297
295
298
295
296
296
296
296
296
296
296
295
296
296
296
292
1654
296
296
296
296
296
296
296
296
296
295
296
296
296
296
296
296
296
296
296
296
296
296
295
1656
296
296
296
296
295
296
295
296
296
296
296
295
296
296
295
296
295
296
296
1657
296
296
296
295
297
296
296
826
296
296
296
296
296
296
295
296
296
296
1655
295
295
296
296
297
296
296
297
296
296
296
296
296
296
296
296
296
296
295
296
296
295
296
295
297
297
296
295
295
295
295
296
296
296
296
296
295
296
296
297
296
296
296
296
296
296
296
295
296
1654
296
296
899
296
296
297
296
296
296
296
295
297
296
296
296
295
296
296
1657
296
296
1657
296
295
296
296
296
296
297
296
296
295
296
296
295
295
296
295
292
1655
296
296
296
296
1654
296
296
296
296
295
296
297
296
296
296
296
1654
296
296
296
296
296
296
296
296
296
296
297
296
296
295
297
296
296
296
296
296
296
296
296
296
296
295
296
295
671
296
297
296
296
295
295
296
296
296
297
295
844
722
876
595
722
296
296
295
295
295
295
295
296
296
295
1599
295
295
296
297
296
296
297
296
295
295
298
296
722
296
296
295
295
295
296
293
595
1264
297
296
864
294
293
683
296
293
296
296
1655
296
296
295
296
296
295
295
298
296
296
296
295
296
295
296
296
296
296
296
296
296
296
296
296
1780
296
296
296
296
296
296
297
296
296
296
296
296
297
296
295
296
296
296
296
296
296
296
296
296
296
296
296
296
296
296
296
295
296
296
296
296
295
296
296
296
296
296
296
297
296
296
296
297
296
296
295
296
296
296
295
296
296
296
295
296
296
296
296
296
296
296
295
295
296
295
296
296
296
296
296
296
296
296
296
296
296
678
295
295
295
296
296
296
296
295
296
3154
2227
723
2226
2226
2227
2226
2003
2005
723
1498
1264
2005
2226
869
3266
868
798
295
1554
3266
899
830
802
922
798
2004
2003
723
2226
3267
3025
2226
3266
2227
2226
2003
3266
2003
916
869
899
722
723
899
691
656
3266
2003
3157
3267
3156
2227
2227
702
3266
3154
3266
820
704
3266
1266
1226
1257
3266
3266
2003
3266
2226
723
871
899
3154
2005
3266
825
1505
2226
1223
3154
3266
869
3154
2004
1536
2003
3154
3266
1656
1536
2227
868
295
3267
3266
3266
3266
3154
2003
868
3267
798
3154
1251
1540
3266
2226
3266
1224
2003
3154
3266
899
798
2003
899
3267
295
899
3267
723
3154
3154
3154
2595
3157
723
1539
3155
899
2003
1528
3155
899
3266
1541
3266
2226
1264
798
801
723
295
2003
2003
868
2227
3266
2003
869
2003
3266
2227
869
722
722
594
888
667
723
723
710
595
898
3154
1262
2226
2003
3154
702
723
594
293
594
2679
883
594
722
595
2226
3153
1782
2003
2226
594
723
594
722
594
723
2227
594
594
674
898
1261
295
3156
2003
798
3156
798
899
722
594
594
2003
2226
595
3154
722
1268
722
723
1801
2226
595
595
722
722
723
2226
722
594
847
3154
3157
899
595
722
722
888
2003
2005
3154
2003
686
295
2226
3156
2226
2007
3266
3157
899
872
899
841
295
723
594
898
595
886
723
848
2525
3154
3154
3266
3266
295
2370
1218
3266
3266
3156
3156
899
899
594
722
723
594
593
723
3266
899
722
894
1942
2226
2226
3266
899
2994
798
1261
899
723
295
722
898
594
831
731
722
1250
899
723
595
722
595
594
593
594
723
722
898
669
594
722
3267
2226
595
2003
2226
2226
722
2227
2226
3266
1251
1506
1225
722
707
594
594
594
659
819
699
594
722
722
1654
868
1225
1264
2003
3155
1941
3267
868
1513
3266
3267
899
3155
295
921
687
679
2227
3154
3154
2227
2226
799
899
665
722
722
3266
2003
3266
2226
3266
2226
3266
2226
594
3266
873
898
2226
1223
2227
722
722
722
797
722
3154
2227
898
2003
868
868
722
723
899
722
899
723
3266
3266
2003
2226
595
594
722
899
898
295
594
722
2003
3267
801
3267
2003
899
897
2590
1531
3266
2006
1251
3154
850
3266
899
3154
3266
1544
3155
898
3267
694
3266
3154
2226
3155
3267
1259
3266
1547
1536
2005
3154
3267
3155
3266
3154
3267
1223
2226
899
3266
2226
2527
2226
2226
2268
3155
1508
1538
3266
2226
3266
899
2226
898
656
2226
594
3266
899
3156
3266
723
298
3154
2008
2226
3266
3266
898
723
3154
3267
2226
2226
899
723
2009
2226
595
899
899
2960
788
278
2009
2226
2003
722
2005
2227
3266
2466
1264
3266
3266
1506
723
3266
2226
3267
918
3266
3266
899
595
594
722
3266
899
798
722
667
1225
899
868
872
1250
899
722
722
594
710
594
722
723
899
722
3266
1943
282
1223
3157
3266
2003
2003
2003
3267
2527
3154
2006
723
595
898
723
719
595
594
595
722
593
722
3266
2226
713
893
1533
722
899
3154
2226
2227
3154
3267
2227
3266
722
2003
796
3157
798
282
796
722
723
2005
1225
2004
804
2226
663
2226
2003
3154
3266
1939
1782
2994
1657
869
2226
2226
2007
868
2226
2003
3266
3267
1223
2743
2226
2994
2403
2003
2003
723
3266
2003
2227
1250
3266
3154
1553
296
2003
2026
2740
3267
1250
3266
2003
868
722
1536
656
898
2226
2881
2226
3267
3266
3157
3266
3267
2226
1223
3155
898
3155
2003
802
722
722
1655
2742
3266
3266
3266
798
3266
3156
2226
3156
899
3266
3266
2226
3157
2227
3154
3266
722
3154
683
833
676
3266
898
3266
869
1262
295
2226
2259
3267
869
3267
3266
3154
1547
3267
3154
2227
1506
1535
3266
1534
1783
3266
899
3154
2227
2003
869
2006
899
2226
2744
293
869
683
295
3266
1266
722
295
722
