244
821
834
214
188
825
898
798
1263
201
662
217
175
1258
1283
186
1262
245
265
1265
657
211
248
251
1258
234
216
237
195
246
260
898
233
196
243
664
1262
704
1247
829
1271
659
824
1270
290
1277
261
898
261
202
200
224
255
658
1253
898
241
1537
279
1254
1535
267
852
261
854
689
828
236
1250
850
722
1269
272
899
290
285
813
237
1250
1250
221
822
688
653
284
796
898
665
218
252
703
231
665
898
801
853
273
900
839
1553
898
279
287
275
1250
650
657
798
898
268
183
898
293
1254
667
684
679
242
239
656
1534
799
243
709
1258
240
697
1265
1241
898
898
680
1257
901
289
722
659
1251
1261
722
242
799
819
898
898
1500
288
1518
290
278
292
898
681
851
1491
293
281
722
1250
686
1251
1250
294
674
1251
675
671
1493
667
278
284
292
259
1251
282
659
870
294
698
898
290
692
657
681
898
682
284
274
812
1265
295
676
288
269
255
1264
666
696
243
1265
292
680
677
257
722
657
1262
1505
286
701
1223
1261
701
681
826
806
279
1530
297
278
899
653
284
1508
660
823
677
295
670
898
842
1264
686
683
260
815
295
898
291
722
1257
297
3266
676
1543
697
698
689
706
285
671
698
898
702
291
690
803
693
898
899
681
1653
666
1263
289
1539
665
1250
674
674
1263
267
899
274
898
1250
689
1250
1541
290
686
676
292
704
898
287
1261
664
285
1934
662
812
294
294
1512
1252
694
686
295
690
1534
288
289
710
863
852
820
1538
899
795
695
1260
1630
898
294
709
692
797
698
289
897
721
722
1250
897
668
1259
292
722
1251
2594
698
1268
287
709
1657
1259
1262
294
294
898
664
1258
297
1266
1996
1535
294
295
687
722
684
1503
1261
1534
898
1257
1257
1526
708
1253
898
898
898
288
663
1250
898
899
1539
293
722
856
1256
683
824
1257
700
672
1224
822
675
668
1657
695
874
708
722
666
898
670
1549
899
821
1259
898
296
295
1537
1260
703
695
668
1548
1657
680
1251
697
720
664
668
841
1265
1545
1225
899
1549
702
894
287
1250
1511
2008
1219
1259
666
293
292
800
1269
899
1224
826
1252
1550
1656
1254
3266
898
1531
722
2594
672
1939
1942
683
1250
1260
1549
898
722
1253
2595
1630
722
2742
1225
698
819
697
683
664
898
806
662
1265
722
683
675
1553
671
294
2594
294
1941
1263
722
813
668
672
722
722
899
1250
899
1529
295
295
656
656
722
723
886
723
1266
1538
899
898
722
662
722
1846
899
663
1941
1518
1218
722
2004
894
1940
1224
1531
884
1654
898
659
2003
860
1261
1537
723
899
1263
2594
803
898
898
677
722
1630
669
1528
798
1263
722
295
1218
1506
1656
2740
722
723
867
829
1656
1225
697
664
702
1223
1537
1537
1263
895
722
800
722
1652
898
2004
1257
857
691
898
898
826
1247
1655
889
676
722
669
715
1265
682
803
673
884
898
2738
670
1656
722
723
1543
3266
898
722
1508
1652
1250
295
898
803
2744
899
1251
1264
853
1250
722
722
3266
887
296
1540
1630
722
682
1253
1266
869
1259
688
884
714
897
899
2742
297
702
673
723
1536
1538
1224
898
714
2595
1783
684
2744
2005
853
662
722
1538
1627
720
2007
2005
2738
1510
722
2741
722
722
2744
795
1545
1541
2595
1651
2744
1245
722
720
898
722
805
722
722
1251
870
854
898
723
2741
702
664
1534
722
685
671
1251
722
720
2742
2745
898
711
295
2741
722
2594
722
720
899
853
1218
686
722
2742
723
722
1223
898
2741
722
1655
722
823
722
1654
3154
723
702
1250
2003
665
830
2741
826
843
3266
1223
870
723
899
723
722
670
722
2759
898
2757
722
1554
722
2740
898
899
2744
722
2741
2742
899
1251
707
722
2742
687
2742
884
2741
2741
2761
1656
722
1250
677
2742
1264
667
722
2594
2595
296
686
2732
866
2741
2741
1509
898
722
1537
722
294
863
723
722
1656
898
296
296
798
803
2741
2742
670
898
594
686
723
1526
2741
1630
722
1509
295
1218
2742
3266
2746
1259
1265
1395
890
2744
297
1218
2741
899
893
892
724
671
898
595
1261
663
663
722
828
1654
723
2742
722
2742
722
678
723
722
722
722
898
795
722
722
722
1656
798
2741
886
898
295
594
723
1657
1223
1652
723
898
722
708
723
723
671
825
889
296
885
722
2741
821
722
862
722
665
722
722
722
723
662
805
723
723
671
827
722
722
714
898
898
722
723
2741
797
722
2741
722
1251
710
2742
722
2742
898
1657
722
1657
594
1544
594
2742
1657
1223
1654
1654
2744
1542
2741
827
1652
2744
2744
1223
2741
2742
1509
1781
1513
722
2742
886
722
2741
2742
2741
1656
594
2741
722
2744
869
2741
594
722
2742
1657
899
853
2741
2742
1263
2742
2742
1654
3266
722
2742
722
2741
2741
2741
2742
2741
2226
886
722
2744
671
2742
2744
722
2741
898
2742
2742
2005
722
1656
664
898
881
1528
797
1532
723
2741
722
2741
723
1549
669
2736
2741
722
1657
1194
2744
898
2742
722
2744
723
2742
2744
2742
2742
1781
1656
1656
722
2742
1531
2741
2741
1528
2007
722
666
2744
3266
294
1656
898
1744
1554
723
2742
657
1656
723
2744
1538
2741
723
722
1538
2741
2744
3266
723
866
2742
722
851
2742
722
2741
2742
594
1655
2744
886
2741
2594
2742
722
2742
1656
2742
722
794
2742
878
2741
2741
1656
1257
2742
2742
722
899
898
595
1654
2742
1656
894
2003
2744
2741
2744
2744
1264
1656
881
2744
2226
2741
2742
2742
2742
1656
2227
2742
2744
2744
1656
2741
2741
2744
2742
2226
703
855
595
1522
2741
1491
1226
594
2226
2744
594
723
2744
722
862
886
295
1655
2741
2742
295
2744
723
2004
1656
1656
2742
1656
2742
1266
722
1654
898
864
702
2741
798
1656
661
2742
723
1265
899
1218
2741
2758
2742
2742
1250
1656
2741
668
1656
2744
722
295
1655
1656
1649
1654
888
1655
2742
2741
1509
898
829
899
2742
1266
723
795
722
899
722
595
1263
722
722
2742
1511
2741
2741
722
280
722
2744
881
2741
2741
2744
3266
1251
1654
671
2744
722
898
1654
1656
2742
1655
2741
1547
723
2742
1657
1510
722
1656
2597
2226
722
722
1655
822
722
719
2744
723
2742
295
295
295
1656
722
1656
722
722
722
886
595
2742
674
2742
722
2597
665
722
2744
898
2744
3266
2740
2742
899
722
898
295
866
595
723
723
1264
2741
2742
722
722
723
2742
1651
2741
594
722
1267
722
2742
1656
722
2006
722
2741
670
723
2740
723
595
677
723
888
2227
2227
2226
2742
692
1251
2744
2741
2226
2742
722
723
2742
799
722
665
2744
887
2742
297
2742
2744
723
704
2744
722
2758
1655
886
2227
2744
2744
595
898
668
723
594
2741
723
2594
723
1223
722
1509
722
1260
2744
2742
722
1531
722
722
722
1656
722
890
595
721
2742
722
1259
595
2227
722
1657
888
2742
2742
2744
2741
2744
2741
722
723
1656
1654
2741
2742
2742
721
723
865
2742
2742
1783
2741
657
2742
1656
899
722
1654
2742
1250
2742
722
1223
2741
864
595
2741
594
2742
713
2744
722
1655
1226
722
2741
722
2741
898
2597
722
898
2743
1251
2741
595
3266
2594
1218
1526
722
2741
594
722
864
723
2741
2742
1509
886
1652
2742
594
1656
723
2742
295
1657
3266
899
1656
722
2742
669
1656
723
2744
1656
2741
594
1258
806
2743
2741
2479
722
723
2739
2742
2742
1541
869
2742
723
595
2744
2742
2742
2741
594
722
1218
722
2741
2741
2733
2744
2741
722
722
1547
295
2742
2742
2742
1655
879
595
2741
1250
723
2741
804
1656
594
2742
1769
2742
722
2741
1531
722
899
2744
2741
2227
805
1656
722
2741
595
2744
719
2741
722
295
879
879
2742
2741
1250
2744
2004
861
898
1657
722
2744
722
2739
2741
860
1656
2003
2742
722
2741
722
296
296
296
595
720
2226
898
1656
594
1657
595
2742
1657
2487
595
295
722
2744
898
2744
2005
2596
722
1656
722
2739
2594
294
887
1262
2742
898
2740
722
723
722
297
296
296
722
2742
594
1656
294
1657
2742
595
296
594
723
295
2741
723
1656
723
2744
722
1656
595
1657
594
1657
665
1656
666
1654
663
899
722
2744
2007
1654
2741
854
720
1654
899
898
595
1655
2741
2741
2742
2741
2741
1653
2742
1252
818
2742
1526
2740
898
2744
2742
2740
1266
722
722
286
868
723
2597
2741
296
296
2741
1656
595
868
899
2741
595
2741
722
3266
723
1657
2744
1654
2741
2744
2741
723
868
1654
2740
862
1657
1250
1656
2741
2744
2741
1250
594
2741
2006
1533
722
722
296
665
863
1655
2744
722
656
295
1218
1257
2742
722
2742
2741
2226
1656
2744
2742
2742
722
2741
663
722
2741
2744
2226
2741
2742
2741
1656
722
899
1656
1223
722
1656
898
2744
898
1543
3266
1267
595
722
297
722
722
296
296
296
2742
298
722
899
2594
295
296
595
296
594
2742
594
722
723
1656
594
2744
722
1258
296
722
594
722
2742
866
1657
878
1251
801
1657
898
722
1651
594
842
722
2744
722
881
722
1656
722
722
663
2594
722
594
2741
722
2744
2121
2742
723
722
2741
1653
1656
2227
1657
718
2742
2742
1783
2742
2744
1657
2741
1265
2741
723
2742
2741
2742
722
2742
2744
2736
1657
722
2742
722
2742
1656
1261
723
2741
1657
722
3266
720
1218
722
1657
595
2742
723
2741
2744
2742
872
795
594
1657
723
722
1507
1656
1655
295
2227
2744
2742
2741
2744
2741
2741
595
668
1498
1656
595
723
2742
2226
722
2227
1526
722
663
722
2741
1533
295
2595
722
669
2742
1647
3266
863
595
1226
595
899
1656
295
722
1654
799
657
722
898
595
702
898
2744
722
295
669
2741
595
722
2742
898
723
1655
2226
2004
1651
1656
2742
1534
668
2297
296
296
1250
2742
296
722
2741
2744
2594
2740
2742
2742
722
722
2742
887
3157
2741
722
2631
898
2741
722
722
722
703
1656
2741
2742
2008
1656
856
1252
2741
722
1543
722
2741
722
1654
722
866
294
296
296
296
296
296
2742
2742
2742
723
2741
1656
1656
2744
1654
2744
2226
2227
1654
1656
2004
2742
1783
1653
1264
2742
666
2741
1266
662
722
722
889
723
594
827
866
1258
724
2741
722
1531
2594
722
1656
722
887
1218
2741
2006
898
823
722
2741
722
1251
799
2745
1653
1657
1655
1655
2742
1655
2742
1223
899
2742
722
2741
2741
2742
1509
2741
2742
2741
2741
722
2744
595
2741
2741
1656
1656
663
1655
723
1640
1655
1655
723
1657
595
1250
722
1655
595
1650
898
1655
898
719
722
594
2227
2742
722
1656
723
1510
666
1655
1258
722
2744
722
1631
722
898
723
2741
2741
2744
1656
2742
3266
2741
1656
2741
296
1266
723
2742
899
296
1656
2742
2741
1262
2744
861
1653
2741
2742
2741
594
1652
2226
2741
2742
722
2597
1546
2741
1263
1655
1655
595
2742
1779
2744
2742
2227
2741
295
1531
723
594
594
722
898
722
892
1530
722
2741
2597
2744
722
2742
2594
860
722
2742
723
1538
662
2760
595
2739
722
722
595
297
296
296
296
296
296
296
296
295
296
296
296
295
296
296
886
296
296
296
295
296
296
296
296
296
296
296
295
296
296
295
296
1655
296
295
295
296
1223
296
296
296
295
296
296
296
296
296
296
296
296
1654
296
295
296
297
296
296
296
296
296
298
296
296
296
296
296
296
297
296
437
297
296
296
296
296
296
296
296
296
296
296
296
296
296
296
296
296
296
295
296
296
296
296
296
295
296
296
296
296
295
296
295
296
296
296
296
295
295
296
296
296
296
295
296
297
296
297
1655
296
297
296
296
298
296
296
295
295
296
296
296
296
295
296
296
296
296
296
296
296
296
296
296
297
722
296
296
296
296
296
295
1781
296
296
295
296
296
296
296
296
296
296
296
296
296
295
296
296
296
296
296
295
296
296
296
296
296
296
296
298
295
296
296
296
296
296
296
296
295
296
296
296
296
296
296
296
296
296
296
295
296
296
296
296
296
295
295
296
296
296
296
296
296
295
657
296
295
296
295
295
296
296
296
296
295
296
295
296
296
296
296
296
295
295
295
296
292
298
296
662
295
296
296
295
296
295
296
296
296
296
662
899
295
295
296
722
296
295
296
296
296
295
296
296
297
295
296
296
296
296
296
296
296
296
296
297
295
296
295
296
296
296
296
296
296
595
296
296
296
722
297
296
295
296
296
724
297
295
296
296
295
296
296
295
296
295
296
899
297
296
296
296
295
295
296
295
296
296
296
296
296
296
295
296
296
296
296
296
296
296
296
297
296
295
296
296
296
298
296
296
295
1655
295
296
296
296
296
1655
296
297
296
296
297
296
296
296
294
296
296
295
296
296
296
296
296
296
295
296
1252
296
298
295
298
295
295
296
296
296
296
295
296
296
296
296
296
296
296
296
296
296
296
296
295
297
296
296
296
296
296
296
296
296
296
296
297
296
296
296
295
296
296
296
295
296
296
296
296
296
296
296
296
296
296
296
296
296
296
296
296
296
296
296
296
296
296
296
296
296
298
295
295
296
1655
296
296
295
296
296
297
297
296
296
296
1654
296
296
296
296
296
295
295
296
296
296
594
295
296
296
296
296
296
722
297
298
296
296
886
296
296
296
296
296
296
296
295
297
296
296
296
296
296
296
295
295
296
296
297
295
296
296
296
703
296
296
296
295
296
296
296
296
296
296
296
296
296
296
296
296
297
1257
296
296
296
296
296
296
296
296
296
296
296
296
296
296
595
297
296
297
298
296
295
296
296
296
296
296
297
898
296
296
296
296
295
296
296
296
296
296
296
296
296
296
295
296
296
296
298
296
296
296
296
296
295
296
296
296
723
297
296
296
296
296
296
296
296
296
295
296
296
296
296
296
295
296
296
296
296
296
296
295
296
295
296
296
296
294
296
296
296
296
296
295
296
296
296
722
296
296
296
1262
295
298
296
296
296
295
296
296
296
296
296
294
296
296
296
295
296
296
296
295
295
298
296
295
296
296
296
296
295
296
296
1508
296
296
296
296
296
292
296
298
295
295
296
295
296
296
296
296
296
296
296
295
296
295
296
296
296
296
296
296
296
812
296
296
295
296
296
296
297
296
1655
296
297
296
296
1655
295
296
594
3156
723
722
595
722
722
722
723
722
722
721
722
723
297
296
295
296
296
296
295
296
296
296
296
296
296
296
295
296
296
296
296
296
296
297
296
296
296
296
296
297
295
296
296
1656
296
296
296
296
296
296
296
297
296
296
296
296
296
296
296
1783
296
296
296
1655
296
296
295
296
296
297
296
296
296
296
296
295
298
296
295
296
296
296
296
296
295
296
296
298
296
296
296
298
296
296
297
296
296
295
296
296
295
296
296
296
295
296
296
296
294
295
296
295
296
296
296
722
297
296
296
296
296
296
296
296
296
296
296
296
1655
296
1655
296
296
296
296
295
296
296
296
296
296
296
296
295
295
296
296
296
295
296
296
296
296
296
298
296
296
296
296
668
296
296
296
296
296
296
296
296
1655
295
295
296
296
296
296
296
296
1785
296
296
296
296
297
296
296
296
296
296
296
296
296
295
295
296
296
1654
296
296
798
296
803
296
296
296
295
296
1655
296
295
722
664
296
296
295
296
296
296
296
296
296
295
296
296
296
296
296
295
296
296
295
296
295
298
296
296
296
295
296
296
296
295
296
296
296
296
296
296
296
296
296
295
295
296
296
295
296
295
296
296
296
296
296
595
2008
295
296
298
296
296
296
295
296
296
296
296
295
298
296
296
722
297
1655
722
296
296
296
296
295
295
296
296
295
295
296
296
296
296
296
296
298
295
298
296
296
296
296
296
296
296
296
296
296
296
295
595
296
296
297
296
296
295
296
296
881
297
296
295
295
295
296
296
295
296
296
594
296
296
296
296
723
296
296
296
594
297
669
722
723
896
722
722
296
594
295
721
595
297
295
296
296
861
296
296
296
296
296
296
296
296
296
296
295
594
296
296
296
296
296
295
296
296
296
296
295
296
296
296
296
296
296
296
295
296
296
296
296
296
295
296
295
296
296
294
296
295
723
296
666
296
295
295
295
296
1780
295
296
296
1784
296
296
295
296
296
296
295
295
1940
296
296
296
296
296
296
296
296
296
296
296
296
296
295
296
296
296
296
296
298
296
296
296
296
861
296
296
296
296
296
296
296
296
723
1655
297
296
296
296
296
722
296
296
668
296
296
295
296
296
296
296
296
296
296
296
295
296
296
296
295
899
296
295
295
296
296
296
296
296
1655
296
296
722
1223
296
723
297
1655
296
296
295
296
296
295
296
296
295
296
296
1226
296
296
296
296
898
296
296
296
296
296
296
296
1268
296
296
296
296
296
296
296
295
296
295
296
296
296
296
296
296
863
296
296
899
296
296
297
296
291
296
296
296
296
1906
297
296
296
296
296
295
296
296
296
296
296
296
296
296
295
295
3266
296
296
296
1655
296
296
296
295
296
296
296
296
296
296
296
1655
296
296
298
296
295
296
296
296
296
296
296
1782
296
296
296
296
296
296
296
296
295
295
296
1782
296
296
296
295
296
296
296
296
3266
295
295
1658
296
296
295
296
296
296
297
295
296
295
296
296
861
296
296
295
295
295
296
296
295
296
297
296
296
1654
296
899
296
295
296
296
296
296
1655
296
296
296
296
296
296
296
296
296
296
296
898
1653
296
295
297
296
295
296
296
296
296
296
722
296
296
295
296
297
296
296
296
296
296
296
296
295
295
296
296
296
296
296
296
296
296
296
296
595
295
296
296
296
296
296
296
1656
297
1653
296
296
296
296
296
296
296
295
295
296
296
298
296
296
296
296
296
297
296
296
296
1653
296
296
296
1782
296
296
296
296
296
296
296
295
3266
296
295
296
1784
296
295
296
296
296
296
295
296
295
297
1528
296
722
1656
296
296
1250
296
296
296
296
295
296
295
296
296
296
296
296
295
296
296
296
296
296
294
296
296
683
296
296
296
1655
296
296
296
296
296
296
296
296
296
296
296
296
296
295
296
296
296
294
296
296
296
296
296
296
296
296
296
296
296
295
296
296
296
296
296
295
296
295
296
296
297
296
296
296
295
296
723
296
296
296
296
296
296
296
295
296
296
296
296
296
296
296
296
296
296
296
296
296
296
296
296
595
296
296
297
296
296
296
296
295
296
296
722
295
296
295
296
296
295
296
296
295
296
296
296
297
296
296
296
296
296
296
296
296
297
296
296
296
295
296
296
295
295
296
296
296
296
295
1227
722
297
297
296
296
296
296
296
296
296
296
296
295
296
296
296
782
296
295
296
296
296
296
296
296
295
296
296
295
296
296
296
296
296
296
295
296
296
296
295
296
296
296
296
296
296
296
297
296
296
296
296
296
296
296
296
296
296
296
296
296
296
296
295
296
296
296
296
296
296
296
294
296
296
295
1656
296
296
296
298
296
296
296
296
296
295
296
296
296
296
296
295
295
296
296
296
1657
296
296
296
296
296
296
296
296
296
296
296
296
296
296
296
296
296
296
296
296
296
296
296
296
296
295
296
296
705
297
296
296
296
296
296
295
295
296
296
296
296
296
295
296
296
594
296
296
296
296
296
296
296
296
296
297
296
295
295
296
296
296
296
296
295
296
296
296
296
296
298
295
296
296
296
296
296
296
296
295
296
296
296
296
295
296
296
296
295
296
296
296
296
296
296
296
296
296
295
296
723
296
295
296
296
296
296
296
296
296
813
296
297
296
296
898
297
295
296
296
296
296
295
296
296
296
296
296
723
296
296
296
296
296
296
295
296
296
296
296
296
296
296
296
888
297
296
296
296
296
296
296
664
296
295
296
296
296
722
296
296
295
296
296
297
296
296
296
722
296
296
296
296
296
295
296
296
294
296
722
296
296
296
295
296
296
296
295
869
296
295
295
296
296
296
296
296
296
296
296
296
296
594
295
296
296
296
295
296
723
296
296
296
296
296
296
1654
296
296
296
296
296
296
296
296
296
296
296
296
297
295
296
296
296
296
296
296
298
296
295
297
296
296
296
296
296
296
295
296
296
296
296
296
296
296
296
296
296
296
296
296
296
296
296
296
296
295
296
296
295
296
296
296
296
296
297
296
296
296
296
296
296
296
296
296
1657
1654
296
295
298
296
296
296
295
296
296
296
296
296
297
675
1264
665
296
297
296
296
296
296
296
1655
296
1654
296
296
296
296
296
296
296
296
296
295
296
295
296
295
296
296
296
296
295
295
296
296
294
296
296
296
296
296
296
295
1654
1225
296
296
295
295
295
296
295
296
296
296
296
1655
296
295
296
296
296
296
295
296
295
296
723
296
594
295
296
1654
296
722
297
295
296
797
296
296
296
296
296
296
296
296
295
296
296
1655
296
878
296
296
722
296
296
296
296
295
296
295
296
296
296
296
296
296
296
296
296
296
296
298
296
296
296
295
296
296
295
296
296
296
296
296
296
296
296
898
296
296
296
296
295
296
295
296
594
296
296
296
296
296
296
296
296
296
296
296
296
296
296
297
296
296
294
295
296
296
296
296
296
296
1538
296
296
296
296
296
296
295
296
296
297
296
296
296
295
296
296
296
296
296
296
296
296
296
296
296
296
296
295
1655
296
296
296
296
296
296
296
298
295
296
295
722
297
296
296
296
296
295
296
296
297
1652
296
296
296
296
296
296
296
296
296
296
296
296
296
295
296
295
296
296
296
296
296
295
295
296
296
296
296
296
296
296
296
296
296
722
295
296
296
296
296
296
296
296
296
296
296
296
296
296
899
296
295
829
296
295
296
296
296
296
296
296
296
295
296
296
296
296
296
296
296
595
297
296
296
296
722
297
298
296
296
295
594
296
722
296
296
296
296
296
296
296
295
295
298
296
296
296
296
296
296
296
296
298
898
297
296
297
296
296
296
294
296
296
296
296
296
296
296
296
296
296
296
296
296
296
296
296
298
296
870
295
296
296
296
297
297
296
296
296
296
296
296
296
1784
297
296
296
296
296
296
1785
295
298
296
296
296
296
3266
1650
295
296
296
296
298
295
296
296
296
296
296
296
296
296
296
295
723
296
296
296
296
296
296
296
296
296
297
296
296
296
296
296
296
296
296
296
295
296
296
296
296
296
296
294
296
296
1655
296
296
297
296
295
296
723
297
296
296
296
295
296
296
296
899
296
296
296
296
296
296
296
295
296
296
296
296
296
295
296
295
296
296
296
296
594
297
296
296
722
296
296
296
296
722
296
296
722
296
296
296
297
296
296
296
296
296
296
297
296
298
296
297
296
296
298
296
296
853
295
295
296
296
296
296
296
296
296
295
296
296
297
296
295
864
296
296
1655
296
296
296
297
296
296
296
296
296
298
296
296
297
295
296
296
296
296
296
296
296
722
296
298
296
296
296
296
296
295
296
296
296
296
298
295
296
296
296
296
1655
295
295
296
295
296
296
296
296
294
296
295
296
296
297
296
1654
296
295
296
296
296
1655
296
296
296
292
296
296
296
296
296
296
296
296
295
296
295
296
296
296
296
296
296
296
295
296
296
296
296
296
297
296
1655
296
295
296
296
296
297
295
899
296
296
296
296
297
297
296
296
296
296
296
296
296
296
296
295
294
296
296
296
296
296
295
898
296
296
295
296
296
296
295
296
296
296
296
296
296
296
296
296
296
296
296
296
298
295
799
295
296
296
296
296
296
296
296
296
296
296
296
296
295
296
295
296
297
295
294
296
296
296
296
296
899
296
296
296
296
296
296
296
296
296
298
296
723
296
296
296
296
296
296
296
296
722
296
296
296
296
1250
296
296
296
296
668
296
296
296
296
296
295
296
296
296
296
296
295
296
722
295
296
296
296
296
296
296
296
296
296
296
898
296
296
295
296
296
296
296
296
295
296
296
296
1655
296
295
664
297
296
296
295
296
296
295
295
296
295
296
295
295
296
295
298
296
295
296
296
296
296
898
296
294
296
296
1655
296
296
296
296
296
296
296
296
296
296
295
296
296
295
295
296
296
294
296
296
296
296
296
296
297
297
296
296
295
296
296
296
295
296
296
1785
296
296
296
296
296
296
296
295
296
296
296
296
296
296
1655
296
296
295
296
296
722
296
296
295
1258
296
296
296
296
296
296
296
296
296
1783
296
295
296
296
296
296
295
296
898
297
296
295
295
296
296
296
297
296
296
296
296
296
297
296
296
296
296
295
295
296
296
296
296
296
296
296
296
295
296
296
296
1655
296
295
296
296
296
296
297
1656
296
295
296
1654
296
296
296
595
297
296
296
296
296
296
296
296
295
296
296
296
296
296
296
296
296
296
296
296
295
295
296
296
296
296
296
296
295
296
296
296
296
296
296
296
296
296
295
296
296
296
296
296
295
296
296
296
1655
297
296
296
296
296
296
296
296
296
297
295
296
295
296
296
296
296
296
296
296
296
296
296
295
296
296
296
296
296
296
296
295
1657
295
296
296
296
296
296
723
296
296
296
296
296
297
296
1656
297
296
296
296
296
296
296
296
296
296
296
296
296
296
296
296
296
295
296
296
296
296
296
296
296
296
1657
296
722
297
296
295
296
296
296
296
296
296
296
296
296
296
296
296
296
297
296
297
296
296
296
296
296
295
295
296
296
296
296
296
296
296
295
296
296
296
1250
296
296
296
296
296
296
295
296
295
295
296
296
1655
296
296
296
296
296
296
296
297
296
296
296
296
296
296
296
292
296
702
296
296
297
296
295
296
296
296
296
296
297
296
297
296
295
296
296
296
296
296
296
296
296
296
296
296
295
298
898
296
296
722
295
296
296
296
296
296
296
296
296
296
296
295
722
296
295
296
297
296
296
595
297
296
296
296
1511
296
296
723
297
296
296
295
296
594
297
722
296
296
296
296
296
296
296
666
296
296
296
297
296
296
296
295
296
296
296
296
295
296
296
296
296
296
296
296
295
296
296
296
296
296
296
296
296
296
296
296
296
296
296
296
296
296
296
295
296
296
295
296
296
296
296
296
296
296
296
296
296
296
296
293
296
296
296
296
296
296
296
296
295
297
296
296
683
296
296
296
296
296
296
1785
295
296
1535
295
296
296
296
1655
295
296
295
296
295
296
295
296
297
296
296
713
297
296
296
296
296
296
296
296
295
296
296
1655
1654
296
594
723
296
296
295
898
296
296
296
296
802
296
294
296
298
296
296
296
296
296
1655
295
296
296
666
296
296
296
296
296
295
296
296
296
296
296
296
296
296
298
295
294
296
296
296
296
296
296
296
294
296
296
295
296
1655
296
296
296
296
296
295
296
296
295
296
296
297
296
295
296
296
296
295
296
296
295
296
296
296
296
296
297
1655
296
296
296
296
295
296
295
296
296
296
296
296
296
296
296
296
296
296
295
295
296
295
296
296
290
296
296
296
296
296
296
296
296
295
296
295
296
296
296
296
296
296
296
296
295
296
296
296
296
296
296
295
296
296
296
298
663
296
295
296
295
296
296
296
296
296
296
298
296
297
295
296
296
296
296
296
296
296
296
297
296
298
297
296
296
297
296
296
296
296
296
295
296
296
296
296
296
1655
296
296
296
296
296
296
296
296
296
898
296
296
296
296
296
296
296
296
295
296
296
298
296
296
296
296
296
295
296
296
295
296
296
296
296
594
297
296
296
296
296
296
296
296
296
295
296
296
295
296
298
296
296
295
296
296
1785
296
296
296
296
296
296
296
296
296
296
296
296
296
295
296
296
297
296
296
296
296
296
295
296
296
296
296
296
1782
296
296
295
296
296
295
296
296
296
296
296
296
295
296
296
296
296
298
295
296
296
296
295
296
296
1656
294
296
296
296
296
296
296
296
296
296
297
296
295
850
296
296
296
296
295
295
296
296
296
297
298
296
296
297
295
296
296
296
1653
296
296
296
722
296
296
722
296
295
296
296
296
296
296
296
296
296
296
296
296
296
296
296
296
295
296
296
716
296
296
296
296
296
296
296
296
296
722
295
296
296
296
296
295
296
296
293
296
296
296
296
296
296
295
296
296
296
296
296
296
296
296
296
296
296
296
296
296
296
722
296
294
295
296
296
296
667
296
295
296
296
296
296
295
295
296
296
296
296
296
296
295
296
296
296
296
296
296
296
295
594
296
296
296
295
296
296
296
296
296
296
295
296
296
295
296
296
295
722
296
1658
295
296
296
296
296
296
1655
296
296
296
296
298
298
295
295
296
296
295
295
296
595
296
296
1543
296
296
296
296
296
296
1656
296
296
296
296
296
296
296
294
296
295
296
296
296
296
296
296
296
296
296
296
295
296
296
296
296
296
1658
296
296
296
296
296
296
296
297
296
296
296
296
296
296
295
296
296
296
296
296
296
296
296
295
865
296
296
296
296
296
295
1492
296
296
295
295
1655
296
296
296
1655
296
296
296
296
296
296
296
295
296
296
295
296
296
296
1654
296
296
296
296
296
296
295
296
296
296
296
296
296
296
295
296
296
296
297
296
296
296
296
296
296
296
296
296
296
296
295
296
296
296
296
1263
1655
296
296
296
296
296
295
1656
296
295
296
1780
296
296
296
296
296
296
296
296
295
296
899
667
296
296
296
296
296
1655
296
722
296
296
296
296
296
296
298
298
296
296
296
296
296
296
295
295
296
295
296
296
295
296
296
297
296
296
296
296
295
296
296
296
296
296
296
1656
296
296
295
296
296
296
296
1655
296
296
296
296
296
296
1783
295
296
296
296
296
296
296
296
296
296
296
296
295
296
296
296
296
296
296
296
296
296
722
296
295
296
296
296
296
296
296
295
296
296
296
296
296
295
296
1654
296
296
296
296
296
296
296
296
295
296
296
296
295
296
296
296
296
296
297
298
1654
296
898
296
296
297
296
296
1656
1780
296
295
298
296
296
296
295
296
297
296
295
296
296
296
296
295
296
296
296
296
296
296
296
296
296
295
296
296
296
296
296
296
296
295
295
296
296
296
297
296
296
295
296
1225
296
296
295
295
296
1655
295
296
296
295
296
296
296
296
295
296
296
296
296
296
296
296
296
296
296
296
296
296
291
296
295
296
296
296
296
296
297
296
297
296
1653
295
296
296
296
296
296
296
296
296
296
296
723
297
296
296
296
1655
296
295
296
296
296
295
296
296
2004
296
296
296
296
1226
296
296
296
1785
296
296
296
297
296
296
296
295
296
295
296
296
296
297
296
296
296
296
296
296
296
296
296
296
296
296
296
296
296
298
296
296
296
296
296
296
297
1250
296
296
296
296
296
296
296
298
296
296
296
296
296
296
296
296
296
1655
296
296
296
296
296
295
296
296
296
296
297
296
296
887
1534
296
296
296
296
296
295
296
296
296
295
296
296
296
296
296
296
296
296
295
295
296
722
295
862
296
296
296
296
296
296
296
296
296
296
296
296
296
296
295
296
296
296
296
296
294
296
295
295
719
296
1263
296
297
296
296
295
296
296
296
296
296
691
296
296
296
295
296
295
296
296
296
296
296
296
296
296
296
296
296
296
297
298
296
295
295
296
296
296
296
296
296
296
296
296
296
295
296
296
296
296
899
295
296
296
295
290
296
296
296
296
296
296
295
296
296
296
296
296
296
296
296
296
296
297
296
294
296
295
296
296
296
296
296
297
296
296
294
296
296
296
296
296
295
296
296
296
296
722
296
296
296
296
296
296
295
296
296
296
898
297
723
296
723
296
296
296
295
296
295
296
296
296
295
295
297
296
665
296
295
297
295
296
296
296
296
296
722
296
296
296
296
722
297
296
296
296
296
296
296
296
296
296
296
296
296
296
295
296
296
296
296
295
1782
295
296
296
294
295
296
296
296
296
296
296
296
296
296
296
296
295
296
297
1507
296
296
296
296
296
296
296
295
296
296
295
1782
296
294
1655
296
296
297
296
296
296
1780
295
296
295
296
296
296
296
296
298
296
1655
296
296
295
296
296
296
296
296
296
296
296
296
296
1266
296
296
296
296
296
296
296
296
296
296
298
296
296
296
296
295
296
296
295
296
296
295
296
297
296
296
296
296
295
296
296
296
296
296
296
296
296
296
296
296
296
296
296
296
295
296
296
296
295
296
296
296
296
296
298
296
296
296
296
296
296
296
296
296
296
296
296
295
296
296
296
296
296
296
295
750
295
296
296
296
296
296
295
295
296
297
296
296
296
723
295
296
296
722
296
296
296
296
296
594
296
296
296
296
296
296
296
1782
296
296
1654
1655
296
296
722
295
670
297
296
296
296
295
1782
295
296
295
296
291
1655
296
296
295
1785
296
296
296
296
296
296
296
296
296
296
295
296
1655
296
296
1785
295
296
296
296
869
723
296
1654
296
296
296
296
296
294
296
1655
295
296
296
296
295
829
296
296
296
294
296
1655
296
296
296
296
296
296
683
296
296
296
296
296
297
296
295
296
295
295
296
296
296
296
296
296
296
296
296
296
295
295
295
296
296
295
296
295
1656
295
296
295
296
296
295
296
295
296
296
295
295
295
296
295
296
296
296
722
296
296
296
295
296
296
296
296
296
296
296
298
298
296
298
295
296
297
296
296
296
296
295
296
296
297
296
296
296
296
296
295
295
296
296
296
296
296
296
296
296
298
296
296
296
296
296
1656
298
288
296
296
296
296
296
296
296
1654
296
296
296
297
295
296
296
296
296
662
296
296
296
296
296
295
296
1656
295
296
296
294
296
296
295
296
296
296
296
296
296
296
296
296
296
296
296
296
296
296
295
898
297
296
296
296
296
1655
295
296
296
296
296
296
296
296
296
296
296
296
296
296
295
296
296
1654
296
296
296
296
296
296
296
296
296
296
296
296
297
296
296
296
296
296
296
296
296
296
296
295
296
295
296
296
296
296
296
296
296
296
296
296
296
296
297
296
295
296
295
295
296
296
296
296
294
296
296
296
296
296
296
296
296
296
296
296
1655
296
1655
1656
296
296
1653
296
295
296
296
296
295
296
296
296
296
296
296
296
296
295
296
296
295
296
296
296
296
298
295
296
296
296
296
295
296
296
297
296
296
295
296
296
1780
296
295
296
296
296
296
722
296
295
296
867
296
295
296
295
295
296
295
296
297
294
296
296
296
296
296
296
296
722
297
295
296
296
296
295
296
296
296
718
297
296
296
296
296
296
295
295
296
296
296
295
296
296
298
297
881
296
296
296
296
295
296
296
295
296
296
296
295
296
296
296
296
295
296
296
295
296
296
296
296
296
296
296
296
296
296
296
296
296
296
296
296
296
295
296
295
296
296
296
296
295
296
296
295
297
296
296
296
296
298
296
296
293
296
296
296
296
296
296
296
295
297
296
296
296
296
296
296
296
296
296
712
722
295
296
296
296
296
296
295
296
296
296
296
296
296
296
296
296
296
296
296
296
296
296
296
296
296
723
296
296
295
296
296
594
296
722
296
296
297
723
1656
296
295
287
296
1657
296
295
296
296
296
296
296
296
296
296
296
295
296
296
296
295
296
296
296
296
296
296
296
295
296
296
296
296
296
296
1782
296
295
296
295
296
296
297
296
296
296
296
296
295
296
297
296
295
296
295
296
296
296
296
296
295
296
296
296
296
296
1655
296
296
678
296
296
296
296
296
295
296
296
296
296
296
296
296
296
296
296
296
296
296
296
296
295
296
296
296
296
296
1781
296
722
296
296
296
1655
296
295
296
296
296
296
296
296
295
296
722
296
296
296
296
296
296
295
296
295
295
887
295
296
296
296
296
295
296
296
295
295
296
296
296
296
296
296
296
722
296
296
722
296
296
296
296
295
296
296
295
296
293
296
296
297
295
296
296
296
296
296
296
722
296
296
296
295
296
3266
298
296
295
297
296
296
296
1541
296
296
296
296
296
296
296
295
296
295
296
295
296
296
295
296
295
1657
296
295
296
296
295
296
295
296
296
296
296
296
296
296
296
296
295
296
296
296
296
296
296
296
296
296
297
295
296
296
296
296
296
296
296
296
296
296
296
295
296
296
296
296
296
295
296
296
1657
296
296
296
296
296
297
296
296
296
295
298
296
296
296
296
296
296
296
296
296
295
296
296
296
296
296
296
1655
295
295
295
295
296
296
296
296
296
296
296
1653
295
1656
296
296
295
296
296
297
296
296
296
296
1657
296
295
296
297
296
296
295
296
295
296
296
1655
296
296
297
295
296
296
296
296
296
296
296
296
296
1654
296
296
295
295
296
296
296
1655
296
295
296
296
296
861
296
296
296
296
1655
296
296
295
296
296
296
296
296
296
296
296
1655
296
296
295
295
296
296
296
295
295
1655
296
295
296
296
296
296
296
296
296
296
296
296
296
297
296
296
294
296
296
296
1655
296
1782
296
296
296
296
296
296
296
722
297
296
296
295
296
296
297
296
296
295
296
296
296
296
296
296
296
296
1654
296
296
295
296
295
296
296
296
296
296
296
296
296
1657
296
295
296
296
296
296
296
296
296
297
296
295
296
296
295
296
296
296
296
296
296
296
296
296
296
296
295
296
296
296
295
1655
296
897
296
297
296
887
296
296
296
296
296
296
1655
297
296
296
296
295
1655
296
722
295
296
296
296
296
296
296
296
295
294
296
296
296
295
296
1655
296
296
296
296
296
296
296
296
296
723
296
296
295
296
296
296
296
296
296
296
295
298
296
296
296
296
296
296
296
296
1654
296
295
296
722
296
296
296
296
296
296
297
296
295
295
296
294
295
295
296
297
296
296
296
296
296
296
296
296
296
297
296
296
296
298
296
1655
296
866
296
296
296
296
296
296
1784
296
296
296
295
296
296
296
296
296
1784
296
296
296
295
296
296
295
295
295
296
296
296
296
296
296
296
296
296
594
296
296
296
296
296
297
296
296
296
296
296
296
296
295
296
296
296
296
296
298
295
296
296
295
298
296
296
297
296
296
296
296
296
296
296
295
1785
296
295
296
296
296
296
296
296
296
296
296
297
296
295
296
296
296
296
296
296
296
296
296
296
3266
296
296
296
296
296
296
595
296
298
296
666
296
296
296
898
296
3266
296
296
296
295
296
296
294
296
296
296
296
296
1655
296
296
296
296
296
295
296
296
296
296
296
295
296
295
295
1654
296
295
294
296
296
296
296
1654
1656
296
296
295
296
296
297
296
296
296
296
296
296
296
296
296
296
296
296
1781
296
296
296
296
1655
1655
296
296
295
296
295
296
296
296
296
1541
296
296
296
295
296
296
296
296
296
296
296
295
296
296
296
296
296
296
296
296
296
296
296
824
295
296
296
297
296
3266
3266
594
296
296
296
296
296
296
296
295
296
1654
296
296
295
296
298
296
723
3266
3266
296
296
1656
295
296
296
296
296
295
296
296
1654
296
296
296
296
296
295
296
595
297
296
295
296
296
296
296
296
296
298
296
296
296
594
297
296
296
296
722
296
297
296
296
295
722
722
723
296
670
295
296
296
296
296
296
296
296
296
296
296
298
296
296
296
296
295
296
296
296
296
1656
296
296
296
295
296
295
296
296
296
296
722
296
296
295
296
296
3266
296
295
296
296
1782
296
296
296
296
296
296
296
296
298
296
296
296
296
296
295
296
296
296
1780
723
3266
1656
296
296
296
296
296
296
296
712
296
296
1653
296
296
296
2227
295
296
296
295
296
887
296
3266
3266
3266
722
852
1269
722
296
296
723
883
886
297
296
296
296
296
296
594
297
296
888
297
295
296
296
296
296
296
296
296
295
296
296
296
296
722
665
295
1525
296
296
296
296
296
296
296
296
297
296
296
295
296
296
296
296
296
296
296
296
296
296
296
1781
295
295
295
296
296
1655
296
296
295
296
722
297
296
296
297
297
296
296
296
296
296
294
296
296
295
298
296
296
295
656
295
296
296
296
296
296
296
296
296
296
296
296
296
296
296
296
1655
296
296
296
296
296
296
296
296
296
296
296
297
295
296
296
296
296
296
296
296
296
296
296
296
296
295
296
296
296
295
294
296
295
296
296
1655
296
296
296
296
296
296
295
296
1655
296
296
296
296
1539
296
1655
295
296
298
295
298
296
296
296
296
296
296
296
296
295
296
296
296
295
296
296
296
295
296
296
296
295
296
296
296
296
296
296
296
296
296
296
296
295
296
297
296
296
296
296
295
296
296
296
296
296
296
296
295
296
296
296
1655
296
296
296
296
295
296
296
297
295
296
296
295
296
295
296
296
296
295
298
296
296
296
296
296
1655
296
296
296
1657
1654
297
295
296
296
296
296
296
296
296
296
296
296
296
296
295
296
296
296
296
296
296
296
1654
296
296
296
296
296
296
296
296
296
296
296
296
296
296
296
296
296
296
296
297
296
295
296
296
296
296
1223
296
296
296
296
296
296
295
296
296
296
665
296
296
295
296
295
296
296
296
295
294
296
296
296
297
722
723
296
296
296
296
296
295
296
296
722
296
296
295
1655
298
801
296
296
296
1656
296
296
295
296
296
296
297
296
296
296
297
296
296
296
295
296
296
295
296
296
296
296
296
296
296
296
296
295
296
296
296
296
296
296
296
296
296
296
296
296
296
296
296
296
296
1655
295
296
296
296
296
296
297
594
297
594
295
296
295
296
296
296
296
296
296
296
296
296
296
296
296
295
296
298
296
296
296
295
296
296
296
296
295
296
296
296
296
296
296
298
295
1782
296
296
878
297
296
296
296
296
296
296
296
296
296
295
296
296
1655
296
296
296
296
296
296
296
296
296
296
295
296
295
296
296
296
296
296
296
296
296
296
296
296
296
296
295
295
295
296
296
722
296
296
296
296
296
296
296
296
296
296
296
296
296
296
296
296
296
296
296
296
296
296
1655
296
296
296
296
296
297
296
296
296
296
295
296
296
296
296
296
295
296
296
296
296
295
296
296
296
296
296
296
296
296
296
296
296
296
296
296
296
296
898
295
296
869
722
296
294
296
722
296
296
296
296
296
296
295
296
722
296
296
296
296
296
296
296
295
296
295
1783
296
296
296
296
295
296
296
296
296
296
296
296
296
296
296
296
296
296
296
296
296
296
295
296
288
296
296
295
296
296
296
295
296
295
296
296
296
296
296
296
296
296
296
296
723
296
296
296
296
296
296
295
296
296
296
296
296
296
296
296
296
296
296
296
297
296
296
296
296
297
296
722
296
296
296
296
296
296
296
296
1656
1783
296
296
1536
296
1655
296
296
296
296
296
296
296
296
295
296
296
296
296
296
296
296
296
296
296
296
722
296
296
296
296
296
296
296
296
296
296
296
296
296
1227
296
296
296
296
296
296
296
296
298
296
296
295
297
295
296
296
296
295
296
296
296
295
295
296
295
296
295
296
296
296
296
296
296
296
297
296
296
1655
296
296
297
296
296
296
296
296
297
296
296
296
296
296
296
296
296
296
296
296
296
296
1655
295
295
295
295
689
296
296
295
296
296
296
297
296
296
1654
296
295
298
595
297
296
296
296
295
296
296
296
296
296
296
295
296
296
296
296
296
296
296
296
296
296
296
1654
296
296
296
296
296
296
595
297
296
296
296
1655
296
298
296
296
296
298
296
296
296
1655
296
296
296
296
296
296
295
296
296
1655
295
296
296
295
296
296
296
296
296
296
296
296
295
297
295
296
296
296
296
296
296
295
296
296
1654
296
296
296
296
295
296
1655
296
296
1499
296
296
296
296
296
296
295
297
296
296
296
1782
296
295
296
298
296
296
296
296
295
296
295
296
295
296
295
295
296
296
296
296
296
295
296
296
296
296
296
296
296
296
295
722
296
298
296
296
296
296
297
296
296
296
296
296
296
296
296
886
296
296
296
1655
296
295
298
296
296
296
296
296
723
295
296
297
296
296
296
296
295
296
296
296
296
296
296
296
296
296
296
296
296
296
861
298
1656
296
296
296
296
296
296
296
296
296
296
296
296
296
1654
296
1655
296
296
296
296
295
296
296
1653
296
296
295
296
295
296
296
296
296
297
296
296
296
296
296
296
887
297
296
1257
296
296
296
296
723
296
298
296
296
296
296
296
296
295
296
296
296
296
296
296
295
296
296
296
296
295
296
295
296
296
296
296
296
296
296
296
296
295
296
296
296
295
296
296
664
295
296
295
296
296
296
297
295
296
297
296
296
296
296
296
296
296
1654
296
1655
296
295
295
296
296
296
296
296
295
296
296
296
296
296
294
295
295
296
296
296
295
296
296
296
296
296
296
296
296
296
296
296
296
296
296
296
296
296
296
297
296
296
296
295
297
296
295
296
723
296
296
296
296
296
296
296
296
296
297
296
297
296
295
296
296
723
1551
722
723
2739
3266
3156
3266
3266
722
3266
3266
3266
1526
722
3266
295
722
899
296
3266
296
296
296
295
296
296
296
296
296
296
296
296
296
296
296
296
296
296
296
297
687
663
296
296
295
296
296
296
296
1547
722
298
297
1785
296
296
296
296
296
898
297
296
296
717
297
295
296
296
296
296
296
3266
899
3154
2595
3266
3266
3266
723
722
296
296
296
295
295
298
296
722
295
296
296
296
296
296
296
296
296
296
296
297
296
295
296
296
1657
296
296
296
296
296
1655
296
296
295
296
296
722
296
296
295
296
295
295
296
296
296
296
295
703
296
296
296
295
296
296
296
296
296
296
1655
295
1782
295
296
296
296
296
295
296
296
295
296
296
296
296
296
295
296
295
296
296
296
296
295
296
296
296
297
295
722
296
296
296
296
295
296
296
295
296
296
296
296
296
1658
296
295
296
296
1656
296
296
296
296
296
296
295
296
1781
296
296
295
295
2003
296
294
296
1261
296
296
1654
296
296
296
296
296
297
296
296
829
296
1655
296
1654
295
1655
295
296
296
296
296
295
295
295
296
296
296
296
683
296
899
296
296
296
296
295
296
296
295
296
295
296
1782
298
294
295
296
296
296
296
295
296
296
296
296
296
296
296
296
296
295
296
296
296
298
296
295
296
296
295
296
296
296
296
296
296
296
296
297
296
296
722
296
296
295
296
296
296
296
296
296
296
296
296
296
295
296
296
296
296
296
296
293
295
296
296
296
1656
722
296
296
295
296
296
296
296
296
298
295
296
296
296
296
296
296
296
296
296
296
295
296
296
296
296
296
296
296
296
296
668
296
296
296
296
296
295
296
594
297
1654
296
296
296
296
296
296
295
296
296
296
1262
295
296
296
296
296
296
296
296
296
294
296
296
296
296
1658
296
899
298
295
295
296
296
296
296
296
296
295
296
296
296
296
296
296
295
296
296
296
296
295
296
296
296
296
296
296
295
296
298
296
295
296
296
296
296
296
295
296
296
296
296
296
296
295
296
296
296
296
296
296
296
296
296
296
296
296
297
296
296
296
296
296
295
295
296
296
296
296
296
1785
296
296
296
295
1655
2595
3266
3266
3154
3266
3157
2007
2595
3266
1942
723
1932
1939
1942
899
1782
2740
1250
3266
3266
899
1516
3266
3266
3266
2009
3266
296
296
296
296
296
296
296
296
296
295
296
296
296
296
296
296
1654
296
296
296
295
295
296
296
295
296
296
295
296
296
296
295
296
296
295
296
296
296
296
296
296
296
887
296
1654
296
296
296
296
296
297
295
296
296
296
296
296
296
296
1655
296
296
722
295
295
595
3266
297
296
296
296
296
1654
296
3266
3266
3266
3266
722
297
722
2005
899
297
296
296
296
296
2004
296
295
2226
722
595
722
595
886
723
1940
723
826
722
594
295
723
668
723
723
296
882
296
296
296
296
296
296
296
296
296
296
296
296
296
296
295
296
296
296
296
296
296
1655
296
296
296
296
296
296
296
296
296
3266
296
296
3266
296
296
296
296
898
596
296
296
296
296
296
295
898
898
297
296
723
297
800
296
295
722
899
667
1541
1655
296
295
296
296
296
296
296
296
296
296
296
296
295
295
296
296
296
296
296
296
295
296
295
296
722
296
295
296
296
296
296
296
296
296
296
295
296
296
296
295
296
296
722
295
296
296
1654
296
888
296
295
296
296
296
296
298
296
296
295
296
296
296
296
296
297
295
296
295
296
295
1656
296
296
296
296
296
296
296
296
296
296
296
296
295
296
296
296
296
595
296
296
296
296
296
296
296
296
1656
296
296
723
296
296
296
595
295
296
295
296
723
297
295
296
296
296
3266
295
296
296
296
296
296
294
296
297
296
296
295
296
296
296
296
296
296
296
296
1531
296
1538
296
296
665
296
295
295
296
723
296
295
296
296
3266
296
296
296
296
296
296
797
296
295
295
297
296
296
296
295
296
298
296
296
296
296
722
296
296
296
296
295
296
295
296
296
296
296
296
296
594
296
296
723
296
671
669
718
296
296
296
295
595
661
668
594
297
296
296
296
296
296
296
296
296
296
298
296
298
296
795
296
296
296
296
296
1655
296
668
1653
296
296
296
296
296
1654
296
296
296
296
1657
296
296
296
295
296
296
296
296
296
296
296
295
296
296
296
296
898
296
296
296
1548
296
865
296
860
296
296
296
296
295
296
296
296
296
296
296
1655
296
296
295
296
295
2003
296
296
295
295
296
296
296
296
723
665
723
3266
872
595
894
723
723
3266
723
3266
723
2739
723
722
663
296
296
296
296
296
1655
296
296
1654
296
296
296
296
296
296
296
296
296
296
295
296
296
296
296
296
295
295
296
296
296
296
296
296
296
296
295
1261
296
296
296
296
296
296
296
296
295
295
296
722
295
296
296
295
295
296
296
296
295
296
296
296
296
296
296
295
594
297
296
669
295
594
296
296
296
295
295
296
296
296
296
297
296
296
295
295
296
297
296
872
898
722
722
722
296
295
296
295
296
296
295
297
296
296
296
722
297
296
296
723
2003
722
595
720
3266
662
3267
898
1223
722
3266
722
666
722
595
296
722
296
898
722
898
297
296
296
296
296
296
1654
296
3266
295
872
295
296
295
296
296
296
296
296
722
296
296
296
296
295
296
296
296
296
296
296
297
296
296
296
296
296
296
296
296
296
296
296
296
865
890
297
295
296
1530
296
296
296
295
296
296
296
296
296
296
296
295
296
296
296
296
296
3266
296
296
296
296
1548
296
296
296
296
296
296
296
296
296
296
296
1218
296
3266
296
296
296
296
296
296
296
296
296
295
296
296
296
295
295
296
722
296
296
296
296
898
722
296
296
722
296
296
296
296
296
296
296
296
296
723
295
296
295
296
296
295
295
296
296
296
296
296
296
296
296
296
296
296
296
296
296
296
296
296
296
296
295
296
296
296
295
296
1657
296
295
722
1654
296
296
296
296
594
3266
722
3266
3266
1539
882
724
595
899
898
723
297
296
296
296
295
296
296
296
296
296
296
295
296
296
296
297
296
1654
296
297
1655
296
296
298
296
295
296
295
296
296
296
296
296
296
296
295
296
296
296
863
295
1657
296
1655
296
296
296
296
295
295
296
296
296
296
296
296
295
296
296
296
295
295
296
296
296
295
296
296
296
296
296
296
295
296
295
296
297
296
295
296
296
296
296
295
296
296
296
296
296
296
1655
296
1655
296
296
296
296
293
1539
296
295
296
296
296
296
296
296
296
295
296
296
296
296
296
296
296
296
296
1781
296
295
296
296
296
295
296
296
296
296
296
296
296
298
296
296
296
295
296
296
296
296
295
295
296
298
296
295
295
296
296
296
296
296
296
296
296
296
296
296
1653
296
296
296
296
296
295
296
296
296
296
296
296
296
295
296
722
296
296
296
296
296
1780
296
296
296
296
296
296
296
295
296
296
296
296
296
296
296
296
296
298
297
296
296
297
296
723
296
296
296
296
296
295
296
294
296
296
296
1654
296
296
296
295
296
296
295
296
296
295
296
296
295
1781
296
296
296
296
296
296
296
296
296
296
295
296
296
1785
296
296
296
296
295
296
295
296
296
296
296
296
296
297
296
296
1655
296
296
296
296
296
296
296
296
296
296
296
296
722
296
296
296
295
296
296
296
296
296
296
295
296
296
296
296
296
296
296
296
296
296
1658
297
296
296
296
296
296
296
296
296
296
296
297
296
296
296
296
296
296
296
295
296
296
296
864
296
296
296
296
296
296
296
296
295
296
296
296
295
296
296
296
297
296
296
296
1656
1653
296
296
296
295
296
296
296
296
296
296
595
296
296
296
1226
296
296
296
1785
899
1541
3266
297
703
3266
296
296
2003
296
296
296
296
1548
722
3266
723
3266
3266
1530
673
722
296
595
1654
595
594
2140
1254
296
296
296
296
296
1656
296
296
296
296
296
295
296
296
722
297
296
296
296
296
296
296
296
296
296
295
296
296
295
296
296
296
296
296
296
296
295
295
295
1250
296
296
296
295
296
296
1260
296
296
296
296
296
295
296
723
296
722
296
296
296
296
296
296
296
296
296
296
296
297
296
296
296
297
296
296
296
296
296
296
296
296
296
296
295
296
296
296
296
296
296
722
296
296
296
295
296
296
296
295
296
293
296
294
1655
296
296
296
296
296
295
296
296
296
295
296
295
722
296
722
297
296
296
296
296
295
296
722
296
296
296
295
296
296
296
296
296
296
296
723
296
296
296
295
296
296
1654
296
296
296
296
1654
1218
296
296
296
296
296
296
295
296
296
296
296
296
296
723
295
296
296
295
296
296
295
295
296
296
296
296
296
296
296
296
722
296
296
296
296
296
296
296
295
296
296
296
296
296
296
296
296
295
296
296
296
296
295
296
296
296
296
295
295
296
298
296
296
296
295
294
296
296
296
295
296
296
295
296
296
296
296
296
295
296
295
296
296
296
296
296
295
296
296
296
296
296
295
296
296
296
296
296
297
296
296
296
3266
296
295
296
296
296
296
296
295
297
296
296
295
296
296
296
898
296
296
296
296
296
296
295
296
296
296
296
296
296
296
296
298
296
296
296
296
296
295
295
296
296
295
296
296
296
296
296
296
296
296
296
898
296
296
295
296
296
296
296
296
296
296
296
296
296
296
296
296
296
296
296
294
296
296
296
296
296
296
1655
296
296
296
296
595
296
296
296
296
296
295
296
1658
296
292
296
296
297
296
296
296
296
295
296
296
296
296
296
296
296
296
296
296
296
296
296
296
296
296
296
296
1656
1655
296
295
296
296
295
296
296
296
296
296
296
298
296
296
296
296
296
296
296
296
296
296
296
296
296
295
296
296
295
296
296
295
296
296
296
296
296
296
297
295
296
296
296
296
297
295
296
295
296
296
296
296
295
296
296
296
722
296
296
296
295
1654
1781
296
296
296
296
295
296
296
296
722
296
295
298
297
296
296
296
296
296
295
296
296
296
296
296
296
296
296
296
296
296
295
296
296
296
295
296
296
296
296
296
296
295
296
296
296
296
296
295
668
296
296
296
296
296
296
296
296
298
296
296
296
296
296
296
296
296
296
295
297
296
296
295
296
296
296
296
296
296
296
296
296
296
296
296
296
296
296
296
666
296
296
296
296
296
296
296
296
296
296
296
296
297
296
296
295
296
296
296
295
298
296
296
296
296
296
295
296
296
296
296
1655
296
296
296
296
296
296
296
296
295
296
296
296
296
296
296
296
296
296
1654
296
887
296
296
296
296
296
296
296
296
296
296
296
296
1491
297
296
296
296
1655
296
296
296
296
296
295
296
296
296
296
296
295
296
296
295
296
296
296
296
296
295
296
295
722
1655
297
296
296
296
296
296
296
296
297
296
296
595
297
296
296
296
296
1780
296
296
296
1781
722
296
296
296
296
296
295
296
296
296
296
296
296
296
296
1656
296
295
295
295
296
295
298
296
1655
296
296
296
295
296
296
296
295
297
296
296
296
296
296
296
296
295
296
296
296
296
296
594
296
296
297
296
296
296
296
296
296
296
296
296
295
296
295
295
296
296
296
296
296
296
295
296
701
296
295
296
295
723
297
296
296
296
296
295
296
295
296
296
296
296
1655
296
295
296
296
296
296
296
296
295
296
296
296
297
296
295
296
295
295
296
296
296
296
296
296
296
296
296
296
298
296
297
296
296
296
722
297
296
296
296
296
296
295
296
296
296
296
296
1782
295
296
296
295
296
296
296
296
722
296
296
296
296
1655
296
296
295
296
296
296
297
296
296
295
296
296
296
296
297
296
296
295
1655
886
296
297
296
295
298
296
296
296
296
296
297
595
296
295
297
296
296
296
296
296
296
296
296
296
296
296
296
297
296
296
296
296
296
296
295
296
296
296
297
296
296
723
296
296
296
296
296
295
296
296
296
296
296
296
294
296
295
293
296
296
296
296
296
296
296
296
296
295
296
296
296
296
1657
296
296
295
723
297
294
296
296
296
296
296
296
296
296
722
296
296
296
296
296
296
295
2741
295
296
296
296
296
296
295
296
298
296
296
296
296
296
296
723
297
722
297
296
296
296
296
722
296
296
296
296
296
295
296
296
296
296
296
296
296
296
296
295
296
1655
296
296
295
296
296
296
295
296
296
295
296
296
296
295
1258
296
296
296
296
296
296
296
296
296
296
1657
296
296
295
296
296
295
295
295
296
296
296
296
295
296
296
296
295
296
295
296
296
298
296
296
296
722
295
296
296
295
297
295
296
296
297
296
296
296
296
295
297
298
296
296
296
296
296
296
296
296
296
296
296
296
296
296
296
296
296
296
296
296
296
296
296
296
296
296
296
296
296
296
703
296
296
296
296
296
296
296
296
296
296
1656
296
296
296
295
296
296
296
296
296
296
1782
296
296
295
296
297
296
1655
296
295
1656
296
296
296
296
295
296
296
296
296
296
296
296
296
1654
1655
296
296
296
296
1656
296
296
296
296
295
295
296
296
295
296
296
296
296
296
723
1780
296
296
296
296
296
296
296
296
295
295
298
295
296
296
295
296
1654
296
296
297
296
296
296
296
296
296
296
296
296
294
295
1656
296
656
296
296
296
296
1785
296
296
296
295
296
296
296
1785
296
297
2004
296
296
3266
3156
2003
1260
3266
723
2227
1250
3266
3266
3156
3266
2738
2003
1541
1223
1223
3266
2742
3266
3266
3266
2006
3157
297
722
3266
3266
3266
295
296
295
296
296
296
296
295
296
296
296
296
296
1655
296
296
296
296
296
296
296
296
296
295
296
296
295
297
296
1655
296
297
296
295
295
296
1655
296
296
296
296
296
298
296
295
296
296
296
295
295
296
296
296
296
296
296
296
296
296
295
296
296
295
296
295
296
296
296
296
296
296
296
296
296
295
296
296
296
296
296
296
296
296
296
295
298
296
295
296
1260
296
296
1779
295
296
296
296
296
296
296
1654
296
296
296
296
296
296
295
295
1784
296
1655
296
296
296
295
295
296
296
296
296
296
1656
296
296
863
901
298
296
296
3266
3266
3266
296
296
296
296
296
296
296
296
296
295
296
296
295
296
296
296
296
297
296
296
296
296
296
296
296
296
864
296
295
296
296
294
296
298
296
297
295
296
296
296
2226
295
296
296
296
296
296
1254
3266
722
296
2742
1536
296
296
1654
296
296
296
296
656
723
3266
722
3266
722
722
870
892
721
723
723
722
3266
722
1655
296
295
296
296
296
1781
295
296
296
296
886
296
296
296
296
1655
595
296
296
296
296
296
296
296
296
296
296
296
666
296
296
3266
296
296
298
3266
296
296
296
296
296
296
295
296
723
296
1657
296
296
296
703
3266
296
3266
296
1655
296
296
296
296
296
296
295
296
296
296
296
296
296
1551
296
295
1658
295
296
296
296
296
296
296
296
296
296
295
296
296
296
296
296
883
297
298
296
296
295
296
296
296
1654
296
296
296
296
296
296
595
296
296
296
669
898
3266
722
722
722
723
2226
1258
722
722
3266
723
3266
722
2560
296
3266
722
296
671
899
898
722
891
3155
3266
296
1939
2003
720
3266
3266
3266
2009
2009
3266
296
2009
3266
899
3266
296
723
296
296
3266
3266
297
296
297
296
296
296
296
296
296
296
296
662
887
298
3266
721
296
898
1265
296
1265
298
296
296
295
296
296
296
296
298
295
1654
295
296
296
296
296
3266
296
296
296
296
296
3266
295
594
296
295
296
296
296
296
296
296
296
296
296
296
296
296
723
296
296
297
296
296
298
296
296
296
296
1656
296
296
296
296
722
674
296
296
296
296
3266
3266
296
1940
296
295
296
296
296
3266
853
898
296
296
296
296
296
297
665
298
295
298
296
295
296
297
295
296
298
296
296
296
297
296
296
296
3266
296
296
1654
296
296
3266
296
296
1656
296
296
296
296
296
296
296
722
296
296
1655
296
1943
296
2004
296
296
296
296
296
296
296
1785
295
795
296
296
296
296
722
722
2595
3266
2004
3266
1218
898
722
898
722
3266
723
3266
595
3266
722
1784
722
595
3266
296
296
3266
296
296
883
296
296
296
3266
296
296
296
1225
296
296
296
295
295
296
295
296
296
295
296
296
295
296
296
297
296
296
296
296
295
296
296
296
723
297
722
899
296
296
296
722
296
296
297
296
296
296
296
594
296
295
296
296
296
296
296
296
296
296
888
297
595
296
296
295
722
296
296
1257
296
296
296
296
296
295
296
295
296
296
296
296
296
296
296
295
298
296
296
296
296
296
295
296
296
296
296
296
296
296
296
296
296
296
296
296
1262
296
296
296
296
296
1653
296
296
296
296
296
296
296
296
296
296
296
297
295
296
297
296
295
295
296
295
296
295
296
296
722
298
296
296
296
296
294
296
259
296
296
296
296
296
295
297
298
296
296
296
296
296
296
722
297
295
295
296
295
295
295
663
296
296
295
296
297
296
296
296
296
296
718
295
296
296
296
295
594
1548
296
1258
1835
722
723
722
804
722
594
296
296
296
296
297
295
295
295
887
296
296
296
295
296
296
296
296
296
295
1657
296
296
296
1655
296
296
296
295
296
296
296
296
296
296
296
296
296
296
296
296
296
296
296
296
296
656
296
296
296
296
296
296
296
296
296
296
296
296
296
296
296
296
296
296
1655
295
296
295
296
296
296
296
296
296
296
296
296
296
296
296
296
1782
296
296
296
296
296
296
295
296
296
296
296
296
297
296
296
296
296
298
296
296
296
295
297
296
296
295
296
296
296
295
296
295
296
296
296
296
1655
296
296
296
297
1655
296
296
295
296
296
297
296
296
296
296
1655
297
296
296
297
296
3266
297
722
297
296
296
296
296
296
296
296
295
296
296
296
296
295
296
296
296
296
296
1655
296
296
296
296
798
296
297
296
296
296
296
296
296
296
296
296
296
296
296
296
295
296
296
295
1657
296
295
296
295
296
296
296
296
296
1655
1653
296
296
296
296
296
296
296
296
296
296
294
296
296
296
296
295
296
296
296
296
296
296
296
296
295
296
296
296
594
296
296
296
296
295
295
295
723
296
296
296
1550
296
296
296
296
296
296
295
296
296
296
296
296
296
295
296
295
296
722
296
296
295
296
296
296
296
295
296
1263
296
296
296
294
296
296
296
296
1655
296
296
296
297
297
296
296
296
295
295
3266
296
722
297
296
899
722
665
296
296
898
296
297
296
297
296
296
296
296
296
296
295
296
296
722
297
3266
1524
3266
1509
887
873
2599
594
297
3266
2742
3266
882
3266
3266
296
722
3266
899
2003
296
3266
296
1250
296
296
296
296
295
296
296
296
297
296
296
1655
3266
295
296
297
295
297
670
296
296
296
296
295
296
296
296
296
295
297
296
296
296
296
296
296
296
296
296
1656
722
296
296
296
296
296
296
295
296
296
296
296
296
675
1544
1933
296
296
1548
2981
296
295
296
296
296
296
296
296
296
296
295
722
296
594
296
899
297
296
666
722
296
722
722
722
889
899
595
594
296
722
296
296
722
296
296
295
296
295
296
296
296
296
296
296
296
296
296
296
295
296
295
296
296
296
296
296
296
296
296
295
296
296
296
296
295
296
296
296
296
296
296
296
295
296
296
295
296
296
296
1785
296
296
296
295
296
296
296
718
296
296
296
295
295
296
296
296
296
295
296
296
2467
296
296
296
296
295
296
298
295
296
296
296
296
296
296
296
296
296
296
295
864
296
296
296
296
296
295
296
296
296
296
296
296
1654
296
295
296
295
296
295
295
296
296
295
296
296
298
296
296
296
296
296
296
296
296
296
296
296
296
295
296
296
295
296
296
722
296
296
296
722
297
296
296
296
296
296
296
296
296
3154
296
296
296
3266
3266
3266
3266
2005
2227
722
3266
3266
2006
3266
1780
3266
3266
722
722
722
1535
899
899
899
595
297
295
898
797
3266
888
3266
1542
3266
3266
896
668
594
722
722
3266
296
296
296
3266
2006
3266
1225
2003
3266
723
296
1218
2008
3266
722
296
296
3266
296
3266
296
296
722
296
296
296
722
296
296
296
296
295
723
296
662
296
296
722
296
296
296
296
296
296
296
722
296
295
296
295
296
296
296
1653
296
296
296
297
297
722
295
296
295
296
296
296
296
296
672
723
297
295
296
722
2742
722
295
296
296
3266
297
296
296
296
296
296
296
722
297
296
295
296
297
296
722
295
296
296
296
296
296
295
296
296
296
296
296
295
1782
2003
295
3266
1654
3266
3266
795
296
858
295
722
666
722
722
297
722
722
722
724
297
723
669
595
722
722
815
898
722
1219
2227
722
722
898
722
722
296
295
797
296
296
296
296
296
296
595
722
296
722
296
1655
296
296
296
296
296
297
296
296
296
296
722
2179
295
296
296
898
296
296
296
296
296
722
646
295
296
898
722
723
297
722
722
296
722
595
297
710
722
2217
595
669
681
296
722
3266
723
669
722
295
296
296
296
296
722
296
296
296
1654
295
296
1654
295
2227
1657
296
296
296
296
296
296
295
296
595
297
296
295
296
295
296
296
296
295
296
296
1656
296
296
296
296
296
296
295
297
298
296
296
296
296
296
296
297
296
296
296
296
296
296
881
296
295
296
296
295
296
296
295
296
296
295
296
595
297
296
297
3266
296
723
722
3266
3266
866
3155
3266
594
296
723
296
3266
722
723
722
296
3266
296
296
296
296
1655
296
297
296
296
296
296
296
296
296
296
295
296
295
296
296
296
296
296
296
296
296
296
295
296
296
296
296
295
296
296
298
295
296
296
296
296
296
296
296
295
296
296
296
296
296
2741
296
296
296
3266
295
296
864
296
296
296
298
296
296
296
296
296
296
296
295
296
295
296
296
296
296
296
296
296
296
296
879
296
295
296
2597
296
296
296
296
295
295
296
295
297
296
296
296
1653
722
723
3266
723
723
722
595
298
722
718
594
722
722
723
722
595
722
594
722
2003
722
723
296
3266
718
3266
722
1941
3266
3266
667
297
296
296
296
1509
2597
3266
296
296
296
296
296
296
296
722
595
673
296
295
723
296
297
296
295
294
296
296
296
296
296
722
297
296
296
296
296
296
296
296
296
298
722
295
296
296
296
296
295
295
296
296
296
296
296
296
296
296
296
296
296
296
296
295
296
1655
296
296
296
295
296
296
296
295
296
296
296
296
1655
1258
296
296
296
722
295
295
296
296
295
296
296
296
296
297
296
296
296
296
296
295
295
296
296
296
296
1656
296
295
296
296
296
296
295
296
296
296
296
296
296
296
298
296
296
296
722
297
296
296
296
296
296
296
296
295
296
295
1654
296
296
296
297
296
1655
296
296
296
1653
296
296
296
296
296
296
296
1657
296
296
295
296
296
296
296
296
296
296
296
296
1655
296
296
898
297
296
295
296
296
296
296
296
296
296
295
295
296
296
296
296
1651
1655
296
296
296
295
296
295
296
296
296
298
296
296
296
296
704
296
1782
1656
296
296
296
296
296
296
296
296
296
296
296
295
722
594
296
296
296
722
296
296
296
296
296
295
296
296
296
296
296
296
869
296
294
297
296
861
1656
296
1653
296
296
296
296
296
296
296
298
296
296
1655
296
295
296
296
898
298
1531
1656
296
296
296
296
296
296
296
295
296
296
296
295
296
296
295
296
296
296
296
295
296
296
296
295
296
296
296
297
296
296
296
296
296
296
296
296
288
296
296
296
296
296
296
296
1785
296
1535
296
296
295
296
296
296
296
296
296
296
296
296
295
1655
296
296
296
296
296
296
295
296
295
296
296
296
722
295
296
296
296
296
296
296
296
296
296
1655
296
1781
296
296
296
295
297
296
296
296
295
296
296
295
296
296
296
296
296
296
294
296
295
3266
295
722
296
296
295
296
296
296
295
296
296
296
296
296
295
1655
296
296
296
296
294
1654
295
1655
296
295
295
295
296
297
296
296
898
297
296
1655
296
296
296
296
296
296
296
296
295
296
296
296
296
296
296
296
296
295
296
296
296
296
1656
296
296
296
296
295
296
296
296
295
296
297
296
722
296
296
296
295
298
296
296
296
296
296
296
296
296
296
296
296
295
296
296
296
296
296
295
296
296
295
296
296
595
295
296
296
296
296
296
295
295
296
296
296
296
1784
296
296
296
723
297
296
1782
295
296
1551
295
296
295
296
296
296
296
296
296
296
296
296
296
296
296
296
295
296
296
296
296
295
296
296
296
296
296
296
296
298
296
296
296
1655
1785
296
295
296
296
296
296
296
296
295
296
296
295
296
295
296
296
296
296
296
296
296
296
296
296
296
295
296
296
295
295
296
296
296
296
296
296
296
295
295
296
297
296
1654
296
296
295
295
296
295
296
296
296
296
296
1655
296
296
296
296
298
296
295
1656
296
296
296
1656
296
293
295
296
296
296
295
296
296
296
296
296
296
296
296
296
295
296
295
296
296
296
296
295
295
296
296
296
296
296
296
296
296
295
296
296
296
1655
295
296
296
296
295
1655
887
296
1655
295
296
296
296
296
296
296
296
296
722
297
296
296
296
296
295
296
296
296
296
295
296
296
296
296
296
296
296
3266
876
672
296
295
296
296
296
296
295
3266
296
295
296
296
296
296
296
296
296
295
295
296
296
296
296
296
296
296
295
296
296
296
295
295
296
296
296
296
296
296
295
296
899
296
296
296
296
296
296
296
296
296
298
296
296
296
295
296
296
296
296
296
296
292
297
296
669
296
670
296
296
722
297
296
296
296
293
296
296
296
296
296
667
296
296
295
296
295
296
296
296
296
296
296
296
296
296
1655
295
296
296
296
1656
296
296
296
296
296
296
296
295
296
296
296
296
296
296
296
296
296
296
1226
296
295
296
296
295
296
296
296
296
296
296
296
296
295
296
297
1654
295
296
296
296
297
295
1253
683
295
296
296
296
296
296
296
296
296
296
595
296
296
296
657
295
296
296
295
296
296
722
296
296
3266
670
296
3266
296
296
296
296
295
296
296
298
1263
892
723
296
2392
885
3266
867
296
722
723
297
3266
296
1654
296
296
722
296
296
296
296
295
296
296
295
296
723
296
296
296
296
296
1655
296
296
296
296
295
296
296
296
296
298
298
295
295
296
295
296
296
296
296
3266
3266
3266
296
3266
296
295
296
296
296
296
296
1530
296
827
296
296
296
295
296
295
296
296
295
296
722
3266
296
296
722
296
296
296
296
1538
296
296
296
1655
296
296
298
296
296
295
1781
296
296
295
296
296
296
296
296
