899
787
194
251
1284
686
237
1277
176
722
1263
213
1242
276
220
196
220
831
801
859
899
663
1277
797
266
801
722
919
1282
899
1264
211
816
1257
283
659
683
816
864
244
898
251
273
1214
917
1257
177
690
648
883
231
898
262
1513
278
252
245
1259
923
238
249
852
690
1252
843
262
246
898
282
1536
1255
258
292
657
273
287
1261
898
779
1532
282
842
246
898
1250
722
277
281
291
249
777
1534
291
827
899
899
722
722
898
669
289
654
668
277
834
788
1602
791
866
898
840
1554
826
864
1509
846
727
663
898
285
245
1221
656
279
722
918
285
1224
845
1252
264
1757
1218
267
1258
1264
283
686
282
655
283
809
1243
656
702
256
709
292
788
898
1251
824
922
696
286
1543
245
287
1531
277
649
293
294
265
1528
812
253
1504
283
895
704
261
722
722
899
294
246
1251
722
802
1523
702
245
698
722
1264
295
699
640
859
798
722
282
898
829
1220
288
667
722
834
898
798
785
264
657
680
814
241
1265
287
722
691
684
285
797
722
1784
1540
1253
1939
285
722
684
722
2594
800
899
1535
1259
802
1251
722
851
680
1251
802
286
1226
722
295
285
800
683
649
1259
804
817
2466
1545
693
1259
292
1536
282
2594
867
294
722
1261
898
852
1545
684
794
723
1542
722
1202
674
1255
1264
899
856
291
1263
1259
292
898
885
1603
660
850
1259
842
1230
1268
1507
686
669
1258
865
817
678
1528
1262
794
670
1540
722
1218
722
680
1256
288
296
722
1508
286
796
898
722
692
692
290
722
899
3266
1252
898
1535
703
1515
801
1264
875
1241
805
1543
1224
1648
1250
1223
270
1218
843
862
1257
1250
1259
1252
703
898
722
295
702
790
722
294
722
722
296
838
670
672
1251
691
673
1225
843
265
1259
1518
722
711
3266
1250
2003
881
686
295
850
1540
1252
680
722
1540
1251
295
672
297
669
683
2591
1224
1250
1241
291
1240
2732
1538
790
1906
1540
293
812
282
795
798
669
668
1221
884
293
295
1939
898
1251
1652
295
2000
832
3266
1258
668
1225
871
675
722
667
723
1790
1255
1262
723
899
685
1259
655
3266
898
800
722
3266
2595
683
668
803
827
3266
297
671
723
294
1533
290
857
3266
857
2003
831
286
722
795
722
722
2008
1944
1545
899
673
722
1250
3266
1262
2006
292
2007
2006
690
684
675
1225
165
296
722
899
899
920
1218
1533
723
1538
1258
1529
3266
899
806
801
3266
3266
1656
696
295
1517
1533
704
804
864
872
721
1253
898
1536
297
1538
1545
1250
2003
2728
1221
1542
1551
2742
1532
3266
2594
285
296
821
831
3266
1531
700
722
3266
3266
665
2586
667
683
294
887
1534
3266
298
296
1544
886
722
1265
1258
2594
1261
722
3266
295
677
679
1530
3266
1224
722
3266
722
680
666
670
280
2744
666
922
722
865
3266
1508
899
2004
680
666
1543
664
663
255
1507
291
1251
711
3266
921
3266
2007
1534
1259
681
3266
1258
663
3266
663
665
1506
1944
898
1257
295
662
722
664
3266
690
3266
680
3266
663
1258
665
2005
3266
848
829
3266
664
297
2004
1547
3266
1264
3266
1259
722
3266
681
3266
1539
3266
3266
1499
279
886
799
2004
2594
826
898
664
293
663
3266
3266
868
1218
722
795
898
723
664
826
2003
666
3266
3266
664
665
801
1264
833
828
802
2004
664
1250
722
791
670
664
887
1267
795
858
3266
1264
3266
3266
846
2742
1539
2740
3266
3266
698
664
2005
898
1508
295
723
2742
661
3266
3266
887
3266
683
898
1522
1783
3266
3266
2008
3266
3266
2744
293
722
1540
3266
3266
2003
2008
683
1941
2004
827
799
2007
3266
3266
1656
657
784
722
3266
3266
1944
3266
3266
1513
2003
3266
1253
3266
2595
1555
799
677
295
3266
3266
3266
3266
2594
3266
1535
820
2007
2025
2003
3266
841
1533
1549
1779
1530
2597
701
722
3266
3266
3266
2007
881
1264
1260
3266
673
799
3266
3266
722
1257
898
3266
3266
722
2004
1250
722
899
722
295
594
2005
872
3157
796
2227
3266
3266
887
887
2005
3266
2595
3266
2005
858
3266
3266
3266
3266
1510
3266
829
3266
3266
1268
2597
3266
3266
796
722
1218
1538
722
3266
868
3266
3266
1932
3266
3266
3266
3266
3266
3266
3266
3266
722
797
3266
3266
2595
3266
3266
3266
2005
864
3266
2004
3266
3266
3266
3266
3266
3266
3266
899
723
3266
2227
3266
3266
1261
2003
3266
3156
722
722
722
2003
3266
2004
3266
1250
1537
2005
3266
888
825
3266
3266
3266
3266
3266
3266
855
829
3266
888
1532
3266
3266
3266
2003
1225
2003
3266
3266
3266
3266
3266
3266
704
3266
822
3266
3266
1538
2597
3266
2003
3266
3266
3266
3266
802
3266
3266
2594
2594
3266
2005
3266
3266
3266
1218
3266
2006
3266
3266
3266
3266
3266
1261
3266
3266
3266
2003
3266
3266
3266
3266
1261
3266
3266
2003
3266
1537
3266
3266
3266
2005
3266
3266
2003
3266
3266
3266
2003
722
3266
3266
3266
3266
3266
722
295
292
3266
3266
1540
1226
3266
3266
3266
3266
3266
3266
2003
2004
2003
3266
3266
3266
3266
2003
3266
3266
3266
3266
2003
3266
2003
3266
3266
3266
3266
3266
2003
3266
1530
3266
3266
3266
1267
3266
3266
3266
2004
888
3266
3266
3266
295
693
3266
3266
3266
3266
3266
3266
3266
3266
3266
3266
723
3266
2487
2005
3266
3266
3266
3266
3266
3266
1783
675
295
820
2005
2595
3266
3266
2003
3266
2004
3266
3266
1529
3266
3266
1942
3266
1537
1654
675
850
683
1226
852
3266
3266
1507
3266
3266
3266
2003
1522
3266
3266
3266
3266
3266
3266
2003
3266
3266
3266
3266
2005
2003
2594
2003
1783
722
1654
1261
2006
888
3266
3266
3266
2594
3266
1781
3266
1541
1509
3266
3266
3266
3266
2744
899
3155
899
1528
3266
2594
295
2009
3266
2003
2004
723
3266
3266
2003
3266
723
3266
3154
723
595
722
722
295
2003
3266
872
830
722
595
722
722
723
722
595
2004
594
295
898
2742
3266
3266
3266
3266
1265
2005
2003
3154
723
2227
2597
3266
3266
3157
2003
3266
3266
3154
656
683
2226
722
3266
2008
722
3157
3266
3266
702
3266
664
677
295
1223
664
2594
664
3266
664
723
3266
664
664
1498
664
3266
664
664
888
3266
664
664
1262
295
722
664
2018
799
664
664
1226
664
294
723
1258
294
292
722
723
722
3266
2599
3266
3266
3266
3266
806
2003
3266
3266
3266
3266
3266
3266
3266
2003
3266
3266
3266
2003
3266
1784
2003
2594
1790
1654
3266
843
3266
1656
3266
1226
3266
2005
3266
3266
3266
3266
3266
3266
3266
3266
3266
3266
3266
1958
702
2594
3266
2004
3266
823
3266
3266
3266
1509
3266
3266
2005
3266
3266
3266
1252
1515
1535
722
2004
3266
3266
3266
3266
2005
3266
3266
3266
3266
3266
295
1513
806
675
3266
3266
2594
3266
3266
3266
3266
3266
1944
898
295
3266
1535
2003
3266
1782
2596
3266
3266
3266
3266
3266
703
3266
3266
296
3266
2003
3266
3266
3266
3266
3266
2004
3266
3266
2005
1251
2007
1783
1541
1530
3266
3266
704
1264
2004
3266
2006
295
295
820
3266
3266
3266
3266
3266
3266
1258
2003
2005
3266
3266
2004
2005
3266
868
1528
3266
3266
3266
3266
3266
3266
2597
3266
2594
3266
2004
3266
3266
852
3266
3266
722
3266
2003
802
295
1267
2004
2005
3266
1534
2743
2597
3266
3266
3266
2005
722
295
3266
3266
3266
2004
3266
3266
3266
3266
3266
3266
3266
2003
3266
2007
1251
3266
3266
2004
2005
2005
3266
3266
899
3266
3266
3266
3266
827
673
295
3266
723
3266
3266
3266
3266
3266
1653
1653
3266
3266
3266
3266
3266
1250
3266
3266
3266
722
671
2594
3266
704
3266
2004
3266
3266
723
3266
3266
722
722
594
3266
3266
3266
722
3266
2003
722
3266
3266
3266
3266
296
1225
3266
3266
1782
722
3266
3266
3266
3266
2006
3266
3266
2003
3266
3266
2594
3266
3266
3266
3266
3266
3266
855
3266
2005
3266
3266
3266
3266
1250
3266
3266
2025
3266
3266
3266
3266
3266
2742
3266
3266
3266
2003
3266
3266
3266
3266
3266
3266
3266
3266
3266
3266
3266
3266
3266
2003
829
1268
3266
3266
3266
820
3266
3266
3266
920
3266
3266
3266
3266
3266
3266
3266
3266
1262
3266
703
2003
3266
3266
3266
2003
899
3266
3266
799
293
3266
3266
3266
722
798
2587
3266
3266
656
3266
3266
830
2740
1655
296
683
295
1264
296
296
663
1251
827
1187
296
296
295
1250
795
1251
827
1251
820
296
296
1657
296
672
295
296
294
296
1551
294
722
290
290
701
595
295
294
595
722
2004
3266
2508
2227
2227
1538
3267
656
3154
2008
3157
2226
722
2004
2227
2581
2003
826
3155
795
3266
3266
3267
3267
3267
2021
3266
722
3266
722
722
594
667
721
828
722
3266
3154
2004
3266
3266
2227
3266
3266
2005
3266
1267
3266
2003
3266
3266
3266
3266
295
2005
3266
2005
3266
3266
3266
295
683
295
2004
3266
2005
3266
3266
3266
3266
3266
788
3266
3266
899
3266
1781
3266
3266
3266
3266
3266
3266
3266
3266
1939
2005
3266
3266
3266
3266
2594
2597
3266
3266
704
699
3266
884
3266
3266
3266
296
683
295
3266
2005
3266
1797
2005
3266
887
3266
3266
3266
831
1510
888
3266
1256
2004
2004
3266
1531
3266
2005
3266
3266
3266
2742
3266
3266
3266
2004
3266
3266
3266
2007
3266
3266
821
683
3266
852
295
3266
1240
3266
1531
3266
844
295
2743
864
2005
1251
3266
3266
2527
3266
886
2718
2005
3266
1539
3266
2005
3266
3266
3266
1250
3266
2004
3266
3266
917
3266
3266
3266
2741
3266
3266
2007
3266
1547
3266
3266
3266
2009
3266
899
3266
3266
3266
3266
1529
1547
3266
3266
1942
3266
3266
1218
3266
3266
899
3266
1656
723
722
596
722
898
886
3266
2004
3266
3266
3266
2003
882
3266
899
3266
2227
3266
1545
3266
3266
3266
3266
3155
3266
822
295
1546
841
2003
801
2005
1225
2595
723
3266
3266
3266
2008
3266
2004
3266
1655
1258
1224
3266
3266
3266
3266
3266
2003
1252
3266
3266
3266
3266
3266
295
3266
3266
3266
3266
3266
3266
3266
297
3266
3266
3266
2597
3266
3266
3266
887
3266
3266
2005
3266
3266
3266
3266
3266
3266
3266
3266
2005
3266
3266
3266
1542
3266
3266
2005
2005
3266
3266
3266
3266
2004
2005
3266
1942
294
296
295
292
287
221
296
1250
297
702
1654
296
2005
296
296
296
296
296
295
296
296
296
294
296
1654
296
723
296
297
296
296
295
295
295
297
297
1781
295
296
296
1655
295
296
296
295
295
296
295
295
1259
296
296
296
295
295
295
683
294
793
1264
722
722
296
296
296
722
296
722
296
296
296
296
297
855
297
867
683
295
295
288
676
594
297
296
296
297
295
296
296
296
296
296
288
673
294
846
295
297
296
296
296
296
296
296
1507
295
296
296
296
683
296
295
296
296
295
297
296
296
296
296
675
723
664
3266
722
3266
899
2003
3266
3266
2003
852
3266
827
2003
3266
3266
3266
3266
820
3266
3266
3266
2003
3266
657
3266
919
801
2594
3266
3266
3266
2004
3266
3266
2003
3266
2005
3266
3266
3266
722
3266
3266
3266
3266
3266
3266
723
3266
3266
3266
3266
3266
1218
806
3266
3266
3266
2003
3266
1512
2595
3266
1554
3266
3266
3266
3266
3266
2003
2003
3266
703
3266
2003
3266
3266
1782
3266
1781
1552
1942
3266
3266
3266
3266
2003
3266
295
2003
2739
829
3266
3266
3266
722
3266
3266
3266
3266
295
3266
3266
827
1226
3266
1261
3266
2594
2003
3266
3266
3266
296
3266
3266
3266
916
3266
3266
3266
3266
3266
3266
899
3266
2005
3266
2005
3266
3266
3266
3266
1785
3266
3266
2594
3266
866
3266
2742
852
3266
852
3266
2594
3266
1491
3266
3266
3266
3266
1244
3266
3266
3266
3266
1529
2003
3266
2003
1656
722
3266
3266
3266
2003
1783
3266
899
3266
2003
3266
1258
3266
3266
722
3266
802
829
1491
2003
1252
295
3266
3266
3266
1218
1550
2003
2005
827
1957
3266
3266
856
3266
3266
2594
3266
3266
3266
3266
855
3266
3266
3266
3266
2595
3266
3266
3266
824
3266
3266
3266
3266
3266
3266
1218
2003
3266
2003
3266
3266
3266
3266
3266
2003
3266
3266
3266
3266
2003
3266
2003
3266
1250
3266
3266
2004
1264
704
722
3266
722
794
673
1261
295
1251
722
1530
3266
3266
2003
1518
3154
3266
2005
2004
3157
722
3266
2005
1655
657
698
295
3155
2005
3266
723
3266
2226
3266
3266
3266
3266
723
2003
898
3266
800
2005
723
723
1257
722
3154
3266
3266
2006
3266
3266
3154
2227
3154
660
295
3266
2226
2003
3156
3266
3266
3266
2003
1783
683
723
722
816
2003
3266
3266
703
1268
887
805
295
290
793
666
3266
2595
295
723
594
594
3266
3266
1526
3266
2003
3266
1656
3266
3266
3266
2595
2003
898
2003
722
3266
296
2003
2009
701
872
723
3266
879
898
794
722
722
722
683
295
722
3266
664
1506
670
3266
664
295
1263
887
3266
3266
3266
295
722
3266
827
664
2005
898
296
296
722
296
296
867
722
1262
295
292
1651
3266
295
296
296
297
297
683
295
1784
295
1784
3266
2003
2003
3266
2226
3266
3266
882
3266
3266
3266
3266
3266
3266
2003
3266
866
3266
2594
3266
3266
3266
2005
3266
2003
3266
3266
1555
1527
3266
820
3266
1252
2595
3266
3266
3266
3266
3266
3266
1654
3266
1539
2595
3266
3266
3266
3266
2003
2594
3266
3266
2595
799
3266
3266
3266
2004
1266
3266
3266
3266
2003
1250
3266
3266
1537
3266
3266
3266
3266
1784
683
295
3266
3266
3266
3266
3266
3266
2004
3266
3266
723
3266
2003
3266
3266
3266
2004
3266
2003
3266
1225
722
1940
704
723
722
594
723
665
594
723
899
2003
3266
3266
3266
723
3266
2003
1939
723
296
3266
898
2527
3266
3266
3154
1261
3266
3266
1507
2003
723
2003
3266
2003
3266
1784
2005
2003
3266
3156
3266
1540
722
3266
1251
3266
723
806
3266
3266
3266
2007
722
295
3266
1258
722
722
2003
3266
3266
2003
3266
1939
3266
3266
2004
3266
3266
3266
3266
3266
3266
3266
2004
3266
3266
3266
3266
3266
3266
2003
723
819
3266
3266
3266
2003
296
3266
3266
3266
3266
2003
2003
3266
795
3266
3266
888
3266
3266
2008
3266
3266
2743
3266
3266
2005
3266
1538
3266
3266
3266
2742
2005
3266
2003
3266
868
829
1654
3266
3266
3266
3266
2002
1932
1545
3266
1268
1218
1250
3266
3266
1555
3266
3266
1266
3266
3266
3266
2003
3266
1218
3266
1251
802
2003
3266
3266
3266
3266
3266
3266
3266
3266
1259
3266
3266
3266
3266
799
722
799
3266
2003
3266
3266
3266
3266
2005
3266
3266
2003
1542
3266
799
3266
3266
813
2595
887
3266
3266
820
3266
3266
3266
3266
722
3266
798
664
683
295
1536
723
297
296
1654
295
866
296
1782
293
722
3266
1250
296
295
800
296
1225
294
1267
297
296
1655
296
1554
297
296
296
296
295
295
916
296
297
296
296
295
296
295
298
297
1268
296
295
296
296
296
296
295
1251
1782
296
722
296
296
296
296
296
296
296
296
296
295
675
295
722
683
295
295
296
296
1654
296
830
296
296
296
296
296
296
296
296
296
296
296
296
296
296
296
296
296
295
296
296
296
296
296
296
296
297
296
296
296
296
296
296
296
295
295
295
296
295
294
3266
664
899
798
3266
664
887
827
802
898
3266
3266
667
3266
662
2595
722
3266
3266
3266
2741
3266
3266
3266
3266
3266
3266
3266
3266
3266
3266
3266
3266
3266
3266
3266
3266
802
3266
3266
3266
3266
3266
3266
3266
3266
3266
3266
3266
1223
3266
3266
3266
3266
3266
3266
3266
3266
3266
1529
2003
3266
2003
3266
722
722
670
671
829
287
899
664
295
722
3266
1995
3266
795
663
3266
722
798
876
2003
3266
1261
3266
3266
2003
3266
1656
1656
3266
1544
2003
2003
820
2005
3266
679
3266
3266
722
3266
3266
3266
3266
3266
3266
1785
3266
3266
899
3266
898
3266
695
3266
3266
3266
2005
3266
1941
3266
3266
3266
1542
2005
827
802
1225
1225
3266
3266
3266
3266
3266
3266
3266
3266
3266
3266
3266
888
3266
3266
2004
2004
3266
2005
2003
3266
806
3266
3266
2760
722
3266
3266
3266
3266
3266
3266
899
722
722
898
722
3266
2003
3266
664
898
722
917
3266
3266
827
3267
3266
3266
3266
2005
899
3266
3266
898
2005
3266
3154
2227
899
3157
2226
660
2239
3156
722
3266
2003
2227
2004
2226
1532
722
3266
3266
2003
683
3266
3266
2003
2474
899
722
2592
2005
2590
2595
2594
2003
722
876
2003
1257
2474
3267
3266
2003
2743
3266
722
3266
806
1541
295
2005
2005
1780
723
722
802
2003
1532
2004
2007
3266
2006
295
294
295
795
3266
3266
3266
3266
2740
3266
3266
2761
3266
881
3266
3266
3266
2007
2005
3266
866
3266
3266
3266
3266
2006
2003
3266
853
3266
3266
820
3266
899
3266
3266
1221
3266
3266
3266
3266
295
3266
887
2005
1264
2003
3266
3266
2005
3266
2004
1262
3266
723
3266
798
2004
3266
3266
3266
3266
2004
1656
2594
3266
3266
3266
3266
3266
2005
2005
2003
3266
855
2005
1240
855
294
294
917
1263
799
3266
3266
3266
3266
3266
3266
3266
898
2005
3266
3266
3266
3266
3266
3266
1556
1939
3266
2003
3266
2003
2003
888
3266
2006
3266
722
3266
3266
3266
3266
3266
3266
3266
888
1218
2594
1550
1555
2003
1262
1780
3266
3266
3266
3266
3266
1263
3266
3266
3266
3266
3266
3266
3266
2003
3266
3266
860
1264
820
3266
3266
3266
3266
723
1264
3266
3266
3266
3266
703
3266
3266
2003
802
1263
295
289
1226
2594
3266
852
3266
3266
3266
2003
3266
3266
2003
3266
3266
1528
3266
1542
3266
866
1939
3266
3266
693
3266
3266
3266
2470
3266
3266
3266
3266
1263
2003
1528
3266
3266
3266
1942
2003
3266
2594
3266
2594
3266
1790
792
3266
3266
3266
3266
2005
3266
1534
2594
3266
3266
899
3266
3266
3266
2003
3266
3266
3266
2003
683
295
3266
3266
3266
2006
3266
3266
3266
1218
3266
3266
899
294
3266
3266
3266
899
1264
1942
1941
3266
3266
3266
1784
722
3266
3266
723
2003
3266
1654
3266
3266
2005
3266
3266
722
3266
3266
3266
3266
3266
2003
3266
3266
3266
3266
722
2005
3266
3266
3266
1509
692
829
271
1783
722
294
703
294
3266
3266
3266
3266
3266
3266
3266
3266
2006
3266
2005
3266
1549
3266
3266
3266
2595
3266
3266
924
3266
2005
3266
1783
3266
2005
3266
3266
296
2005
3266
2003
3266
2005
3266
3266
899
2003
3266
3266
3266
2003
1940
3266
3266
3266
3266
2003
3266
3266
2005
3266
888
3266
2760
2005
2003
3266
3266
3266
3266
829
683
295
3266
3266
3266
3266
3266
3266
1256
3266
3266
856
863
1655
1269
1799
722
802
3266
1939
295
296
3266
1543
3266
3266
3266
2003
3266
1258
1529
3266
3266
3266
3266
3266
3266
3266
3266
802
2008
3266
3266
3266
3266
3266
3266
852
3266
1783
2005
3266
1539
1547
3266
1251
3266
841
3266
3266
2003
2006
3266
3266
3266
3266
3266
899
3266
295
695
815
295
1785
296
296
294
698
294
291
294
681
291
683
295
298
295
296
293
1256
295
296
275
683
294
295
287
811
295
899
294
295
1542
296
296
296
296
296
295
296
1147
3154
2742
3266
3266
2226
3266
3266
3156
1250
3266
3266
3266
3154
2759
3266
723
2003
3266
3266
3266
2003
899
3266
3266
296
2004
1250
3266
1549
1225
2003
723
3266
723
2003
884
723
722
798
653
295
3266
663
3266
823
1225
665
833
899
798
3266
1538
827
2006
3266
2003
295
3266
3266
3266
667
887
3266
2003
3266
3266
1943
3266
3266
3266
3266
2003
877
1259
1263
3266
3266
1223
3266
795
3266
3266
2003
2005
3266
2003
3266
1253
3266
3266
1223
3266
296
2003
3266
3266
3266
1535
3266
3266
3266
3266
3266
3266
799
1533
3266
1218
3266
3266
3266
3266
3266
3266
3266
3266
703
722
3266
3266
3266
1268
3266
2003
899
2003
1550
3266
3266
723
3266
722
3266
3266
3266
2003
3266
802
293
3266
1782
3266
2595
2761
3266
2594
899
3266
3266
723
3266
1540
3266
3266
3266
3266
3266
723
2003
3154
3056
3266
3157
3266
2004
3266
3266
3266
3266
3266
3266
3266
296
683
295
3266
3266
3266
704
2003
3266
2006
3266
3266
3266
3266
3266
2004
3266
830
3266
3266
820
2005
3266
3266
3266
2594
1933
722
1941
2595
3266
3266
1545
3266
3266
723
3266
1268
1218
3266
3266
3266
3266
3266
3266
2005
1251
2003
3266
2003
1552
3266
3266
2595
3266
3266
3266
3266
2003
3266
852
3266
3266
3266
3266
823
3266
3266
3266
3266
3266
3266
295
3266
722
3266
295
723
3266
3266
2597
3266
3266
3266
3266
3266
3266
3266
3266
3266
3266
899
723
3266
3266
295
3266
3266
827
293
3266
3266
3266
866
3266
1253
3266
3266
3266
1940
3266
3266
3266
3266
2003
3266
3266
3266
1262
3266
3266
2005
3266
3266
3266
3266
2743
1939
3266
2003
1941
3266
3266
3266
704
3266
3266
2597
1531
703
2004
3266
2595
3266
3266
3266
3266
3266
723
851
3266
3266
3266
3266
3266
3266
2003
1266
3266
3266
3266
1790
2003
3266
3266
3266
2003
295
3266
3266
3266
3266
2005
3266
2006
3266
2003
3266
3266
295
2003
3266
2594
2579
3266
3266
3266
3266
3266
722
3266
1509
899
2004
3266
3266
2003
2005
1801
3266
1549
3266
3266
3266
2597
3266
3266
1552
3266
3266
3266
3266
853
887
888
3266
2005
886
1939
795
2007
3266
3266
3266
2595
2595
2594
1268
2004
723
2597
2594
2003
3266
2594
2594
2594
919
2600
2594
860
1225
700
295
868
2004
3266
296
2594
296
296
1226
1226
899
1657
296
295
296
298
830
296
295
295
295
669
297
296
1654
296
1653
296
294
1657
296
297
295
295
296
295
295
295
290
2226
688
1942
2594
2594
2226
2226
3266
2595
2003
3266
2595
1656
830
2597
2595
2595
1657
2595
722
825
2595
2595
723
1541
2594
2595
3266
1800
2003
1555
2595
2005
2594
2594
2594
2594
3266
2595
2003
2004
1933
3266
2594
2597
1932
2007
795
1266
795
2595
2594
1549
2004
2003
820
293
2003
2594
2594
1541
2594
2005
3266
2595
2007
2597
2003
3266
2594
2597
1537
722
2595
1240
2594
3266
2595
2594
2594
3266
1223
722
2005
2006
2594
2597
1263
2469
3266
3266
802
1941
2005
795
2594
2595
795
2595
3266
2469
2594
722
2594
2594
2594
2004
2595
2594
2594
2560
2595
2595
2595
2594
2594
3266
2595
1261
2595
1536
1251
2005
2558
2594
2595
2003
1531
2594
2594
3266
3266
2595
2594
2595
3266
2594
2595
2594
2595
2594
2595
2594
2005
3266
1250
1539
2003
1944
2007
2595
2594
2003
2004
2594
2511
3266
2003
2595
2595
2595
2594
2594
2594
1218
2594
2594
2594
2594
2594
2004
2005
1945
3266
2594
2594
1261
2582
3266
2004
2004
2594
1531
2594
2594
2594
2594
2594
1531
3266
2594
298
827
293
1547
3266
2004
2594
2005
2004
2594
2005
2595
2594
3266
2595
2594
2595
2594
2594
2595
2594
2594
2594
2004
2594
3266
2595
2004
2594
3266
1250
3266
3266
2582
2594
2597
2594
2003
2004
3266
2003
2004
3266
2003
3266
3266
2594
3266
2594
829
3266
2007
2594
2594
3266
2594
2006
2595
2594
1539
2003
1509
2594
3266
2594
2594
2595
2595
2594
2594
2005
2594
1250
2003
3266
723
2595
2595
2005
2594
887
2005
898
2594
3266
1780
722
595
723
722
669
723
294
294
669
682
1225
722
1225
1263
2594
2595
2595
2594
3266
2594
856
3266
2593
2594
2005
2594
2594
916
828
802
2594
3266
2594
2594
723
2594
2594
1259
2594
2005
2595
2594
3266
3266
1782
3266
2594
1261
2594
847
2594
2594
2594
3266
2594
889
705
3266
3266
2595
2594
868
878
666
683
295
657
667
668
3266
664
668
295
2595
664
668
664
795
664
3266
664
805
670
668
668
2594
667
668
668
1261
2594
668
668
795
664
668
887
664
3266
3266
3266
3266
670
710
3266
887
3266
2005
3266
2003
3266
3266
2007
2005
1547
3266
1532
3266
3266
295
3266
723
3266
1933
881
3266
2003
2594
3266
1507
3266
2003
3266
723
3266
3266
1933
2005
1541
2007
1251
3266
3266
3266
3266
3266
799
1252
861
2007
3266
3266
3266
3266
703
1541
3266
3266
806
829
3266
3266
3266
2003
3266
3266
722
3266
3266
3266
3266
3266
820
3266
2003
3266
703
3266
3266
3266
3266
3266
3266
3266
3266
3266
3266
3266
2003
3266
3266
1264
2005
3266
1251
2003
1509
2008
922
924
1260
1251
3266
3266
3266
3266
3266
2003
3266
3266
2004
3266
3266
2005
3266
1943
3266
2005
3266
3266
3266
3266
856
3266
1780
722
3266
3266
3266
3266
3266
3266
3266
3266
3266
3266
3266
2005
3266
3266
1940
3266
2594
3266
1509
3266
3266
820
3266
3266
3266
3266
1522
3266
1265
2003
3266
3266
703
3266
3266
1543
3266
3266
2005
2003
724
1939
724
3266
724
722
2006
723
723
722
722
898
722
722
722
722
722
722
722
3266
1547
722
1266
3266
921
3266
722
722
722
722
722
722
722
295
683
295
695
294
292
722
722
296
722
722
296
296
297
868
296
674
722
295
295
296
296
702
296
722
295
296
296
295
296
298
1254
1653
1654
296
296
1656
296
296
296
295
297
296
295
291
723
295
296
296
296
296
296
296
296
595
296
296
295
296
296
295
296
295
297
296
296
670
668
295
296
296
296
295
295
296
298
274
295
296
595
295
832
297
1783
1655
296
296
296
295
296
296
296
296
296
296
296
296
296
296
296
296
296
296
296
296
296
296
296
296
296
295
295
294
1782
295
296
1654
296
296
1529
296
296
296
296
295
295
1656
295
296
296
296
296
296
295
296
296
296
296
296
296
296
296
296
296
296
296
296
296
296
295
700
295
1782
296
701
3266
3266
3157
3266
3266
1538
1253
3266
1528
3266
3266
2226
1538
3266
1941
1783
3266
3266
3154
3266
3266
3266
2005
3266
3154
3266
3266
3266
2005
3266
3266
295
2739
3266
3266
2003
2004
3266
3266
2004
3266
3266
3266
827
683
295
3266
3266
3266
853
3266
2006
1528
3266
3266
822
3266
3266
1258
1530
3266
3266
2739
1491
854
1647
3266
2009
3266
3266
3266
3266
3266
3266
3266
3266
2594
3266
3266
2005
3266
2005
3266
3266
2742
3266
3266
3266
3266
2004
3266
2003
2003
3266
3266
3266
3266
3266
3266
1510
3266
3266
1527
3266
1799
701
722
2005
2005
2005
1532
3266
1510
2005
3266
3266
3266
2743
3266
3266
3266
1537
3266
3266
3266
2004
3266
3266
2595
3266
3266
3266
2005
3266
3266
2005
3266
3266
3266
899
3266
2004
2004
723
2004
3266
3266
2003
683
295
3266
722
660
1933
3266
796
3154
2595
2004
3266
2003
2003
3266
3266
3266
799
722
722
3266
722
1263
3266
3266
3266
3266
3266
3266
3266
884
2743
3266
3266
2004
2003
3266
704
722
3266
3266
295
2003
295
3266
295
1939
722
722
1943
3266
2003
1261
3156
3266
3266
3266
2023
3266
722
1218
3154
2003
1261
2594
3266
3266
3266
3266
3266
3266
2003
3266
3266
3266
3266
1268
3266
3266
3266
3266
3266
3266
3266
3266
3266
3266
1535
3266
3266
702
722
3154
3156
723
1266
295
1507
798
3266
3266
3266
3266
3266
3156
3155
2003
680
291
3266
3266
3266
2004
3266
3266
3266
1537
3266
1945
294
3266
3266
3266
3266
2595
795
2607
722
1550
3266
3154
2227
3266
3266
3266
3266
899
1942
3266
3266
3267
3266
3266
722
723
3266
2591
722
595
595
723
723
883
594
594
668
723
879
594
663
287
722
800
829
2590
823
899
2574
2596
2226
2005
722
2478
799
2005
2590
2005
2226
1507
2594
2005
1554
2503
3266
3266
2227
3266
2003
3266
3266
3157
3266
3154
3266
3266
3266
2003
3266
821
3266
1540
820
3266
1553
722
2003
723
1546
3156
3266
1655
3266
3266
2595
2535
2397
2003
3266
3157
3266
2006
841
295
3266
3266
864
3266
3266
3266
898
3266
3266
723
2005
3266
3266
1526
3266
3266
3266
3266
3266
3266
3266
3266
3266
1535
3266
3266
1218
3266
2003
3266
1261
3266
2003
2005
3266
3266
3266
3266
3266
3266
2005
3266
3266
3266
3266
3266
3266
3266
3266
3266
3266
3266
3266
1528
3266
3266
3266
3266
723
3266
3266
3266
849
3266
2005
3266
2595
3266
3266
3266
3266
3266
2005
2594
2003
829
3266
2005
3266
2007
1258
2003
3266
3266
3266
3266
3266
3266
3266
2003
3266
3266
3266
1534
3266
3266
2005
799
3266
3266
3266
2003
3266
3266
3266
2003
2595
3266
3266
3266
3266
3266
3266
3266
3266
295
3266
704
2595
3266
3266
679
818
722
722
723
722
294
722
662
595
660
722
2003
2402
2739
3266
3154
2227
722
296
722
295
594
594
2003
3266
722
1223
1250
3266
2003
3266
3266
1941
3266
2003
723
723
595
899
594
3157
723
670
683
295
676
3266
3266
2744
886
3266
2005
2606
3266
3266
3266
3266
296
3266
2496
1223
3266
3266
1507
3266
3266
2003
3266
3266
3266
3266
3266
2003
3266
3266
3266
2003
3266
3266
1218
3266
822
3266
3266
3266
922
3266
3266
884
2003
3266
3266
3266
2005
3266
888
3266
3266
1781
3266
3266
3266
3266
3266
3266
1539
3266
3266
887
2003
3266
3266
1259
3266
3266
3266
827
293
3266
3266
2007
3266
1940
3266
3266
1491
2003
3266
3266
3266
3266
3266
3266
3266
3266
3266
849
3266
3266
2005
3266
3266
722
722
723
723
3266
3266
3266
3266
3266
3266
2005
3157
3266
3266
3266
3266
3266
3266
3266
3266
1790
3266
3266
3266
2004
822
3266
3266
2003
3266
1258
886
1264
722
2003
1265
3266
1223
1507
1246
3266
3266
2594
3266
1532
1544
3266
3266
3266
1551
3266
3266
3266
2003
681
1223
3266
1940
3266
1250
2005
2005
3266
3266
3266
2005
1522
3266
3266
3266
1264
3266
3266
860
3266
3266
3266
852
1547
3266
3266
3266
3266
822
2003
3266
1223
2596
2003
3266
3266
806
295
3266
2003
722
3266
3266
3266
3266
3266
3266
3266
723
3266
3266
888
2004
3266
3266
3266
3266
3266
3266
884
3266
3266
3266
1555
3266
3266
3266
722
3266
3266
3266
3266
807
3266
3266
3266
2003
3266
3266
704
1942
3266
3266
3154
817
3266
1506
295
795
2004
1784
1547
802
3266
898
3266
3266
3266
3266
2005
3266
887
3266
3266
1533
3266
3266
795
3266
3266
3266
3266
3266
2595
3266
3266
3266
849
3266
3266
3266
2003
3266
2004
3266
3266
3266
3266
3266
3266
1781
3266
3266
899
899
2745
294
683
294
294
1507
294
295
1225
1250
295
1655
297
296
296
296
295
298
3266
296
296
296
296
296
296
1264
295
295
1782
296
296
296
899
296
296
296
295
722
723
799
1250
723
665
296
899
296
296
296
296
295
295
296
295
295
295
675
295
667
297
295
3266
795
1218
670
666
664
2597
668
722
722
1533
3266
3266
3266
3266
3266
3266
3266
3266
3266
3266
1218
3266
722
3266
3266
3266
886
3266
3266
3266
3266
1534
3266
722
3266
3266
3266
3266
704
3266
3266
3266
3266
3266
3266
2594
3266
2003
3266
1538
3266
3266
2003
3266
2005
3266
3266
3266
3266
1655
2003
3266
3266
3266
3266
3266
3266
3266
3266
3266
2595
3266
806
2003
3266
1800
656
3266
3266
3266
883
3266
3266
3266
3266
3266
701
2743
722
2005
2597
3266
1538
2005
3266
3266
3266
3266
3266
3266
3266
3266
2004
3266
898
3266
3266
3266
3266
1507
1538
3266
3266
2595
3266
1533
3266
917
3266
3266
3266
3266
826
1783
722
885
1543
2005
3266
898
3266
722
3266
3266
660
722
295
3266
2003
1784
3154
3266
3266
3266
2003
660
3266
722
2595
3266
2005
3266
3266
3266
886
723
3266
3266
295
3266
3266
3266
3266
3154
3266
3266
3266
2003
3266
899
2005
3266
3266
723
3266
3154
683
295
3266
2003
2005
722
723
723
3266
3266
2003
293
2003
3266
3266
681
3266
799
2595
808
3266
3266
3266
3266
3266
3266
2003
2004
2003
3266
677
806
3266
3266
3266
678
3266
3266
2003
799
3266
2005
2005
3266
3266
2595
3266
3266
3266
806
3266
723
710
664
815
295
850
722
3266
3266
3266
3266
295
3266
2005
3266
827
666
664
1226
3266
898
2004
3266
3266
1782
3266
3266
3266
2595
2003
1223
3266
2005
888
3266
2003
3266
702
1548
3266
1941
1554
3266
2595
3266
3266
3266
3266
2595
3266
3266
3266
2006
3266
3266
3266
3266
1250
3266
3266
3266
2005
3266
3266
1657
2003
3266
3266
3266
3266
3266
3266
3266
3266
2005
3266
1261
3266
2597
3266
2005
701
880
2005
3266
2003
2005
1939
3266
3266
1939
3266
3266
3266
1939
2007
3266
3266
3266
3266
3266
3266
3266
3266
3266
2003
2003
3266
3266
722
2003
3266
3266
3266
3266
2007
3266
2594
2594
3266
3266
3266
3266
3266
3266
3266
2003
3266
3266
3266
3266
3266
3266
3266
3266
922
3266
1534
2606
1253
3266
3266
2004
1507
819
295
1218
1250
3266
3266
3266
3266
1250
3266
3266
3266
3266
3266
3266
898
3266
1782
3266
3266
843
722
1266
3266
3266
3266
3266
3266
3266
3266
3266
898
3266
3266
899
1251
295
3266
1218
3266
2003
1790
3266
2004
2595
1538
1528
3266
3266
2005
3266
2003
3266
1265
3266
3266
3266
3266
2595
3266
3266
3266
3266
3266
1554
3266
852
681
2003
3266
3266
3266
3266
723
3266
3266
3266
2742
3266
3266
3266
3266
3266
3266
888
3266
2597
3266
3266
2009
899
3266
2009
294
293
1250
296
866
2003
2227
3157
3156
3266
3266
3266
3266
2003
1783
1522
3266
3266
2003
2743
2003
2004
3266
723
2003
828
3266
3266
2595
3266
881
3266
3266
3266
3266
881
3266
3266
3266
3266
816
3266
3266
3266
3266
723
723
2003
298
295
294
675
803
675
839
683
295
1536
1260
1250
1250
3266
296
693
853
3266
723
802
664
664
298
295
1225
295
898
296
296
295
297
296
297
244
594
297
1656
295
1654
296
1654
296
2005
3154
3266
3154
1218
3266
3266
3266
723
3266
3266
3266
2003
1491
3266
3266
3266
2595
3266
295
1529
3266
3266
2005
2003
3266
3266
3266
3266
2005
824
3266
1543
722
3266
3266
3266
1526
1538
3266
3266
3266
3266
3266
3266
3266
3266
2003
3266
3266
2004
3266
3266
1534
1259
2003
3266
2003
3266
2007
816
722
1549
1259
3266
2597
3266
3266
703
2007
1218
3266
3266
1655
3266
3266
3266
3266
3266
3266
3266
3266
296
3266
3266
3266
888
1939
3266
2003
899
2005
2595
3266
3266
1223
3266
3266
3266
3266
3266
881
3266
3266
2004
3266
3266
3266
3266
2003
3266
3266
3266
3266
3266
3266
3266
3266
2004
3266
1262
3266
3266
3266
3266
1656
2003
2003
2005
1544
2003
1782
3266
3266
3266
3266
3266
3266
822
2005
1538
3266
3266
3266
899
2003
3266
3266
3266
3266
3266
3266
3266
3266
3266
3266
722
3266
3266
3266
3266
2742
3266
3266
3266
2003
2005
3266
806
1263
3266
2005
1240
3266
3266
3266
820
722
2005
3266
3266
2004
3266
3266
2004
2004
2003
680
295
3266
3266
722
3266
899
722
3266
2005
3266
3266
3266
3266
3266
3266
3266
2006
3266
3266
3266
3266
3266
3266
3266
3266
3266
3266
2003
1785
722
899
1262
3266
3266
296
3266
916
795
3266
3266
2595
1223
3266
722
3266
1267
3266
3266
3266
3266
3266
3266
2009
3266
3266
3266
2595
2009
294
292
899
722
671
293
675
1226
1654
294
294
722
3266
3266
3266
1530
2004
3266
3266
3266
3266
2006
3266
1527
3266
2741
3266
3266
1941
3266
2005
3266
3266
2003
3266
3266
2003
3266
3266
1654
3266
3266
3266
3266
3266
3266
1783
3266
3266
3266
3266
1939
2005
3266
1552
881
3266
723
3266
898
723
3266
802
1226
3266
2006
3266
3266
3266
2003
3266
3266
3266
826
3266
664
3266
3266
2003
723
827
799
3266
722
681
1250
799
3266
723
3266
883
3266
1363
3266
3266
664
898
833
663
2003
3266
673
795
2003
668
3266
670
3266
3266
3266
3266
2003
3266
1259
671
667
295
663
3266
3266
3266
722
3266
795
3266
664
3266
795
798
666
670
3266
3266
3266
3266
723
664
2003
3266
898
667
294
722
2003
3266
3266
3266
2003
3266
2005
3266
1264
3266
3266
3266
3266
1498
703
722
3266
887
3266
2487
3266
2597
2597
822
3266
280
297
3266
2003
2003
683
295
3266
3266
820
3266
3266
3266
3266
2003
3266
3266
2005
2003
3266
2005
3266
854
2003
3266
2739
2003
3266
3266
852
3266
3266
3266
3266
3266
3266
3266
3266
3266
2005
3266
723
795
3266
1657
1554
3266
703
3266
3266
3266
3266
2005
3266
3266
2004
3266
2005
3266
3266
3266
3266
2006
722
3266
3266
2003
3266
3266
2596
2003
3266
694
2003
3266
3266
3266
3266
3266
3266
2003
3266
3266
3266
2594
3266
919
1258
1943
899
2474
2226
2595
722
875
595
723
722
722
722
722
2003
722
2006
722
3266
3266
3266
1941
1538
3266
3266
3266
1264
2005
3266
3266
3266
1259
3266
3266
3266
3266
2005
3266
2005
1547
3266
2594
3266
3266
2005
2008
1250
3266
3266
3266
722
3266
2003
668
3266
3266
2004
3266
3266
3266
3266
3266
3266
722
3266
3266
3266
3266
3266
3266
808
2595
3266
3266
3266
2594
3266
3266
3266
3266
2003
3266
3266
1218
3266
3266
3266
3266
3266
1251
3266
3266
3266
3266
1534
3266
3266
3266
3266
3266
2003
1513
1525
3266
703
722
3266
3266
722
1250
722
3266
3266
3266
3266
3266
1227
3266
3266
3266
888
3266
1218
3266
3266
843
3266
1266
3266
3266
3266
899
1263
2606
3266
1547
2004
3266
2594
2003
704
3266
3266
722
1218
3266
3266
3266
2003
2004
3266
3266
2595
1251
3266
3266
3266
2003
3266
3266
3266
3266
3266
3266
1260
3266
806
723
3266
3266
3266
3266
3266
296
722
3266
3266
1529
827
899
3266
722
2005
827
2003
3266
3266
2594
827
899
2558
2594
2003
1250
2594
1655
723
594
594
594
664
2008
2227
1265
2227
798
722
2005
899
2594
2004
833
899
722
2594
2226
2488
722
723
899
1540
2595
2226
1542
3266
899
2227
2003
1538
3267
869
3266
2226
830
799
3266
3266
3266
2003
722
889
899
296
683
295
722
792
269
1658
296
683
295
295
723
722
3266
2005
827
3266
2003
795
3266
3266
2743
1531
833
295
294
867
820
295
296
701
3266
798
795
664
664
664
664
664
664
664
664
665
664
296
295
666
296
296
295
683
295
297
295
815
295
296
1544
664
296
295
296
295
296
296
664
296
295
296
296
296
296
296
296
296
296
296
296
296
296
293
664
296
296
296
296
297
296
296
298
295
876
1267
296
295
293
297
282
1252
3266
2594
595
722
2591
2479
3266
2004
827
2594
1532
2591
2594
702
2594
2594
2594
861
1546
1256
1545
868
1252
2226
2009
294
294
294
294
294
294
255
295
857
2595
1533
2594
2226
2466
2003
2594
2595
723
871
2478
2227
2003
2226
2227
2582
2227
2227
2529
2226
2005
899
2474
899
594
722
899
2529
723
294
698
722
668
890
722
722
295
594
2529
2510
2594
2003
2226
899
2474
1218
2482
2003
1240
2594
2594
1498
2226
2226
2478
3266
3266
2004
2839
3154
2466
886
2227
802
2003
2003
1223
2003
2226
899
2003
1250
827
812
3266
2474
656
2529
1507
2594
2478
868
2226
2226
723
2226
870
2594
2003
922
3155
2591
2003
2003
2226
2527
2590
1262
2595
3267
3266
1251
295
683
1218
3266
3266
1554
723
3266
3266
2003
3266
3266
2562
3155
3266
3266
3266
2742
3266
2004
1267
3266
2005
3266
2003
3266
2595
3266
3266
1530
3266
3266
3266
2003
1507
3266
3266
2004
2005
2003
1263
295
3266
3266
2004
1218
1543
2003
3266
3266
1547
1253
2007
1945
3266
3266
3266
3266
2743
3266
3266
3266
1543
3266
2005
2007
3266
3266
2005
3266
1942
3266
3266
899
3266
3266
3266
3266
3266
3266
3266
2742
3266
3266
3266
3266
3266
2006
3266
1266
3266
3266
3266
3266
3266
3266
3266
3266
2004
3266
899
919
1653
3266
722
3154
2005
2003
3266
723
3266
799
3266
1550
2739
855
292
1537
1264
3266
3266
3266
3266
2005
3266
704
3266
3266
805
2004
3266
3266
3266
3266
3266
3266
3266
1654
1545
3266
2595
3266
3266
3266
3266
3266
3266
887
888
3266
3266
2007
2003
3266
805
1533
852
3266
3266
3266
3266
3266
1652
2003
295
1528
3266
3266
3266
3266
3266
3266
2005
3266
2594
1261
3266
3266
3266
3266
3266
2005
3266
822
3266
2003
3266
1219
3266
2003
850
1538
3266
3266
3266
1225
3266
2003
3266
3266
3266
3266
849
3266
1498
3266
880
3266
3266
3266
3266
3266
1527
3266
3266
3266
3266
3266
3266
2005
3266
3266
888
2005
3266
3266
3266
3266
3266
3266
2003
3266
3266
1250
2004
3266
802
3266
3266
3266
3266
2597
3266
2003
3266
1944
3266
3266
3266
1251
828
2005
799
3266
3266
3266
3266
3266
3266
3266
1535
2595
2005
3266
3266
3266
3266
3266
3266
3266
3266
3266
3266
3266
1942
1266
295
3266
2742
3266
3266
3266
2005
3266
3266
2007
3266
3266
3266
295
3266
3266
3266
2006
2009
918
2004
3266
819
3266
3266
1538
3266
3266
3266
3266
3266
1549
3266
3266
3266
703
2006
3266
3266
1507
3266
3266
3266
723
3266
809
1940
3266
2004
797
3266
3266
722
3266
668
1945
664
802
683
295
670
898
723
784
2005
3266
1507
296
3266
3266
1940
3266
2003
794
1262
3266
723
3266
3266
3266
807
3266
1265
1223
3266
795
722
1783
3266
3266
3266
3266
3266
3266
2005
2005
3266
899
1510
3266
3266
3266
664
1782
1509
723
2005
3266
3266
722
3266
3266
3266
3266
2003
1218
1529
3266
723
1267
3154
3266
1253
1266
3266
1256
3266
3266
3266
3266
899
899
1262
3266
852
701
795
898
722
722
1225
722
594
722
715
592
1942
3266
296
296
1225
722
295
1782
296
2003
1653
296
2003
1550
2849
1251
3154
3154
3266
2004
2005
3266
3266
1529
1535
1223
3266
3266
2005
2005
3266
2007
1535
2003
1536
298
3266
3266
1512
3266
3266
2004
2005
3266
3266
3266
2595
2003
3266
3266
899
2004
3266
3266
3266
3266
3266
2004
3266
3266
1943
295
3266
3266
867
3266
3266
830
2005
3266
3266
1241
3266
3266
2005
2004
3266
1250
2005
3266
2594
3266
2595
2003
3266
3266
3266
2004
3266
3266
3266
3266
3266
3266
887
1254
3266
3266
3266
888
3266
3266
3266
1529
3266
2003
3266
1783
2003
1504
3266
3266
3266
3266
3266
3266
3266
3266
3266
3266
3266
1264
3266
3266
2005
3266
3266
1265
3266
3266
3266
3266
3266
3266
3266
3266
3266
802
1510
3266
3266
1267
3266
2003
3266
2003
3266
3266
3266
3266
3266
1785
294
293
683
295
293
269
3266
3266
1528
3266
3266
3266
1656
3266
2005
3266
3266
3266
3266
1941
3266
723
3266
3266
795
3266
3266
3266
3266
1266
3266
3266
3266
3266
3266
298
722
2594
2005
3266
3266
3266
2003
3266
3266
3266
3266
1252
3266
2005
723
3266
2594
3266
3266
723
3266
3156
1241
832
2005
3266
3266
2006
3266
3266
723
1529
2003
3266
2600
2003
723
723
2003
3266
722
3266
2742
823
664
722
683
687
790
1942
296
295
296
297
292
1782
296
2007
1252
2003
3266
3266
3266
3266
1534
3266
1263
2003
829
2003
853
1508
870
1261
3266
3266
3266
821
1261
2003
3266
1653
2006
3266
3266
3266
3266
3266
2005
3266
2003
813
3266
2003
3266
2004
3266
3266
3266
3266
3266
1528
3266
820
3266
2003
3266
3266
3266
3266
2742
295
3266
3266
3266
3266
2005
2005
3266
2003
3266
3266
888
723
723
3266
3266
2003
820
3266
815
3266
3266
722
3266
3266
3266
1554
1538
3266
3266
3266
1257
3266
3266
3266
3266
2005
3266
2595
3266
3266
2003
1782
3266
3266
3266
1940
1225
3266
2004
3266
3266
3266
3266
2741
3266
1942
3266
806
3266
3266
2003
1250
1781
3266
1250
2005
3266
2595
3266
3266
827
3266
888
3266
2003
1267
3266
922
3266
3266
2472
723
3266
3266
3266
3266
2005
3266
3266
2595
3266
3266
3266
3266
723
3266
3266
2003
3266
3266
2004
3266
3266
3266
3266
3266
1507
677
290
1263
1250
1541
678
284
686
2741
296
722
296
1654
1656
296
295
296
296
293
3266
899
2594
2007
859
2007
3266
1251
1512
294
296
294
294
3266
2005
2007
3266
3266
2003
3156
3266
3154
723
1264
2003
3266
3266
2005
3266
723
3266
722
3266
3266
3266
886
3266
2004
3266
1528
723
722
3266
3266
722
886
3266
3266
3266
887
3266
2003
3266
2006
899
3266
3266
3266
3266
3266
2595
1223
1257
1939
875
3266
2005
2009
3266
2742
255
1256
3266
3266
3266
3266
2005
3266
3266
3266
3266
3266
3266
3266
3266
3266
2004
722
3266
2003
2004
3266
2595
3266
3266
3266
2024
3266
3266
3266
2003
3266
3266
2005
2003
3266
3266
3266
3266
1541
3266
3266
3266
3266
3266
3266
3266
3266
2005
3266
3266
3266
3266
3266
3266
3266
3266
799
2606
2857
2226
3153
722
3266
3266
723
830
1225
2005
3266
799
3266
795
3266
3266
899
595
722
723
670
870
1783
1262
295
295
1657
296
294
1654
296
3154
3266
3266
2003
3266
3266
3266
722
3266
3266
2005
3266
1782
1250
2003
899
677
295
898
3266
723
2475
2005
1250
723
723
723
722
722
594
667
704
722
722
722
594
595
722
2227
868
2473
1218
869
2592
868
2226
2227
3267
2226
3155
3156
845
294
2744
2227
827
2003
2004
3266
3266
3267
2590
1250
2227
1507
1543
296
2227
2226
2594
1550
722
2478
1498
722
722
2473
1939
2594
1225
2226
2594
2583
2226
2003
2594
898
2594
2592
2473
722
899
702
1252
664
2474
594
595
899
594
713
1535
867
2227
2005
296
2226
2226
3155
2590
829
899
2227
2529
832
722
817
723
722
2226
2594
868
800
2226
2226
2226
705
869
2478
722
687
2595
2005
2227
868
2594
2005
2594
919
722
801
1250
898
664
298
658
296
594
1226
1123
1248
1782
296
2529
2594
2004
2594
1782
660
2226
1498
2478
2466
2226
2474
2226
2466
802
2003
2003
722
868
2226
2595
899
2003
656
2476
722
722
722
663
595
1256
722
1262
2594
2003
1251
2227
2474
2529
1538
2473
2478
2227
2591
2003
1543
722
798
2005
1657
2226
2595
2226
2226
3266
827
2003
829
3266
2762
3266
2005
3266
2594
1531
2594
2005
1498
1531
2592
2594
296
2227
723
2474
2529
3267
722
3266
3266
3267
827
1654
295
829
827
827
296
1262
295
3266
877
898
723
664
3266
723
2005
886
3266
2227
2226
2226
723
1782
899
3266
798
723
1654
722
3266
2226
297
3155
2004
827
2594
827
830
3266
827
3267
3266
1250
2003
2003
2003
3266
2598
1536
3266
2004
3266
3266
3266
1941
3266
1536
3266
3266
854
3266
3266
2004
3266
3266
1225
2003
802
3266
1256
722
885
3266
2005
3154
2003
723
3266
3266
2003
296
1656
3266
2005
723
3266
3154
1552
3154
3157
3266
3266
3266
3266
1539
3266
3266
3266
2594
877
820
3266
3266
3266
3266
3266
3266
1654
3266
806
295
2005
3266
3266
3266
887
3266
3266
3266
3266
3266
3266
2004
2597
3266
3266
824
1218
3266
3266
3266
722
3266
2005
3266
3266
3266
802
2003
3266
3266
3266
3266
2023
862
675
3266
1542
3266
2003
1529
3266
3266
3266
3266
3266
3266
3266
702
3266
3266
3266
3266
3266
848
3266
1256
3266
3266
3266
3266
3266
3266
3266
3266
3266
723
2595
2005
3266
3266
1538
1498
1263
2003
1251
3266
855
3266
3266
2594
3266
3266
722
3266
1250
2005
3266
3266
2744
294
295
683
295
294
3266
3266
3266
3266
3266
3266
3266
3266
3266
3266
3266
3266
3266
3266
802
3266
3266
802
3266
1250
3266
3266
3266
3266
1507
2739
722
1261
899
3266
821
3266
3266
1939
3266
3266
3266
2745
3266
3266
3266
2004
3266
3266
3266
1251
3266
1262
3266
3266
3266
3266
2024
3266
3266
1530
1553
899
3154
2003
3266
864
1529
2743
3154
1263
1226
3266
722
2003
3154
701
722
2227
3266
3266
822
3266
3266
3266
1656
1782
882
3266
3266
3266
826
3266
3266
3266
3266
3266
3266
3266
3266
3266
3266
3266
2003
3266
3266
2594
3266
1553
3266
3266
1223
3266
1507
3266
3266
3266
1539
2005
3266
3266
3266
3266
1540
2005
3266
3266
3266
3266
3266
3266
3266
3266
806
3266
3266
3266
2005
3266
3266
3266
3266
3266
3266
3266
3266
3266
1226
3266
3266
3266
2007
723
3266
3266
3266
722
3266
3266
1656
2004
3266
3266
2003
1218
3266
3266
2004
3266
3266
3266
3266
3266
3266
831
1533
3266
3266
3266
3266
3266
3266
3266
1654
3266
3266
3266
2596
3266
1252
723
3266
3266
3266
3266
3266
899
3266
3266
3155
3266
3266
3266
3266
3157
3266
3266
3266
3266
2595
1538
3266
3266
3266
3266
3266
3266
3266
3266
3266
3266
3266
3266
3266
3266
3266
827
829
1498
1654
292
295
1533
296
296
670
811
295
796
723
899
886
2006
3266
723
3266
3266
3266
722
722
3266
722
722
594
723
595
722
898
296
721
1267
295
292
1533
297
1654
293
296
295
859
1653
294
1785
296
296
296
296
697
296
295
295
297
295
292
293
294
293
702
294
594
294
294
293
298
595
297
296
296
297
279
836
1250
297
295
296
296
296
1656
296
296
296
296
296
296
295
295
1264
295
297
295
296
296
1780
296
297
296
296
298
296
296
296
296
296
295
1654
296
297
296
296
295
258
1655
296
296
295
723
296
296
899
296
296
296
296
296
295
860
295
297
296
296
295
294
296
296
886
295
594
594
722
722
722
883
594
664
595
295
721
2227
2003
3266
2005
723
3154
2003
3156
723
3157
3266
723
3154
858
851
3266
3266
3266
3266
2003
3266
887
723
3266
722
722
722
722
666
867
722
818
295
595
594
3154
3266
3266
3266
1522
3154
1541
2005
3266
3266
3266
3266
3266
1223
2005
2003
722
898
723
2743
2005
1940
805
1554
722
3266
722
3266
1538
888
1800
2003
3266
1531
2005
887
2606
3266
3266
2007
3266
3266
3266
3266
704
3266
3266
1933
829
3266
1532
3266
3266
2003
723
3266
3266
2003
3266
1535
3266
917
3266
3266
723
3266
3266
1779
2741
822
683
295
2003
3266
3266
3266
922
3266
3266
887
3266
3266
3266
3266
3266
3266
657
3266
3266
3266
3266
888
3266
3266
3266
1225
722
1257
3266
916
296
3266
2003
3266
1539
3266
2745
3266
3266
3266
1801
918
1790
1530
1265
3266
3266
3266
3266
3266
3266
3266
3266
3266
296
3266
3266
3266
3266
3266
3266
3266
3266
3266
3266
3266
3266
2003
3266
3266
3266
3266
3266
3266
3266
723
3266
2595
3266
3266
3266
3266
1784
3266
1541
3266
1940
1656
295
3266
3266
3266
3266
3266
3266
3266
3266
1531
2003
3266
3266
2003
3266
1240
3266
2003
887
3266
3266
1260
3266
3266
818
3266
3266
3266
1218
3266
3266
3266
3266
3266
3266
3266
2003
2006
3266
2003
1790
722
3266
3266
795
3266
3266
3266
2003
1225
3266
703
3266
2596
2005
722
3266
3266
3266
3266
3266
3266
3266
3266
295
3266
3266
3266
3266
2594
3266
3266
3266
2003
3266
1533
3266
3266
3266
3266
3266
3266
1529
3266
883
1529
3266
2003
3266
722
3156
3266
3266
3266
2003
3266
3266
3266
3266
3266
3266
3266
3266
3266
3266
3266
1507
1226
3266
3266
3266
723
3266
3266
3266
3266
865
722
3266
2003
2003
3266
2005
2003
3266
888
2743
3266
3266
3266
3266
2004
2004
2005
3266
1265
2742
3266
3266
1655
1785
3266
3266
2006
3266
3266
3266
2742
1251
1262
887
3266
3266
917
3266
3266
3266
3266
3266
1252
722
3266
3266
3266
3266
3266
2005
3266
3266
2003
3266
3266
3266
2003
799
3266
3266
3266
3266
3266
3266
2003
3266
2003
1224
3266
3266
3266
3266
1515
3266
1782
722
3266
3266
3266
3266
3266
2003
3266
1498
2003
827
3266
805
3266
3266
1508
673
294
3266
3266
2003
2595
3266
1656
2004
3266
1223
1535
3266
3266
3266
3266
888
3266
3266
3266
3266
1526
2003
2003
1941
293
2005
3266
3266
3266
3266
1551
3266
2003
3266
3266
3266
3266
3266
1250
3266
2005
3266
3266
2742
3266
3266
1250
3266
3266
2594
3266
2597
1223
3266
3266
3266
3266
806
3266
2003
3266
3266
3266
296
3266
3266
3266
3266
3266
3266
3266
723
3266
297
3266
2599
3266
3266
806
1534
886
3266
3266
3266
3266
802
3266
3266
3266
3266
2741
3266
3266
702
2744
3266
3266
3266
3266
3266
3266
3266
3266
3266
3266
3266
723
820
3266
3266
3266
3266
1527
2226
723
722
3266
3266
3266
3266
1261
887
3266
3266
3266
3266
888
722
802
688
3266
3266
2005
2003
3266
3266
3266
3266
3266
3266
3266
2595
723
3266
3266
3266
3266
3266
3266
3266
3266
3266
1529
3266
852
843
3266
3266
3266
3266
2003
2006
3266
1940
1266
295
3266
3266
3266
3266
3266
2005
3266
3266
3266
860
3266
3266
3266
2005
3266
3266
3266
2003
2594
3266
1781
1509
1939
2005
3266
3266
3266
3266
811
2003
2004
1262
3266
1537
1540
3266
1252
1250
2003
1223
806
3266
3266
3266
3266
681
3266
3266
3266
2003
3266
3266
3266
2005
3266
1254
3266
795
1261
3266
1259
3266
2003
723
3266
3266
3266
3266
664
664
683
295
2004
664
296
676
297
293
684
295
295
659
658
722
293
294
1240
886
723
594
722
722
722
898
3266
3266
3266
3157
3266
1506
2226
723
3154
1250
2003
3266
723
3266
3266
887
2005
1784
678
295
1224
3266
3266
2003
3266
3266
1799
3266
2005
3266
3266
3266
3266
295
3266
3266
3266
3266
3266
3266
3266
3266
1553
3266
3266
3266
3266
3266
3266
2003
2004
3266
916
2003
3266
3266
3266
3266
722
3266
841
3266
3266
3266
3266
2004
2596
295
3266
806
3266
3266
3266
3266
3266
3266
3266
3266
3266
3266
3266
703
3266
3266
3266
1538
3266
2003
3266
3266
3266
3266
3266
3266
3266
2594
3266
3266
2004
1538
2003
1528
3266
799
1260
899
3266
3266
3266
3266
1218
3266
3266
3266
3266
2004
3266
3266
3266
3266
3266
2004
1258
3266
2003
3266
2596
3266
916
2003
2595
3266
3266
3266
3266
3266
3266
2003
3266
1533
2003
1537
3266
1263
2005
3266
3266
3266
3266
3266
3266
2003
3266
1492
3266
3266
3266
3266
1219
1548
3266
841
3266
1537
3266
3266
3266
2003
3266
3266
3266
2006
3266
3266
3266
3266
3266
1942
722
3266
3266
3266
3266
3266
3266
2003
3266
3266
795
2003
3266
3266
3266
3266
3266
3266
3266
3266
3266
3266
1258
3266
1541
3266
3266
1257
3266
3266
3266
3266
3266
3266
3266
3266
3266
3266
3266
3266
1259
3266
3266
2005
3266
3266
3266
3266
795
3266
3266
3266
3266
3266
2003
2594
3155
3155
1251
2003
3266
898
3266
1554
3266
3266
3266
3266
827
1226
2007
295
3266
3266
3266
3266
3266
2003
3266
3266
3266
1541
849
295
3266
723
2474
3266
3266
2003
3266
2003
2226
723
2226
3154
3266
723
2003
2003
3266
1961
3266
723
3266
898
3266
2003
3154
3266
295
3266
3266
2006
812
295
2006
295
722
3266
809
2005
1779
722
887
3266
3266
802
3266
3266
1782
863
2005
703
3266
670
3266
664
2472
594
594
3266
3266
723
3266
3266
3266
3266
3154
3266
2003
3266
3266
3266
1259
3266
2003
3266
841
3266
3266
3266
3266
1782
1226
3266
899
3266
1262
3266
3154
723
3266
3266
3266
659
683
722
722
1554
2487
677
2743
827
295
803
723
3266
1529
1653
3266
677
722
595
722
594
1223
664
670
3266
664
3266
3266
664
795
664
802
3266
722
1257
664
664
664
898
664
296
291
1257
1657
296
294
900
3266
664
664
665
664
664
296
295
665
296
295
295
1654
1785
296
296
295
296
683
295
723
1783
295
296
296
1785
296
296
295
296
296
830
664
295
296
296
680
723
296
683
295
295
296
296
295
1654
296
295
295
294
296
297
296
295
295
662
663
294
294
297
795
1508
3266
664
664
664
664
664
2004
664
664
664
664
664
664
664
3266
670
664
664
664
664
3266
664
667
799
664
664
1547
664
3133
722
3266
3266
3266
2003
1251
3266
3266
3266
3266
3266
3266
3266
3266
3266
293
3266
2004
1510
3266
3266
3266
3266
2487
3266
3266
1656
3266
3266
2003
3266
3266
3266
3266
3266
3266
2594
3266
2003
3266
3266
722
790
1513
3266
2595
3266
3266
2004
3266
3266
3266
3266
3266
3266
3266
3266
1507
683
295
3266
3266
3266
2595
3266
3266
3266
3266
3266
3266
1258
3266
3266
2005
2005
2594
3266
3266
1539
2595
3266
1223
1534
3266
1264
3266
1510
722
2005
3266
1536
295
2003
3266
3266
1492
3266
3266
3266
3266
3266
3266
3266
3266
2595
3266
3266
3266
3266
3266
2743
3266
3266
3266
2597
3266
3266
1251
3266
3266
2004
2003
1785
2003
2005
795
722
899
1263
722
3266
3156
1541
3266
3266
2962
1263
2003
3156
3266
1791
723
3156
295
3266
3266
3266
3266
2003
1262
3154
3266
3266
899
3266
723
3266
722
798
722
295
669
292
2004
3266
723
3266
851
3266
3266
3266
3266
3266
3266
3266
2003
2594
3266
3266
1531
3266
2004
3266
3266
2594
3266
3266
917
802
1267
2003
3266
2474
2594
659
2594
2591
899
2595
2226
879
3154
723
3266
827
3266
2593
3266
1534
3266
3266
722
1218
3266
829
1945
2005
3266
3266
3266
722
3266
3266
2003
2227
2227
3155
2003
3266
296
827
3267
1531
3266
3266
2005
3266
885
886
663
663
2004
722
827
3266
813
3266
799
794
3266
3266
722
3266
3266
798
672
3266
3266
3266
722
826
2003
3266
802
3266
3266
2741
3266
1223
3266
3266
3266
3266
3266
3266
3266
1250
3266
3266
2003
3266
1259
3266
2005
1538
3266
3266
3266
3266
3266
2005
3266
3266
3266
3266
3266
3266
3266
2003
3266
3266
2003
3266
888
3266
3266
3266
1958
722
2595
3266
3266
3266
3266
3266
3266
3266
3266
3266
3266
3266
3266
2005
3266
2007
2005
2008
3266
2594
3266
2006
294
296
291
669
2005
3266
703
699
1264
3266
795
666
3266
1218
2004
3266
2007
1223
2008
3266
3266
795
3266
3266
851
2003
3266
680
811
3266
1257
827
3266
2003
802
795
1779
1782
827
3266
2595
3266
1940
2003
3266
2003
3266
3266
3266
3266
809
3266
3266
1940
3266
3266
795
3266
3266
2003
3266
3266
3266
802
2003
3266
806
1491
3266
3266
806
666
3266
844
3266
1223
653
656
1240
3266
1555
3266
723
595
667
1225
277
1531
3266
3154
1942
2003
899
861
2003
1218
3266
861
3266
1538
886
3156
3266
3266
899
1543
2005
3266
722
295
3154
3266
3266
2227
723
2003
3156
3266
3266
3266
3266
3266
2741
3266
3266
1251
3266
3266
3266
3266
1942
294
723
3266
3266
806
3266
3266
2003
3266
1223
788
2003
3266
3266
2003
3266
703
722
3266
3266
3266
3266
3266
3266
2006
917
3266
3266
3266
3266
3266
3266
3266
3266
1785
3266
3266
1940
3266
1259
3266
3266
3266
1940
1226
2003
799
820
3266
3266
295
3266
3266
3266
2594
2005
3266
3266
3266
3266
3266
3266
3266
3266
3266
3266
3266
3266
3266
2004
888
3266
723
3266
3266
3266
3266
3266
3266
3266
3266
3266
3266
2005
3266
3266
2003
3266
1534
3266
3266
2004
3266
3266
2003
2003
3266
3266
3266
3266
2597
3266
3266
3266
3266
3266
888
3266
3266
2008
683
295
855
3266
3266
2003
3266
3266
3266
3266
2005
2004
3266
3266
3266
3266
2594
295
722
3266
3266
3266
3266
3266
3266
3266
3266
2003
3266
3266
3266
3266
3266
3266
1528
3266
3266
3266
3266
3266
3266
3266
3266
1943
867
846
678
723
296
3157
3266
3266
3266
296
1223
898
3155
723
861
2003
899
2005
3266
2003
3266
2005
3266
3266
1265
2003
2226
3266
3266
3266
3266
3266
3266
3266
3266
3266
795
2003
3266
3266
3266
3266
3266
2003
1259
3266
899
2745
688
2226
723
723
3266
2227
3266
1262
3156
3266
3266
1223
3266
3266
3266
679
1509
3266
3266
1256
2003
3266
3266
2003
827
924
2005
816
3266
3266
3266
1656
3266
3266
3266
3266
3266
3266
2003
3266
829
1508
3266
799
3266
3266
3266
3266
1961
2003
3266
3266
3266
2606
3266
2597
722
1257
723
798
723
1256
3266
723
3266
723
3154
3266
3266
722
3266
2003
3266
3266
3266
3266
723
3266
898
3266
3266
2007
2227
899
2595
3266
1541
3266
3266
899
870
295
294
868
280
287
683
295
1266
295
293
1258
297
1546
296
296
689
1224
295
899
296
296
1536
296
296
899
296
296
296
296
297
295
1940
296
296
295
296
296
701
294
662
294
853
296
297
703
1783
296
1552
296
296
295
296
295
1655
296
296
296
296
296
296
296
296
830
296
296
294
296
296
296
295
1226
297
297
683
295
295
296
295
295
827
296
296
294
296
1537
295
296
295
296
296
296
296
296
296
294
296
296
296
296
295
1784
296
296
1654
295
798
296
296
296
296
296
296
296
296
296
295
1654
296
3266
296
295
296
296
298
296
669
677
683
722
297
296
296
296
296
296
297
297
297
296
296
296
295
701
295
295
594
722
722
723
722
3266
1250
3266
723
3154
3154
3266
2742
2226
3266
1223
722
3266
3266
3266
855
3266
3266
827
3266
3266
1944
3266
3266
3266
3266
3266
899
3266
3266
853
3266
3266
3266
3266
3266
2005
2003
3266
842
722
3266
2003
3266
3266
3266
3266
3266
3266
3266
3266
3266
3266
899
3266
3266
2003
295
3154
2743
3266
3155
1528
2003
3266
2003
3266
3266
704
722
722
3266
2743
3266
852
1263
3266
3266
295
2004
2022
881
1538
857
2743
3266
3266
3266
3266
2594
2008
3266
3266
855
3266
1939
2003
3266
2003
3266
3266
3266
3266
3266
3266
3266
3266
2004
3266
3266
2003
3266
3266
3266
887
3266
3266
3266
2006
3266
3266
3266
722
2594
3266
3266
2004
1263
295
2003
1538
3266
3266
3266
1218
1250
1656
1940
3266
3266
2004
2003
3266
3266
3266
3266
3266
3266
3266
888
2006
3266
3266
2760
3266
3266
3266
2003
2003
1268
3266
3266
888
3266
887
2003
3266
2003
3266
802
825
846
295
3266
2003
3266
3266
680
3266
2005
3266
3266
3266
1523
3266
3266
2003
3266
3266
3266
3266
3266
3266
855
3266
1553
1263
3266
3266
3266
3266
3266
3266
1246
3266
1532
3266
3266
3266
3266
1257
3266
3266
3266
3266
3266
3266
3266
899
3266
723
723
722
293
867
722
3157
722
3266
3266
3156
3266
3266
723
2006
2227
3154
2227
3266
722
2003
3266
2003
3266
1250
1551
723
2022
883
595
1259
722
295
2227
3266
2003
3266
3266
3266
2004
3266
1801
294
3266
3266
723
3266
3266
3266
2003
3266
3266
3266
3266
3266
3266
3266
883
3266
3266
3266
3266
1531
2005
2005
1547
3266
1510
3266
827
683
295
3266
3266
1508
855
3266
3266
3266
1250
3266
3266
3266
3266
1536
1549
3266
1257
3266
296
1655
3266
1528
3266
2007
3266
3266
3266
3266
1554
2742
1528
3266
1526
3266
3266
3266
3266
3266
3266
3266
3266
3266
2003
3266
3266
3266
3266
1537
2005
3266
3266
3266
2742
1218
3266
3266
3266
3266
3266
3266
1259
1268
3266
1507
1223
2005
3266
2595
3266
3266
3266
3266
2594
3266
3266
3266
3266
2594
723
2003
899
2474
899
722
1942
3266
3266
3266
888
3266
3266
3266
3266
1259
3266
2003
2003
3266
3266
3266
3266
1800
3266
849
3266
3266
3266
3266
3266
3266
723
3266
3266
3266
3266
3266
1517
3266
3266
3266
1513
2004
3266
3266
1509
3266
2003
3266
3266
3266
3266
3266
3266
3266
916
3266
3266
3266
2003
1543
2597
1654
3266
813
3266
3266
3266
3266
3266
3266
3266
3266
3266
3266
3266
3266
3266
3266
1785
722
2005
1656
3266
2004
3266
849
3266
3266
3266
2005
3266
1218
3266
3266
3266
3266
3266
3266
3266
1264
3266
1223
2003
2003
3266
916
3266
3266
3266
3266
802
3266
3266
3267
3266
1555
3266
2004
3266
3266
3266
3266
1512
3266
3266
3266
1261
3266
3266
3266
887
3266
3266
3266
3266
3266
3266
3266
1508
296
1252
2594
3266
3266
3266
3266
2004
3266
3266
3266
3266
3266
3266
3266
3266
3266
2003
3266
2003
3266
3266
3266
3266
2594
3266
2594
3266
3266
3266
3266
3266
1223
3266
1250
1531
3266
2595
1250
3266
1268
3266
3266
2008
2003
3266
3266
3266
2007
3266
2003
1958
704
3266
3266
3266
3266
3266
3266
3266
3266
2005
3266
3266
1251
3266
3266
3266
1543
3266
722
2741
2003
3266
3266
849
2003
899
3154
3266
1264
722
3266
3266
723
3266
3266
2430
3266
722
723
3266
676
3266
2742
799
849
898
3266
3266
295
922
1530
1655
296
292
290
3266
1942
869
808
3266
3266
3266
3266
3266
3266
809
3266
1261
3266
2003
3266
3266
3266
3266
678
3266
860
1223
1227
3266
2003
3266
3266
846
3266
3266
295
3266
795
2005
2003
3266
3266
2594
3266
3266
2005
3266
670
898
3154
1262
3156
1942
2227
3154
1218
3154
3266
3266
3266
3266
3266
3266
3266
799
3266
2003
2003
3266
3266
3266
2003
3266
3266
3266
1654
3266
3266
3266
3266
2739
3266
3266
1656
3266
3266
3266
3266
802
3266
3266
1783
722
294
679
723
3266
1223
723
723
2003
723
295
3157
3266
898
3266
2003
1784
799
3266
3266
723
3157
1533
1554
2004
3266
3266
2594
2004
3266
3266
3266
3266
3266
2003
3266
3266
3266
3266
1508
3266
1251
3266
3266
2003
3266
2003
3266
3266
3266
3266
722
2005
3266
3266
2594
3154
294
294
685
798
3266
3154
3266
3266
3266
3266
2743
3266
3266
1531
3266
3266
681
3266
3266
3266
2742
2005
916
3266
3266
1259
826
3266
3266
3266
2005
3266
2744
1267
3266
2003
3266
2003
3266
3266
3266
3266
888
295
3266
3266
3266
3266
1531
2003
3266
3266
3266
809
3266
3266
2003
3266
1264
3266
2005
3266
3266
1262
1656
791
2595
1526
3266
2003
3266
3266
3266
2595
723
1264
3266
3266
2003
3266
3266
827
795
1532
2743
2226
3266
2227
3266
2003
2226
2594
2594
2227
2594
295
2227
2594
2227
2226
2227
1654
2226
875
723
2594
2595
2473
2007
899
292
3266
3266
2003
3266
3266
3154
3154
296
899
295
1782
722
1756
3267
3266
3266
296
296
294
1225
3266
2742
3266
2007
3266
3266
3266
3266
3266
3266
3266
3266
2003
2003
2009
2006
2594
3266
3266
3266
1538
3266
3266
3266
3266
3266
2005
2004
3266
1265
3266
3266
3266
3266
3266
3266
2003
3266
3266
3266
1540
3266
3266
3266
3266
857
3266
3266
2761
3266
3266
3266
3266
3266
3266
3266
3266
3266
3266
3266
295
1218
802
3266
3266
3266
3266
3266
3266
3266
3266
3266
3266
2003
3266
3266
3266
3266
3266
3266
3266
1530
3266
3266
2003
3266
2022
3266
852
672
887
3266
3266
3266
3266
2005
3266
3266
3266
3266
3266
3266
2003
3266
295
1225
3266
3266
3266
1251
3266
1252
3266
1537
3266
3266
3266
3266
3266
3266
832
1541
2003
3266
3266
3266
3266
3266
1509
3266
3266
2742
1785
723
722
722
722
1225
3266
850
3266
3266
3266
3266
2005
3266
3266
3266
3266
1508
295
672
850
3266
3266
3266
829
1498
3266
1943
3266
3266
704
3266
3266
3266
3266
3266
3266
3266
852
3266
3266
1653
3266
824
2003
1252
3266
3266
3266
1250
3266
3266
2003
3266
3266
3266
3266
848
689
3266
1250
3266
2003
3266
3266
887
2003
3266
2595
3266
1258
3266
3266
3266
827
1540
3266
3266
3266
3266
1779
3266
3266
3266
3266
3266
3266
3266
3266
819
663
898
3266
3266
3266
3266
1656
723
3266
3266
3266
3266
3266
2005
3266
2003
3266
3266
3266
3266
1218
3266
3266
3266
2742
3266
3266
723
2009
294
294
1254
294
3266
3266
3266
3266
3266
1522
3266
3266
3266
3266
1262
866
3266
3266
3266
3266
2003
3266
3266
2003
2025
3266
806
3266
3266
3266
3266
3266
295
3266
3266
2005
3266
3266
1540
3266
3266
1263
2005
3266
2004
3266
3266
2005
1252
3266
3266
3266
2741
294
3266
3266
3266
1250
3266
3266
3266
3266
1654
3266
3266
2594
2003
3266
2003
1540
3266
3266
3266
1544
3266
3266
2005
683
806
675
1251
2005
1252
3266
3266
3266
3266
1531
3266
3266
3266
657
3266
3266
2004
3266
3266
2004
3266
3266
3266
3266
1250
723
3266
3266
2003
3266
3266
1264
3266
2005
1531
3266
3266
3266
2003
3266
3266
3266
1534
3266
3266
3266
2005
3266
3266
3266
1941
1550
3266
2022
722
3266
3266
1257
3266
3266
2004
3266
1535
3266
3266
2003
1545
3266
3266
3266
2006
3266
888
857
723
3266
3266
1554
3266
1654
683
918
3266
3266
3266
3266
1258
3266
3266
3266
2741
3266
3266
2003
3266
3266
3266
2003
3266
3266
3266
1263
3266
3266
3266
3266
3266
2597
3266
3266
899
3266
2742
291
2594
1263
3266
1653
3266
3266
1262
3266
2595
3266
1782
3266
3266
3266
3266
3266
3266
2003
3266
888
3266
2742
3266
3266
2760
722
3266
3266
3266
2003
2594
3266
793
3266
3266
1782
3266
3266
1943
3266
3266
1555
3266
3266
2003
3266
3266
3266
1244
3266
3266
1941
866
295
2003
3266
1655
1511
294
899
297
296
1225
252
1256
296
293
297
679
296
683
295
1653
298
296
1653
296
2005
296
296
296
296
297
296
1655
295
296
296
296
296
1255
676
296
296
296
298
296
1654
295
3266
3266
723
295
898
3266
795
3266
3266
677
3266
805
919
1538
3266
3266
3266
3266
2005
723
1509
295
799
678
872
723
3266
678
3266
3266
3266
806
3266
3266
3266
722
3266
1507
3266
3266
3266
806
2595
3266
3266
1540
2004
3266
2004
3266
3266
679
1544
2594
676
806
722
808
3266
1531
672
1203
1146
1540
1250
1507
723
595
723
722
722
1783
680
3266
723
3154
3266
3266
3266
1223
2227
3266
3266
3266
3266
3266
1259
2003
3266
722
1263
3266
723
1546
1539
3266
3155
3155
3266
3266
2005
3266
3266
2003
294
3157
3266
3266
3266
1539
1250
3266
3266
3266
3266
2006
3266
3266
3266
3266
832
2003
2005
2594
3266
1264
3266
2004
2004
1257
295
2003
2595
3266
3266
1780
3266
1265
2004
3266
3266
2004
2003
1942
722
3266
3266
1942
3266
3266
3266
3266
2004
3266
3266
3266
3266
3266
3266
3266
3266
3266
2003
3266
3266
3266
3266
295
3266
3266
3266
3266
3266
3266
2005
3266
1546
2003
2005
3266
2005
2005
3266
1539
1218
684
3266
3266
919
3266
3266
3266
3266
3266
3266
3266
3266
2003
723
3266
3266
1260
3266
3266
3266
3266
3266
3266
3266
1782
3266
3266
3266
3266
3266
2007
3266
1657
1963
3266
3266
2003
3266
3266
2004
1540
3266
3266
3266
887
1781
2004
2004
1548
3266
1251
3266
3266
722
3266
2597
1554
3266
888
1524
3266
1224
3266
3266
2005
3266
3266
2003
3266
3266
3266
3266
3266
3266
296
3266
3266
3266
3266
3266
3266
2005
3266
3266
3266
3266
2004
722
3266
2743
3266
3266
2741
3266
3266
3266
3266
2005
3266
3266
2004
3266
3266
3266
2003
3266
1252
919
3266
3266
3266
3266
3266
3266
1218
3266
3266
3266
849
1942
2597
2003
1251
3266
3266
1223
2005
3266
296
3266
3266
2742
3266
3266
3266
827
293
3266
2005
3266
1544
3266
3266
3266
3266
3266
296
3266
3266
3266
1550
3266
3266
3266
3266
2003
3266
3266
3266
3266
2744
294
1534
3266
3266
1527
2594
3266
3266
3266
2003
2594
703
722
3266
3266
3266
3266
3266
722
3266
2005
683
295
3266
3266
3266
3266
3266
3266
3266
2003
3266
2005
3266
1548
3266
799
1218
3266
3266
3266
3266
294
1943
3266
2003
3266
3266
1509
3266
3266
3266
3266
3266
2007
3266
3266
3266
3266
3266
3266
3266
2008
3266
3266
3266
3266
3266
3266
3266
2003
2007
3266
3266
3266
2003
723
1533
3266
3266
3266
899
3266
3266
899
1268
2226
2227
2227
2226
2226
919
3154
2227
3266
3266
3266
3266
3266
3266
3266
296
3266
799
722
898
722
700
288
899
1781
2740
722
3154
296
296
1257
296
922
296
295
1251
296
296
1552
296
2226
295
2227
3266
3266
848
3266
2003
3266
2003
3266
722
3266
881
3266
3266
1527
3266
3266
3266
3266
3266
3266
3266
3266
3266
3266
3266
868
3266
3266
3266
2007
3266
3266
2005
3266
3266
1655
1250
3266
2006
1263
3266
854
3266
3266
1218
2007
704
1225
3266
3266
3266
3266
3266
2559
3266
1538
3266
3266
852
3266
3266
3266
3266
2595
3266
3266
3266
3266
1264
3266
3266
1218
3266
3266
3266
2003
1801
3266
3266
1553
3266
3266
3266
2003
2594
3266
3266
2005
1554
3266
3266
3266
1252
3266
3266
3266
3266
2003
3266
3266
3266
722
3266
1538
3266
1244
3266
2004
790
3266
3266
3266
3266
2003
2003
3266
2006
3266
3266
2005
3266
3266
3266
3266
3266
3266
3266
1782
2743
795
722
2005
898
3266
3266
3266
2005
2595
3266
2005
3266
3266
3266
3266
3266
3266
3266
3266
3266
3266
3266
3266
3266
1655
1225
3266
3266
2005
3266
3266
703
3266
860
295
3266
2003
2003
860
3266
3266
3266
2003
1258
2005
3266
2003
3266
1265
3266
3266
3266
3266
2003
3266
3266
1510
3266
3266
887
704
3266
2005
3266
3266
722
3266
3266
1266
3266
1263
3266
722
2003
799
3266
799
295
899
3266
3266
827
3266
2003
3266
3266
898
2003
2594
2595
2005
3266
3266
3266
3266
2006
1265
3266
2743
722
1260
1250
899
3266
1262
2009
294
296
293
683
295
294
3266
3266
2227
3266
3266
1553
1250
2003
295
3266
3266
3266
1942
827
3266
722
2003
3266
2005
3266
3266
3266
3266
3266
3266
2005
3266
3266
3266
3266
2004
3266
887
3266
3266
2003
1528
3266
3266
3266
3266
3266
3266
3266
2005
2003
3266
3266
702
3266
3266
3266
3266
2003
3266
888
3266
1654
2003
3266
704
3266
3266
3266
3266
3266
3266
3266
3266
819
1535
3266
3266
3266
3266
3266
702
3266
2003
3266
3266
1225
3266
3266
3266
3266
296
722
3266
3266
3266
3266
3266
3266
723
3266
3266
3266
3266
1223
827
899
3266
1250
722
3266
2226
723
2006
3266
3266
1545
3266
3078
723
2003
3266
3154
3266
3266
2003
3266
2005
2595
3266
3266
3266
3266
1655
3266
3266
3266
3266
3266
2594
3266
3266
3266
3266
3266
2003
3266
2003
3266
3266
3266
898
3266
3266
3266
3266
2007
853
1250
823
653
285
3266
3266
888
3266
3266
1261
3266
3266
3266
3266
3266
3266
3266
3266
3266
3266
2003
1219
722
3266
3266
3266
3266
296
3266
3266
2005
3266
3266
3266
3266
3266
3266
3266
3266
3266
3266
3266
3266
3266
3266
3266
3266
3266
295
2004
2003
1522
3266
2004
843
3266
3266
3266
3266
3266
3266
1223
3266
3266
3266
3266
3266
3266
3266
2003
3266
869
899
3266
2005
3266
2003
3266
3266
3266
3266
3266
3266
2007
3266
887
2004
3266
1240
2007
1791
2594
1545
3266
2003
2742
295
294
3266
3266
2003
3266
3266
849
3266
2003
3266
3266
1943
1780
3266
3266
3266
1940
1223
821
2005
3266
2003
3266
3266
3266
1657
3266
2594
2005
3266
1509
3266
3266
3266
3266
827
3266
1218
3266
3266
3266
2005
1250
2003
3266
3266
2003
849
2022
3266
3266
825
3266
3266
3266
3266
799
3266
3266
3266
3266
3266
1534
3266
3266
3266
820
3266
3266
1780
3266
2595
3266
849
722
3266
3266
723
3266
3266
1262
3266
3266
3266
3266
1540
1510
3266
3266
888
1654
3266
722
3266
1531
3266
3266
3266
3266
3266
3266
3266
3266
1223
2004
3266
2003
2003
3266
3266
3266
2743
3266
2004
3266
2006
1223
3266
3266
3266
3266
3266
3266
3266
2742
3266
1539
3266
3266
2743
3266
1263
3266
3266
1548
722
1528
3266
3266
1537
1543
3266
3266
3266
3266
3266
3266
1533
3266
3266
881
3266
799
3266
684
3266
3266
2005
3266
3266
3266
3266
3266
802
2005
1258
296
722
723
827
3266
830
843
827
722
1654
295
1654
294
3267
296
296
850
3266
899
296
295
293
1783
296
296
1654
296
297
296
1654
296
2472
2591
897
2226
1531
2003
899
594
595
898
2594
2595
2226
2004
2227
826
2226
2478
830
798
2004
2226
2486
2590
723
2594
868
685
295
868
868
702
722
722
2598
2590
2583
3157
2005
703
722
723
899
723
722
594
2005
2226
2226
2529
1504
2529
2226
2226
2592
2004
2227
2470
1541
869
2590
1510
2473
2591
2594
2591
2226
2594
2226
2472
2226
2227
2227
868
802
2226
2226
2594
2003
899
2003
2501
722
722
2595
722
664
827
665
1224
722
723
795
723
2227
2226
2226
868
2005
798
2529
2478
868
2594
872
2226
2472
2590
2473
2005
2594
2594
2478
722
722
722
2003
2483
2474
2595
2594
2590
2483
703
594
722
722
714
722
722
722
722
722
722
722
722
722
899
2474
871
2474
1655
2536
3154
2595
656
2226
2592
2594
2592
2226
2478
2478
2478
2594
2003
2227
2529
2003
2594
2005
2595
2003
2003
2005
1655
2226
1552
2473
2473
2227
2474
2473
2226
2226
898
2006
886
2003
2226
2227
3154
1542
2594
1253
2226
2472
3266
3154
703
823
285
1261
2005
665
722
722
885
1544
3266
3267
722
802
3266
2003
3266
3266
3266
3266
2741
3154
3266
3266
3266
2003
798
898
722
801
665
722
2226
3266
2003
3266
3266
3266
3266
295
723
275
3266
3266
3266
3154
2596
3266
3266
2005
3266
3266
3266
1225
3266
2005
2003
3266
3266
1554
793
3266
3266
1257
3266
2594
2003
2003
3266
2003
3266
2004
3266
1533
3266
3266
3266
2006
2595
3266
3266
1784
2595
673
2004
3266
722
3266
3266
2005
3266
822
3266
3266
2005
3266
1537
3266
3266
1531
3266
1492
3266
2003
3266
3266
2594
3266
3266
1227
3266
819
3266
3266
723
2226
3266
722
3266
2003
3266
3154
881
784
2742
3266
2005
722
722
1225
1940
3266
3266
2005
2226
1543
3266
2003
898
722
722
722
696
295
799
3266
3266
3266
3266
872
3266
3266
723
670
3266
3266
3266
3266
3266
3266
3266
1782
3266
3266
3266
1527
3266
2003
3266
1219
3266
3266
3266
3266
2003
3266
3266
3266
2005
2003
3266
682
3266
2003
3266
888
2741
3266
2003
1940
2594
2003
3266
3266
2003
3266
3266
3266
3266
2003
1263
2003
3266
3266
1656
3266
3266
3266
3266
295
3266
3266
873
2005
3266
3266
3266
3266
3266
3266
823
3266
887
3266
3266
2005
3266
3266
3266
1250
2003
3266
2758
2005
1541
823
3266
3266
806
2003
3266
3266
3266
3266
3266
3266
3266
291
3266
3266
3266
887
295
3266
3266
3266
795
3266
3266
3266
3266
3266
3266
3266
3266
3266
3266
3266
3266
3266
3266
3266
820
722
2005
3266
3266
3266
2743
3266
3266
3266
3266
2005
3266
3266
3266
3266
3266
722
3266
3266
3266
3266
3266
3266
2006
3266
3266
3266
3266
3266
3266
2594
3266
3266
3266
3266
3266
3266
2004
2003
3266
2003
3266
3266
916
3266
849
805
702
3266
3266
3266
3266
3266
2595
3266
2006
295
3266
2003
3266
3266
3266
808
3266
3266
1550
3266
2594
3266
2005
3266
3266
3266
3266
2003
3266
3266
899
1554
3266
3266
3266
3266
1540
861
3266
3266
861
3266
1498
3266
3266
2227
3266
3266
3266
3266
3266
3266
3266
1218
2005
3266
3266
3266
2594
701
3266
3266
3266
3266
2004
2003
899
3266
2003
3266
3266
3266
2004
3266
2005
2003
3266
827
3266
3266
3266
3266
3266
3266
3266
2595
2003
3266
3266
3266
3266
2003
2003
3266
2005
3266
3266
1223
1533
2006
2007
2743
3266
3266
3266
1531
2606
3266
2003
3266
3266
3266
3266
1782
294
701
294
3266
2005
3266
2003
2005
3266
3266
3266
2005
3266
3266
3266
3266
3266
3266
3266
3266
3266
1251
295
3266
2003
1939
3266
3266
3266
1944
3266
723
1538
3266
1262
3266
1654
722
3266
3266
3266
3266
3266
3266
3266
3266
3266
3266
855
3266
2003
2594
2003
3266
2596
3266
3266
881
3266
703
1250
664
290
663
3266
899
3266
3266
876
1940
295
664
1657
296
669
294
298
800
294
258
1781
295
898
722
663
3266
1509
3266
2226
1258
703
723
722
594
2007
1549
3266
3266
723
3266
3266
723
667
828
295
3266
3266
722
3266
3266
3266
3266
3266
3266
3266
2595
3266
722
2226
3156
3266
3266
3266
2003
723
723
723
666
806
295
3266
710
899
3266
295
825
3266
3266
1510
2003
1783
1528
2005
3266
3266
2004
2595
3266
1656
295
3266
3266
295
1539
1941
3266
1538
3266
3266
3266
3266
3266
853
2003
3266
3266
3266
2005
2003
899
3266
3266
3266
3266
3266
722
3266
2594
2003
1266
3266
722
3266
2005
3266
2003
2003
3266
2005
3266
1557
3266
3155
3266
1940
684
295
2003
3266
3266
2004
3266
898
3266
1538
3157
3266
3154
1250
723
1783
292
3266
3266
2004
2003
3266
2227
722
3266
860
2003
898
722
2003
3154
3266
3266
2005
3266
3266
3266
3266
3266
3266
2743
3266
3266
3266
3266
3266
2005
3266
3266
3266
3266
297
295
3266
3266
3266
826
1509
2004
1654
3266
3266
2594
3266
1256
3266
3266
3266
3266
2003
3266
2003
3266
3266
3266
723
3266
3266
3266
295
3266
3266
3266
1544
3266
3266
1784
3266
3266
3266
3266
722
3266
3266
885
1656
3266
3266
3266
3266
3266
3266
3266
3266
2006
294
295
683
294
295
3266
2003
3266
3266
3266
1532
3266
3266
3266
3266
3266
1783
3266
1552
3266
3266
3266
3266
3266
2006
3266
899
3156
3266
3154
722
2007
722
723
722
1508
3266
3266
3266
3266
1223
3266
3266
3266
3266
3266
3266
3266
2003
3266
2005
3266
3266
3266
2741
3266
1940
3266
3266
722
3266
2003
3266
3266
3266
2003
822
820
3266
1218
3266
3266
881
3266
3266
1542
2005
3266
3266
1551
3266
3266
1259
3266
3266
3266
3266
3266
3266
3266
3266
3266
3266
3266
2005
3266
3266
3266
3266
3266
2003
822
2005
3266
899
3266
3266
3266
2003
3266
2003
3266
2007
3266
3266
3266
3266
3266
703
3266
2003
3266
3266
3266
3266
3266
3266
2003
3266
799
3266
2004
3266
3266
1782
3266
3266
3266
1260
2004
2594
3266
3266
3266
1265
3266
2003
3266
3266
3266
3266
3266
3266
3266
3266
3266
3266
3266
3266
3266
3266
296
722
1256
854
1256
3266
2003
815
899
722
1657
295
1653
703
293
2003
296
296
295
296
258
293
3157
296
296
296
295
295
295
723
1259
295
295
295
295
3266
296
296
296
296
296
295
295
295
296
295
296
296
296
296
1654
295
3266
2005
3266
722
2003
3266
1656
3266
3266
822
808
3266
3266
1538
1257
1163
1251
3266
3266
3266
2004
2006
3266
3266
2003
3266
1528
3266
1656
3266
2007
842
3266
3266
868
3266
3266
3266
3266
3266
3266
3266
1261
3266
3266
3266
3266
3266
3266
1526
3266
2004
295
2003
3266
1654
1526
3266
3266
2005
2005
3266
722
2003
2003
3266
3266
876
3266
3266
2003
3266
3266
3266
1251
3266
3266
3266
2003
3266
723
3266
1266
3266
3266
3266
1265
3266
3266
3266
855
3266
3266
2003
3266
849
3266
3266
3266
3266
3266
1251
1509
2003
3266
3266
3266
3266
3266
3266
3266
3266
2004
3266
722
703
3266
3266
1783
683
295
881
3266
722
3266
3266
3266
3266
664
3266
827
663
723
2496
2004
2003
3266
3266
3266
3266
1803
3266
3266
3266
3266
3266
3266
3266
3266
3266
3266
1941
3266
1225
3266
3266
853
3266
1549
2008
829
3266
3266
3266
3266
3266
3266
3266
3266
3266
3266
3266
1227
3266
3266
2005
3266
3266
2594
3266
3266
2003
3266
3266
3266
3266
3266
3266
3266
3266
3266
3266
2005
3266
3266
818
3266
2003
820
3266
1942
3266
3266
3266
1251
1263
3266
1943
2594
3266
2004
3266
3266
899
830
1536
1251
3266
2004
2742
899
1769
3266
2496
1547
3266
3266
3266
1506
3266
2594
3266
3266
3266
