898
821
780
211
249
663
898
723
1256
898
1247
726
1274
260
1277
225
217
727
160
257
190
1274
239
851
917
793
722
725
734
179
1546
238
154
898
802
210
898
164
1264
1261
1254
1250
1279
210
899
211
667
226
1268
1555
844
898
198
248
902
1241
899
939
898
753
191
722
1159
822
1250
1220
281
1239
244
204
898
921
916
898
1269
929
185
243
824
1277
1058
1278
919
1254
282
820
184
785
898
275
796
183
279
210
176
776
220
893
898
1263
184
861
200
201
899
782
813
743
881
252
1261
722
898
203
758
1244
787
244
902
1262
898
841
902
922
273
242
1253
919
223
244
175
837
158
239
802
1204
937
723
787
173
222
898
268
178
817
161
898
845
162
218
241
182
829
221
245
216
901
271
736
781
740
773
672
689
1265
174
792
223
785
796
153
252
265
898
858
210
218
273
915
898
651
172
234
174
235
863
185
1280
785
1206
898
898
242
667
1267
898
829
156
1276
812
783
824
177
206
662
893
1015
898
247
264
263
251
915
898
898
898
722
903
186
727
685
173
899
149
921
725
916
182
811
1251
725
169
192
903
288
173
728
200
282
204
677
203
825
900
1529
201
242
1518
1264
917
1270
172
163
863
242
722
218
898
728
842
1247
898
733
808
1284
203
1258
722
816
258
1510
898
219
138
686
148
891
727
224
140
725
1236
175
898
792
723
690
1273
722
242
808
1250
174
204
1348
208
1253
165
280
244
191
1258
193
1278
191
252
242
649
206
205
800
808
928
209
200
792
730
1277
238
686
168
687
224
816
1284
1251
256
218
899
723
781
188
899
798
1267
1257
194
174
286
1246
215
814
736
722
1258
1256
1197
177
885
1238
1253
228
288
899
868
1262
657
235
160
1278
650
799
898
1252
278
248
236
919
801
921
778
898
162
898
661
184
797
198
209
879
261
256
844
171
1266
1275
264
192
244
898
812
206
934
203
904
199
1203
187
723
212
250
223
1274
198
1241
898
1276
1267
182
865
773
898
273
1158
1282
722
649
189
722
898
693
278
210
193
933
1234
822
728
817
796
898
674
830
898
268
287
1265
861
898
254
251
785
836
921
202
242
219
1261
172
898
244
834
1212
831
180
681
1275
189
920
859
242
278
898
250
1307
190
900
280
201
266
1222
783
242
222
184
165
170
268
846
804
921
806
1250
232
898
811
726
1525
146
816
1263
661
215
131
194
786
242
1270
201
820
898
182
182
171
1124
187
246
653
153
1271
800
248
898
830
1189
181
211
898
199
265
185
899
901
726
1216
273
275
900
825
247
898
802
176
243
898
187
675
266
798
206
273
723
177
801
1251
839
826
899
904
819
1253
1278
898
259
689
785
254
674
1214
263
171
779
179
235
210
816
1014
284
832
1150
839
1258
234
1525
192
268
1551
235
1408
841
1165
727
1370
898
198
833
898
661
898
1269
1253
236
829
723
220
1256
841
1263
162
900
246
1896
668
916
272
1241
898
878
644
901
787
898
921
817
164
727
1549
1269
147
175
790
188
230
269
781
898
1082
875
279
919
162
243
664
1279
779
232
243
197
231
177
822
1252
839
726
234
898
237
917
1273
1269
830
898
201
1235
1154
1223
153
1260
863
899
175
920
899
207
178
1260
786
833
1268
843
775
898
728
234
1233
160
898
812
155
163
1258
216
860
262
205
859
899
161
857
1255
268
1256
272
256
278
1251
248
198
195
203
1136
1281
910
170
842
811
256
923
190
918
797
194
1281
154
1281
240
178
1251
273
845
933
1250
898
898
200
784
1218
1128
722
189
722
286
911
794
1287
1526
1242
773
875
230
1147
254
917
809
653
188
1563
924
1250
1080
202
293
231
898
803
899
867
807
723
205
182
1251
1316
219
1266
219
898
918
851
237
726
722
898
1272
1262
186
837
898
723
203
1260
192
898
185
925
807
213
705
923
898
861
902
835
648
722
902
1276
856
902
899
722
211
1156
898
821
165
1270
180
1241
726
898
845
173
898
1291
685
1282
172
899
281
267
1264
919
232
918
1272
207
1213
189
285
262
794
1273
232
917
860
258
728
1259
216
254
991
1527
173
176
166
1283
253
168
206
220
287
203
911
799
222
1040
898
790
165
173
211
658
210
1199
1277
833
898
158
160
898
898
755
195
149
1271
1278
898
214
898
189
1256
832
1267
898
274
921
793
806
898
1270
857
188
161
898
210
212
217
808
181
898
214
686
661
188
669
278
244
840
899
899
214
778
670
820
840
1547
1248
1268
798
1253
1220
899
920
902
921
262
225
901
722
856
217
1279
205
726
1251
187
836
725
253
282
245
729
176
185
282
146
1353
897
273
273
208
898
222
722
274
798
211
723
898
208
723
1291
193
191
200
1218
189
831
272
157
898
213
152
229
194
722
1264
266
154
682
1266
1251
820
1245
1277
283
1277
278
898
1251
885
898
917
205
791
175
174
725
1275
898
186
683
271
899
198
147
723
244
778
924
219
267
898
898
211
255
978
898
147
726
1277
282
797
726
1274
883
727
205
195
211
898
727
820
167
899
845
275
818
281
226
172
722
858
812
244
271
207
645
899
1251
723
852
212
1257
227
917
149
273
664
264
225
673
186
933
898
134
1250
687
827
722
898
262
211
901
722
229
264
816
898
195
213
196
154
167
899
808
182
811
722
265
790
217
243
811
190
250
188
1250
805
216
270
1266
1093
742
256
899
898
156
723
1254
177
259
865
726
878
723
1279
834
898
940
691
1536
179
203
899
180
898
898
140
272
197
1304
185
164
918
898
957
898
898
177
898
180
272
206
898
723
153
243
1206
163
173
898
814
899
902
1250
836
1268
661
813
1269
189
154
283
182
1112
164
170
168
834
186
860
745
283
283
1238
1272
1260
1247
272
1039
1248
722
830
285
160
1267
899
811
1251
173
154
899
169
728
788
275
898
796
681
903
255
214
253
725
997
1560
283
185
1250
1261
820
1542
243
166
214
207
823
723
218
673
898
1214
1556
725
821
1251
279
223
803
911
244
820
824
948
775
1267
243
898
247
898
898
167
192
151
898
189
728
153
155
812
1251
722
263
855
779
181
270
199
1221
844
243
865
1194
212
242
168
690
167
230
259
228
722
901
939
1282
899
822
917
855
190
204
1287
252
1272
171
169
898
1160
1258
904
832
247
1278
1255
1524
799
1260
274
917
159
898
247
726
1275
725
798
177
1257
727
197
776
287
183
201
285
218
244
919
815
234
181
1279
254
830
787
903
180
787
727
266
222
191
205
1267
250
726
1500
922
229
1257
230
1271
1270
911
1551
812
169
1240
898
202
211
722
693
722
898
673
1252
237
847
1285
798
1262
193
807
898
211
852
190
809
722
221
828
728
175
796
277
226
246
783
220
161
722
717
192
1285
1563
845
215
187
726
1157
726
835
898
691
722
814
265
854
196
810
1554
1257
159
848
247
817
168
921
702
215
923
793
197
723
241
161
691
833
1274
796
829
1268
815
259
173
727
899
206
823
1289
899
245
986
178
175
283
1545
196
818
1282
804
904
236
722
814
215
820
691
723
898
279
201
174
148
232
909
207
145
665
845
244
900
224
147
898
158
227
683
1268
274
895
168
664
1263
1244
900
728
867
816
1028
1959
916
1267
787
898
845
208
1918
844
243
237
722
902
193
719
898
246
184
984
1266
816
727
1218
962
173
653
898
238
244
253
898
1050
199
780
1528
187
1273
147
173
208
898
794
1243
219
1262
867
896
1270
224
1274
832
916
853
248
222
781
836
899
898
898
222
818
280
920
256
916
245
201
155
822
898
1070
792
1267
658
901
1008
725
1273
899
898
181
898
1287
748
902
806
914
234
226
722
902
923
1273
195
204
811
1277
221
255
137
272
898
1263
782
167
803
1262
901
898
898
254
223
788
174
919
1253
898
156
898
916
249
193
830
794
828
177
824
226
178
176
723
1220
1177
231
928
169
723
918
826
182
202
727
185
245
184
898
812
283
708
898
206
913
179
899
898
848
776
918
796
266
796
722
1277
815
921
254
727
261
246
205
1252
825
1276
194
261
167
898
207
691
902
1252
182
689
144
898
919
726
208
1278
1257
901
898
1295
898
209
282
283
807
663
898
278
223
178
898
1261
202
917
237
228
253
1259
1546
730
818
922
1233
286
769
269
922
198
677
821
849
783
1267
1528
246
775
162
1263
658
141
916
867
680
243
650
848
1242
219
899
1275
668
244
1245
1269
849
902
178
856
1012
221
190
722
1544
1290
1271
1265
206
1269
658
897
179
800
898
918
171
898
726
180
199
648
176
1262
898
279
844
813
865
1263
270
1253
1210
254
1265
1262
723
810
898
1267
200
898
233
200
1267
920
898
222
679
1270
252
171
254
904
1260
874
898
193
1196
1214
829
1268
159
198
792
1206
207
227
159
1245
1542
856
789
202
1253
898
285
514
722
804
1277
815
179
810
898
1568
900
1257
898
1260
212
200
213
682
163
922
902
1548
153
898
928
814
815
146
1267
276
218
206
182
935
733
727
179
652
240
1251
227
816
163
832
788
722
1733
898
205
196
898
280
813
282
785
804
231
244
726
722
724
898
902
898
836
793
723
803
924
670
1251
1247
833
781
841
727
918
658
1256
182
1277
688
250
898
803
828
1238
1270
243
726
898
1552
782
168
203
697
187
898
807
1286
899
186
898
1257
242
726
899
210
723
253
1269
182
1278
1280
196
898
286
898
1281
930
268
245
1282
213
802
1256
270
229
1532
898
1259
809
841
214
170
827
921
1254
698
259
195
1555
233
195
693
830
849
258
257
724
1251
237
248
186
177
1273
723
898
1275
1242
1207
902
898
795
898
848
722
278
1250
850
696
187
273
726
924
235
908
898
232
249
208
1049
804
930
279
248
151
722
810
832
898
218
211
230
1268
172
921
194
680
215
175
723
658
1268
215
245
244
913
772
1268
173
1019
150
898
278
1274
221
196
193
183
165
919
899
1532
831
181
884
1253
837
1278
773
193
168
171
928
239
1273
1244
182
1263
780
915
899
1525
184
1282
899
797
173
898
669
216
789
244
726
898
898
1278
899
690
678
838
173
248
898
1265
903
185
208
213
679
920
722
646
916
210
183
221
899
1276
275
1262
222
255
207
798
189
898
224
898
207
233
211
196
254
187
213
892
250
192
200
186
1545
233
1143
1544
800
270
814
221
1168
727
1036
801
1264
197
224
185
169
214
654
248
1264
182
1291
790
898
1265
179
898
288
795
211
800
152
253
203
191
259
977
181
860
188
211
898
1268
191
1550
181
1263
192
215
262
160
213
214
1278
925
659
211
818
254
827
1255
1280
787
1567
899
280
811
722
189
166
1089
902
153
816
150
1267
726
223
1197
1263
250
898
226
243
681
752
898
1256
902
654
244
899
189
802
781
239
202
801
205
182
784
219
175
165
1265
781
922
139
902
927
196
162
171
671
1272
219
772
239
834
234
836
1276
223
175
168
775
1249
723
904
159
273
668
1258
184
270
1220
1256
671
198
801
898
867
899
261
1533
820
1273
147
917
1262
826
1187
215
1248
1206
898
817
704
139
1550
167
1255
1246
1261
255
919
278
1263
1215
235
875
835
795
1270
190
723
177
262
898
840
899
173
898
240
729
898
178
231
172
1258
898
273
152
176
178
830
901
858
789
922
810
841
149
203
898
228
212
243
898
199
726
169
265
1256
244
1265
1265
225
781
836
272
1285
1262
178
162
1251
162
209
898
244
787
230
234
194
829
1260
903
861
666
246
240
996
187
1283
223
196
1548
184
898
195
898
279
145
144
1494
656
201
209
898
248
179
921
819
723
727
1262
221
723
160
206
906
280
178
190
199
796
840
1273
235
183
806
196
222
243
1252
818
652
246
172
158
1281
191
821
828
259
159
194
805
921
245
1277
1271
243
840
190
228
923
674
681
213
216
230
173
679
293
251
898
251
845
726
798
1255
248
187
899
798
245
899
1256
282
814
206
269
1258
802
213
924
162
194
167
898
1286
726
155
796
163
187
673
898
198
1523
656
898
231
1263
232
174
276
722
726
151
701
791
259
204
916
206
194
1272
826
245
288
267
152
153
205
784
184
694
912
254
655
247
853
174
799
269
922
722
723
187
898
1231
197
812
898
1516
881
172
172
808
1288
795
898
867
192
161
239
1278
209
671
243
290
1265
1277
869
924
841
173
178
898
260
818
223
1463
1262
842
246
1251
1281
273
280
206
900
1269
214
1025
248
920
656
653
215
898
1212
677
271
986
829
828
898
165
786
701
1527
796
212
691
163
218
178
1275
1257
802
1267
259
286
781
818
275
1533
1400
227
873
1245
898
184
275
815
826
202
902
258
215
251
834
1282
188
923
850
902
1252
1268
1246
1280
1250
1243
832
273
235
233
1255
233
200
723
272
898
919
687
182
825
929
240
898
672
242
1269
820
858
252
220
813
1256
938
760
899
174
