812
899
222
1539
1520
1284
726
808
812
849
154
857
898
203
1264
215
1264
191
1264
1275
817
685
275
856
265
1286
1261
667
847
1246
248
1259
921
185
243
219
276
921
1255
148
1523
1182
191
258
859
654
722
898
722
275
898
1215
670
237
1264
658
223
722
689
783
228
276
263
921
1257
153
273
881
924
1901
786
898
255
1268
269
240
722
827
1220
1264
831
1255
803
250
225
1263
898
244
1530
656
275
648
920
293
658
1530
664
1251
228
827
697
290
285
289
274
662
1526
1257
1256
1261
790
285
722
654
671
1654
1522
285
282
291
1259
723
799
898
861
275
1252
1251
1218
898
277
255
815
271
722
1529
843
658
665
297
1260
291
917
1770
671
691
1509
1504
284
284
668
1221
287
683
286
690
1222
898
268
722
249
2593
279
672
660
847
658
1260
1260
274
291
792
1218
236
784
1261
1521
1250
700
822
899
248
1530
294
253
670
898
1524
1260
287
861
292
1251
1602
1252
1264
666
693
1763
1251
1257
669
1261
899
679
698
278
275
282
662
917
1263
855
1751
665
665
792
1256
694
665
1534
672
813
296
285
831
2008
1225
286
702
1252
667
722
1263
293
722
291
664
700
673
1253
899
1250
835
921
1537
722
284
1529
667
647
297
1529
2594
284
801
832
661
1265
664
285
814
672
295
3266
1250
294
294
1261
801
665
671
841
294
1258
286
793
1212
680
821
1653
824
673
295
1624
918
1265
1942
1218
723
293
1257
1783
673
658
1260
672
865
655
1263
678
1530
670
1250
294
1258
295
704
922
1263
665
803
800
1264
837
296
1250
672
675
694
1535
667
673
676
656
659
294
3266
295
3266
656
1552
1269
701
666
722
1655
296
676
1257
722
2004
1544
295
2006
684
676
703
702
294
663
686
669
898
798
1244
1224
268
1262
292
1941
681
1261
1654
682
2737
1252
3266
1221
1259
1538
1251
295
294
2743
294
801
1259
1509
289
283
3266
1534
1654
296
295
1223
2597
296
1223
702
1533
295
2594
279
1548
281
1260
294
678
796
295
693
674
296
1491
294
295
722
295
297
2595
1656
1259
1250
694
295
1534
798
295
294
289
269
295
296
860
296
919
296
294
296
295
296
295
295
1540
681
294
294
295
296
3266
294
1264
722
679
1265
295
1220
1547
296
297
296
296
294
2738
680
1250
296
1251
294
294
296
297
297
294
295
296
295
1257
1542
1553
296
294
1916
663
295
3266
294
3266
294
296
294
297
295
797
295
296
295
1533
294
1550
295
295
1940
296
296
295
294
294
898
1266
1492
294
294
295
296
297
297
3266
296
1250
296
295
294
294
294
296
295
294
899
295
294
296
1783
295
3266
683
295
295
683
295
295
297
294
1254
682
295
297
295
293
899
294
295
297
297
297
295
3266
296
298
297
294
1260
722
294
3266
294
899
3266
295
296
295
297
703
1939
1941
296
293
297
2599
295
295
3266
294
294
295
295
295
296
1543
297
3266
3266
293
1942
295
293
294
295
295
723
669
294
675
1939
295
295
1941
297
916
295
292
295
1264
292
294
294
296
296
297
296
899
294
1941
2007
296
295
294
295
295
295
899
295
295
294
295
295
296
295
296
297
297
297
295
297
296
295
296
294
296
295
296
295
294
295
295
294
296
294
2738
296
2596
295
297
295
297
295
297
295
295
295
295
295
1648
295
295
295
2004
294
295
294
3266
297
297
295
295
295
295
297
297
296
294
295
295
298
295
1250
3266
899
295
297
294
295
296
294
295
295
295
295
899
295
3266
295
295
1529
683
296
295
683
295
1259
899
294
295
295
297
294
294
295
295
899
295
297
3266
1538
297
3266
295
295
294
297
297
1499
295
294
295
297
295
2739
295
296
295
1941
295
297
295
3266
295
295
795
295
295
294
297
295
3266
295
294
295
295
295
899
899
296
294
295
295
295
294
295
295
294
295
294
1941
296
295
294
295
295
295
295
296
295
295
295
294
295
294
295
294
295
295
297
296
294
1536
295
295
295
1941
295
295
294
295
295
295
295
295
295
295
295
295
295
297
295
295
295
297
295
295
295
295
294
294
296
295
296
295
295
294
294
295
297
3266
295
294
295
295
295
1941
295
295
295
295
296
295
295
294
295
295
295
295
295
295
295
295
899
3266
295
295
295
294
295
295
295
295
295
1554
294
295
295
295
295
295
899
1939
295
295
294
295
295
295
295
296
294
295
295
295
294
295
295
295
294
295
295
295
295
294
295
295
295
295
295
294
295
295
294
294
295
295
295
295
295
1940
294
295
296
295
295
295
295
295
295
297
295
295
295
295
295
295
297
295
3266
297
294
295
294
295
295
295
295
295
295
295
297
295
295
295
295
295
294
294
295
3266
295
295
295
295
297
295
295
295
295
295
295
295
295
295
295
297
295
295
295
295
295
295
295
295
295
295
294
295
295
295
294
297
294
295
295
295
295
295
295
294
295
295
295
295
295
295
295
295
295
295
296
295
295
294
295
295
295
295
295
3266
295
2003
295
294
295
295
294
297
297
295
297
295
295
295
701
295
295
295
297
297
295
295
295
295
295
296
295
294
295
295
295
295
296
295
295
296
1510
295
295
295
295
295
297
294
294
297
295
295
295
297
295
294
295
294
297
295
295
295
295
295
295
295
295
295
295
295
295
295
297
295
3266
294
295
294
295
295
295
3266
296
295
683
296
898
297
295
899
295
296
295
295
295
295
295
298
295
295
295
295
296
295
295
295
295
295
295
294
297
295
295
295
295
295
295
295
295
295
295
295
295
295
295
295
295
295
294
295
295
295
295
295
295
295
851
297
295
295
295
295
296
297
295
294
295
295
295
295
295
295
295
295
295
295
294
295
295
295
295
295
295
295
295
294
295
295
3266
295
295
295
3266
295
295
295
295
295
295
295
297
295
295
294
295
295
297
295
295
3266
1942
295
295
295
295
3266
297
295
295
295
294
295
297
295
295
295
295
295
1940
295
295
294
294
297
295
295
295
295
295
295
295
295
295
295
295
297
294
295
295
295
295
3266
295
295
297
295
297
1223
295
295
295
295
294
295
295
295
2595
297
295
295
295
295
295
295
295
297
295
295
295
295
295
294
297
295
295
295
297
295
1939
295
295
296
295
295
295
294
295
294
297
295
295
295
295
295
1940
3266
295
294
295
295
295
295
295
295
294
295
294
295
295
295
295
295
295
295
295
295
295
295
295
295
297
295
295
295
295
295
295
297
295
295
295
295
295
295
295
295
295
295
295
295
294
295
294
296
295
295
295
295
295
295
295
297
294
295
295
295
295
295
295
295
295
297
295
295
1534
295
295
296
297
294
295
294
295
295
295
295
295
295
295
295
295
297
297
295
295
296
294
3266
843
832
3266
295
295
297
295
295
295
295
295
295
295
295
295
295
295
294
295
294
295
295
295
297
295
295
295
296
295
295
295
295
294
3266
294
295
295
295
295
295
295
294
295
295
295
295
295
296
295
295
295
295
295
295
295
295
295
295
295
295
294
295
3266
295
295
295
295
295
295
295
295
295
295
295
295
899
295
295
295
295
295
295
295
295
3266
295
295
295
294
295
295
295
3266
1263
295
295
295
295
295
295
295
3266
294
297
295
295
295
787
294
295
297
294
296
295
298
295
295
295
295
295
295
295
295
295
295
295
295
297
295
295
295
295
294
295
899
295
295
295
295
295
295
295
295
295
297
297
295
295
297
295
295
294
295
295
295
295
295
295
295
295
295
295
297
295
295
295
295
297
295
295
295
295
297
295
295
295
295
295
295
295
295
295
295
1940
295
295
295
295
295
295
295
294
294
294
295
295
295
295
295
295
295
295
295
297
295
295
295
295
3266
294
296
3266
295
295
1225
295
899
1941
295
295
295
295
295
295
295
295
294
295
295
295
2739
295
295
297
295
295
295
294
295
295
1941
295
295
295
295
295
295
294
297
295
295
295
295
295
296
295
296
295
295
295
294
297
295
899
899
295
294
295
1941
295
295
295
295
295
296
295
295
295
294
295
295
295
295
295
295
295
294
295
294
295
295
295
1942
295
295
295
295
295
294
295
297
295
295
295
295
295
294
295
295
295
296
295
295
295
295
296
295
295
295
295
295
295
295
295
295
295
296
295
295
294
297
294
295
295
295
295
3266
295
295
295
1225
833
295
296
295
294
295
295
3266
295
295
295
295
295
295
295
295
295
295
297
295
294
297
294
295
295
295
3266
295
295
295
295
295
295
296
295
295
295
899
295
295
295
295
295
295
295
295
295
295
295
287
295
295
294
295
295
295
294
294
294
294
295
296
294
295
295
294
295
295
295
295
294
295
3266
295
295
295
295
295
295
294
295
295
295
295
296
295
295
295
294
295
295
295
295
295
3266
295
294
295
295
295
297
295
294
295
295
295
2600
294
295
294
295
295
295
295
295
296
297
295
297
294
295
295
723
294
295
295
295
295
295
295
297
295
297
295
295
295
295
295
295
295
295
295
295
295
295
295
295
295
295
1941
722
294
295
295
295
1941
295
295
296
295
295
295
295
296
297
295
295
295
295
295
297
295
295
295
294
295
295
295
294
295
295
295
295
294
295
296
295
295
295
297
297
295
294
294
295
295
295
295
295
294
295
295
295
295
295
295
295
295
294
294
295
295
295
3266
295
297
295
295
296
295
295
295
295
295
295
295
294
295
295
295
295
294
295
295
296
295
294
295
295
295
295
295
3266
295
295
295
295
295
295
295
295
295
295
295
295
295
295
295
295
295
297
295
294
294
295
296
295
294
295
295
295
295
297
295
295
294
295
295
295
295
294
297
296
295
294
295
295
295
295
295
295
297
295
295
295
295
294
295
295
295
295
295
297
295
295
295
295
297
294
295
295
295
295
295
295
295
295
296
295
297
295
297
295
294
295
295
295
297
295
295
297
295
295
295
295
295
295
295
295
295
295
295
295
295
295
295
294
3266
295
3266
295
295
295
295
295
294
296
295
295
295
295
295
295
295
295
295
295
296
295
295
295
295
295
295
295
295
295
295
295
297
295
295
295
295
296
294
294
295
295
295
295
295
296
295
297
296
295
294
295
295
1941
295
295
295
294
295
295
295
295
295
294
295
295
295
295
295
295
295
295
295
295
295
296
295
295
1939
295
297
295
295
295
295
294
294
295
296
294
297
1939
297
295
294
295
295
295
295
294
295
295
295
295
295
295
295
295
295
295
295
295
295
295
294
297
295
297
295
295
295
295
295
295
295
295
294
295
297
295
294
295
295
295
295
295
295
296
3266
294
295
296
295
295
3266
295
297
295
1942
295
295
295
295
294
295
295
296
295
295
295
295
2744
1931
295
295
295
295
295
295
295
294
295
294
295
3266
295
3266
295
295
295
297
295
295
294
295
295
294
295
295
295
295
295
1535
295
1942
1943
295
295
295
899
294
295
295
295
295
295
295
295
295
294
295
295
295
294
295
295
295
1942
294
295
295
298
295
295
295
1941
295
294
297
295
295
295
295
295
296
295
295
295
295
295
295
295
295
295
295
295
295
295
1261
294
295
295
1226
294
295
295
295
295
294
294
295
295
294
295
295
295
3266
297
295
295
294
295
295
294
294
295
295
295
294
295
3266
295
295
3266
296
294
295
295
295
297
294
294
295
295
295
297
295
295
295
295
295
295
294
294
295
295
295
3266
2004
295
295
295
295
294
297
294
3266
295
297
297
295
295
294
296
295
295
295
295
295
295
297
297
295
295
295
295
295
295
295
295
295
295
295
294
295
683
295
3266
295
294
296
295
296
294
295
297
295
295
296
295
296
295
295
295
295
295
295
295
296
295
295
295
295
295
295
295
899
295
295
295
294
296
295
295
295
295
1225
296
295
295
295
295
297
295
295
295
295
295
295
296
295
295
3266
295
295
295
297
295
295
295
295
295
295
295
295
295
295
295
1939
294
295
295
295
297
298
295
295
295
295
295
295
295
294
295
295
295
3266
294
295
294
295
295
295
295
295
295
295
295
295
294
294
295
295
295
295
295
295
295
295
899
295
295
295
295
295
295
295
295
295
294
294
294
297
295
295
295
295
295
295
295
295
295
295
295
295
295
295
295
297
295
295
295
295
295
295
295
295
297
295
295
295
297
295
295
3266
295
295
295
295
295
295
295
295
294
295
295
295
295
295
295
295
295
295
295
295
295
295
295
295
295
295
295
295
295
295
295
295
295
295
295
295
297
295
295
295
295
295
294
295
295
1941
295
295
295
295
295
294
295
294
295
295
295
297
295
294
295
296
295
295
295
295
295
295
295
294
295
295
295
295
295
295
294
3266
295
294
295
295
295
296
295
295
295
294
1942
295
295
295
295
3266
295
295
295
295
295
295
295
1943
296
295
295
295
3266
295
295
297
295
295
297
294
295
2594
295
295
295
294
294
294
3266
295
297
295
295
295
295
3266
295
295
295
295
295
297
295
295
295
295
295
295
295
295
295
295
295
295
295
295
295
295
295
295
3266
297
294
295
295
1940
295
295
295
297
295
295
295
295
295
295
3266
294
295
295
295
294
295
295
295
294
295
295
295
295
295
295
295
295
295
295
295
295
297
3266
297
295
297
295
294
294
295
295
295
295
295
295
295
295
296
295
295
295
295
295
295
295
295
294
295
294
295
297
295
295
295
3266
295
297
295
297
295
295
295
295
295
295
295
296
294
295
297
295
295
296
295
295
294
295
295
295
295
295
295
295
295
296
295
295
295
295
295
295
295
295
295
295
295
297
295
295
294
295
295
296
295
295
295
3266
295
295
295
295
295
295
295
295
296
294
295
294
295
294
296
295
297
295
295
295
295
297
296
1942
295
295
295
295
295
294
297
295
295
294
295
295
295
295
295
295
296
295
1941
297
295
295
295
295
295
294
295
295
295
295
295
295
297
295
295
295
295
295
295
295
294
1941
295
295
294
295
295
295
295
295
295
295
295
295
294
295
295
295
295
294
295
295
295
295
294
295
295
295
294
295
295
296
295
295
295
294
297
295
295
295
295
295
295
295
295
297
297
1225
295
1532
294
295
295
295
297
295
295
295
295
295
297
295
295
295
295
295
295
295
295
295
295
295
295
295
295
296
295
295
295
295
295
295
295
294
295
3266
295
295
295
295
295
295
295
296
295
295
295
295
295
295
295
295
295
294
1545
295
296
295
1942
295
295
295
295
295
295
3266
295
295
294
295
295
295
298
295
295
294
295
295
295
295
295
295
297
295
295
295
1268
295
297
295
295
295
295
295
295
294
297
295
295
295
295
295
295
295
899
295
295
295
295
295
295
295
1941
297
295
295
295
295
295
295
295
295
295
295
295
295
295
295
3266
295
295
295
295
297
1939
295
295
297
295
899
297
295
295
295
295
295
295
295
295
295
297
295
295
295
295
295
295
295
295
294
297
295
295
295
294
295
295
294
294
295
295
295
295
295
295
295
295
295
295
295
294
295
295
294
295
295
295
295
295
295
3266
295
295
295
295
295
295
297
295
3266
295
295
295
1942
295
295
297
295
295
295
295
295
295
295
295
295
294
295
295
295
295
295
295
296
295
295
2739
295
295
295
295
295
297
295
295
295
297
295
295
295
295
295
295
295
295
297
295
295
295
294
295
295
295
294
295
295
295
294
295
295
295
295
295
297
295
295
295
295
295
294
295
295
297
295
295
295
295
295
294
297
1650
295
295
295
295
295
295
294
297
295
295
294
295
295
295
295
295
295
294
294
295
295
295
295
295
295
295
295
295
294
3266
295
294
295
295
295
295
295
295
295
295
295
295
799
295
294
295
295
294
295
295
295
295
294
294
295
3266
295
295
295
295
295
295
295
723
295
295
294
295
295
295
295
295
295
295
295
295
295
294
295
295
295
296
295
295
295
295
295
295
295
295
295
295
295
295
1941
297
295
295
295
295
295
295
295
295
294
295
294
295
296
295
295
297
297
295
295
295
295
295
295
295
295
295
899
297
295
295
295
294
294
295
294
295
686
295
3266
683
679
857
295
3266
295
295
295
296
294
295
295
295
296
295
295
295
295
297
295
295
297
295
297
297
295
295
294
295
294
295
295
294
297
295
295
295
295
295
295
297
295
3266
295
295
295
295
295
295
295
297
295
295
297
295
295
295
297
295
3266
295
295
295
296
295
295
295
294
295
295
295
295
297
295
296
295
295
295
295
295
295
295
295
294
295
295
295
295
296
899
295
297
295
295
1942
294
3266
295
294
295
295
295
295
296
297
3266
295
296
295
295
295
294
295
295
296
295
295
295
295
295
295
296
1939
3266
1943
295
295
295
295
3266
296
297
295
297
295
295
295
297
295
295
295
295
295
295
295
295
295
295
297
295
295
295
295
295
295
295
294
295
295
296
295
295
295
298
295
295
297
295
295
295
295
3266
2560
295
295
295
295
295
295
295
295
1259
295
295
295
295
295
295
295
295
297
295
295
295
295
2600
294
295
295
296
294
1942
294
295
295
295
295
295
295
295
295
295
295
295
295
295
295
3266
295
295
295
296
295
295
295
294
295
295
295
295
297
295
294
295
295
295
295
295
295
295
295
297
294
295
295
295
295
295
295
294
295
294
295
295
294
3266
295
295
295
295
295
294
294
295
295
295
3266
295
295
295
295
294
295
295
295
295
295
294
295
682
295
295
683
1225
297
3266
295
295
295
295
295
295
295
296
295
295
919
295
295
297
294
295
295
295
295
295
295
295
295
294
294
294
294
295
295
295
295
295
295
295
295
295
296
295
295
295
295
295
3266
295
297
295
295
295
295
1651
295
295
295
295
295
295
295
297
294
295
297
294
295
295
295
295
297
295
297
295
295
295
899
295
295
295
295
297
295
295
295
295
295
295
1939
295
295
297
295
295
297
296
294
3266
295
295
296
899
295
294
295
295
295
295
3266
1940
294
291
295
296
295
295
295
298
295
295
295
295
295
1262
1939
899
295
296
295
295
294
295
296
294
3266
295
295
295
295
295
295
295
3266
295
295
295
297
297
3266
295
295
295
295
295
295
295
295
295
295
297
295
294
295
295
295
295
297
295
295
295
295
297
295
295
295
295
295
295
295
295
295
294
297
295
295
295
295
295
295
295
295
295
295
295
297
295
295
295
294
294
295
295
295
295
295
295
295
296
295
295
295
297
295
295
295
296
295
295
295
295
295
295
295
295
295
295
295
294
295
295
295
295
295
295
295
295
295
295
297
295
295
295
294
294
295
295
295
1942
294
3266
294
297
295
296
295
3266
295
295
294
295
295
295
295
295
294
295
295
295
294
295
295
296
295
295
295
295
295
295
294
294
295
296
295
295
295
295
295
295
295
295
297
295
295
295
295
295
296
295
296
295
295
295
295
295
294
295
295
295
295
294
294
295
295
296
295
295
295
295
899
1939
295
297
295
295
295
295
295
295
295
295
295
295
295
294
295
295
297
295
295
295
295
295
1939
295
295
295
296
295
295
294
295
295
295
295
295
294
295
296
295
297
295
295
295
295
295
295
295
295
295
295
295
295
295
295
294
294
295
294
295
295
295
295
295
295
295
295
295
294
295
294
295
295
295
295
294
295
295
295
295
295
295
295
295
295
295
295
295
295
295
297
295
295
295
295
296
297
295
297
297
297
295
295
295
295
295
297
295
295
3266
295
295
295
295
295
296
1939
295
295
294
295
295
296
295
295
295
295
295
297
295
295
295
295
295
295
295
295
295
295
295
295
295
295
295
295
294
295
294
297
294
3266
295
294
295
295
297
295
295
295
295
295
295
296
295
297
295
295
295
295
295
295
295
295
295
3266
297
295
295
295
295
294
3266
295
295
295
295
295
295
295
295
295
297
297
297
296
295
297
295
295
295
3266
297
295
297
294
295
295
290
294
295
295
295
294
295
295
297
296
295
295
295
294
295
297
295
295
295
295
295
295
295
295
297
295
295
295
295
295
295
295
295
295
295
296
295
295
296
295
295
295
295
295
295
295
295
295
295
295
295
295
295
295
295
1942
295
899
295
295
295
295
295
295
297
295
295
295
295
297
295
296
295
295
295
295
295
295
3266
295
295
296
295
295
296
295
1528
295
295
295
295
295
297
295
295
295
295
295
294
295
295
295
1942
295
295
295
295
295
295
295
297
295
295
295
295
295
294
295
295
294
295
295
296
295
295
295
295
1532
295
3266
295
295
295
295
297
295
295
295
295
295
295
295
295
294
1267
295
1939
295
296
295
295
295
295
295
3266
295
1226
1263
295
295
297
297
295
294
295
294
294
295
295
899
297
295
3266
295
294
295
295
295
295
297
295
295
295
295
295
295
295
295
295
295
295
295
295
294
294
295
297
295
294
295
3266
295
295
295
295
295
294
295
295
295
295
295
295
295
295
295
295
295
295
295
294
295
295
294
295
295
295
294
294
295
295
295
297
295
295
295
3266
295
295
295
295
295
295
295
295
295
295
295
295
295
295
295
295
295
295
295
296
295
295
295
295
295
295
294
295
295
295
295
295
295
295
295
294
295
295
295
295
295
295
1941
295
295
295
295
295
295
295
295
295
295
295
3266
295
295
295
295
295
294
297
294
295
295
295
297
295
296
295
295
295
295
296
295
297
297
295
295
295
295
295
295
295
295
295
295
295
295
297
295
294
294
295
295
3266
295
295
297
295
295
294
295
295
297
295
294
295
295
295
296
295
295
899
3266
295
295
295
294
295
295
295
295
295
1538
294
295
295
295
295
295
295
295
295
295
295
295
295
294
295
296
295
297
295
295
295
295
3266
294
295
295
295
294
295
295
295
295
3266
295
295
294
295
295
295
295
298
295
295
295
295
295
295
295
297
295
295
295
297
295
295
295
294
295
294
295
295
295
295
295
295
295
295
295
3266
295
295
295
295
294
295
295
295
295
295
295
295
295
295
295
295
295
295
295
297
295
296
297
295
294
295
1942
295
295
294
295
295
295
295
295
295
295
295
295
297
295
295
295
295
295
295
295
295
295
295
297
295
295
295
295
295
295
297
295
294
295
295
294
295
295
294
295
294
295
295
295
295
294
295
295
295
295
295
295
295
295
295
295
295
295
295
298
295
295
295
295
295
295
295
295
3266
294
295
295
295
295
295
3266
295
295
295
295
295
295
295
295
297
295
295
295
295
295
295
295
294
295
297
295
295
295
295
297
295
295
296
295
295
297
296
295
296
295
295
295
295
295
295
297
295
294
297
294
295
295
294
295
295
295
295
295
295
295
295
294
3266
295
295
295
295
297
295
3266
296
295
295
294
295
295
295
295
294
295
295
295
295
295
295
295
295
295
295
295
295
295
295
295
295
1939
297
297
295
295
294
295
295
295
3266
295
295
295
295
295
295
295
295
294
295
295
295
297
295
295
295
294
295
295
295
295
1547
295
295
296
295
295
295
3266
294
295
295
295
295
295
295
295
295
296
295
295
297
296
295
295
295
295
296
295
295
295
295
295
295
295
295
295
295
295
295
295
295
295
295
295
295
295
297
3266
294
295
295
295
295
295
294
295
295
295
295
3266
3266
295
3266
295
295
1941
295
295
295
295
295
294
295
295
295
295
295
295
295
295
295
3266
294
297
295
294
295
295
3266
294
3266
295
295
295
3266
295
295
295
294
295
295
295
295
295
295
294
295
295
295
295
295
295
295
295
297
295
295
295
899
295
294
295
295
295
295
295
297
295
295
295
295
1942
295
296
295
295
295
294
295
294
295
295
295
294
295
295
295
295
295
295
295
295
295
294
1939
295
295
295
295
295
295
295
295
294
295
295
295
295
297
295
295
3266
294
295
295
294
294
294
295
295
295
294
295
295
295
295
294
296
295
295
295
296
295
295
295
295
297
295
295
295
295
668
294
295
295
295
295
295
295
295
295
295
295
295
294
295
295
295
295
295
295
295
295
294
295
295
295
295
295
295
295
295
294
295
295
295
295
295
295
296
295
295
1942
295
899
295
295
295
294
295
295
295
295
295
295
295
295
297
295
295
294
294
295
297
295
296
295
297
295
295
295
295
297
295
294
295
294
295
295
295
295
295
3266
295
294
297
295
295
295
295
297
295
295
294
295
294
295
295
295
295
295
295
295
295
295
297
295
295
295
295
294
295
295
295
295
295
296
294
295
3266
1263
295
295
295
295
297
295
295
295
295
295
297
295
295
295
295
295
295
295
295
1940
295
295
295
295
295
295
295
295
295
295
295
295
295
295
295
295
295
295
295
295
295
295
295
295
295
295
295
295
297
295
294
295
295
295
297
296
295
295
295
295
295
295
295
295
3266
295
295
295
295
295
297
295
295
1939
295
295
295
295
295
294
295
295
295
294
295
297
295
295
295
297
294
297
295
295
295
295
295
295
295
295
295
295
295
295
295
295
294
295
297
295
295
295
295
294
295
295
297
295
295
294
295
295
1498
295
297
295
294
295
295
295
295
295
295
295
294
295
295
295
294
295
295
295
295
297
297
899
295
295
295
295
295
297
295
295
295
295
295
1941
3266
295
295
294
294
295
297
295
294
1942
295
295
295
295
295
295
294
295
294
295
297
295
295
295
295
295
295
295
295
295
2741
295
3266
294
295
295
295
295
295
295
295
295
295
295
295
294
295
295
295
295
295
295
295
295
295
295
295
295
295
294
1941
295
295
295
295
294
295
295
295
294
295
295
294
295
296
295
295
295
295
295
295
295
295
295
295
295
295
295
3266
295
296
295
295
295
295
295
295
295
295
295
295
295
295
295
295
3266
295
295
295
295
295
295
295
297
899
295
295
295
1251
294
294
297
295
294
295
295
295
295
899
296
295
295
295
3266
297
295
295
295
295
295
295
295
294
295
295
297
295
295
3266
295
295
294
295
295
295
296
294
295
295
294
295
295
295
297
295
296
295
295
294
295
294
295
298
295
295
295
295
295
297
294
295
295
295
295
295
294
295
295
295
295
295
295
293
294
295
295
295
295
295
3266
295
296
295
294
294
295
1940
297
295
295
294
296
295
295
295
294
295
294
295
295
3266
294
295
296
295
3266
295
294
295
295
295
295
295
297
295
295
295
295
297
294
295
295
295
295
295
295
295
295
295
296
3266
295
296
295
3266
295
295
295
295
295
295
295
295
295
295
295
295
295
295
295
295
295
295
295
297
295
295
295
295
295
295
295
295
295
295
295
295
295
295
295
296
295
294
295
294
295
295
296
295
295
295
295
295
295
295
295
295
295
297
295
297
294
295
295
295
295
297
295
297
295
295
295
295
295
295
295
295
295
295
295
295
295
294
295
899
295
297
295
295
295
295
295
295
296
295
295
294
295
295
294
295
295
295
295
295
3266
296
3266
3266
295
295
295
295
2594
294
857
295
683
295
849
295
294
1265
295
1266
295
296
295
295
295
295
295
295
294
295
295
295
295
295
295
295
295
295
295
294
295
295
296
295
295
1536
295
295
295
295
295
297
294
297
295
295
296
1934
295
295
298
295
295
295
295
294
295
295
295
297
294
294
294
297
294
295
295
295
294
297
295
295
296
3266
295
297
295
295
295
295
295
295
295
295
297
295
295
295
295
295
899
295
295
295
295
295
295
1940
295
294
295
294
295
295
295
295
295
295
296
294
295
295
297
295
297
294
1650
295
295
295
295
295
295
295
295
295
295
296
295
295
295
295
295
295
294
295
295
295
899
295
3266
295
294
295
295
295
295
296
297
297
295
295
295
296
297
295
295
295
295
297
295
295
295
295
295
294
295
295
295
295
295
295
295
297
295
295
295
295
295
295
295
295
295
295
295
294
295
295
294
295
294
294
295
297
295
295
295
295
1941
295
296
295
295
297
295
295
296
295
295
297
3266
294
3266
295
295
295
297
295
295
295
295
295
295
295
295
295
295
3266
295
295
295
295
295
295
295
295
295
295
295
294
295
295
294
295
294
294
295
297
294
295
3266
296
295
295
295
3266
295
297
295
295
295
295
295
295
295
295
295
295
295
295
297
295
1225
295
296
295
295
295
295
295
297
295
1942
295
295
295
295
295
295
295
295
295
295
295
295
295
3266
295
295
295
297
295
295
295
295
295
295
294
295
295
295
295
295
295
294
295
295
295
295
295
295
294
295
295
296
295
295
295
297
295
899
297
295
295
297
295
295
295
295
295
295
295
295
296
295
295
297
295
295
295
295
295
296
295
296
295
295
295
295
294
295
295
295
295
295
295
294
295
294
295
298
295
295
294
296
295
297
295
297
295
294
295
295
295
295
295
294
295
295
297
295
295
295
295
295
295
295
295
295
295
295
295
295
295
295
295
294
295
295
294
295
295
295
3266
295
295
295
294
2721
683
295
1546
295
295
295
295
295
295
899
294
294
295
295
292
295
295
297
295
295
295
297
295
294
295
295
295
295
295
294
295
295
295
295
295
295
296
295
295
295
295
295
295
295
294
295
1940
295
297
294
295
1939
297
295
295
297
295
295
295
297
295
295
295
295
295
295
297
295
295
294
297
295
294
295
295
295
295
295
295
294
295
294
295
295
295
295
295
296
295
296
296
295
295
295
296
297
295
295
295
295
294
3266
296
296
295
295
295
295
295
295
295
295
296
295
295
294
295
294
295
297
295
295
295
295
294
295
295
295
295
295
297
297
295
295
295
295
297
294
295
295
295
295
295
296
295
295
295
295
296
295
295
3266
3266
295
295
295
295
295
295
295
295
295
295
295
295
294
295
295
295
295
295
295
295
1942
295
294
295
295
294
295
295
295
294
295
295
297
295
295
294
295
295
295
295
1939
296
295
295
295
295
295
295
295
295
297
295
295
295
295
296
295
295
295
295
295
295
296
294
295
295
3266
295
294
297
294
295
296
295
295
295
1536
1540
295
295
295
295
295
295
295
294
295
295
295
295
295
295
294
295
295
295
295
297
297
296
295
297
2593
295
295
294
295
295
295
297
295
295
295
295
296
295
295
295
295
295
295
295
295
295
295
295
295
295
295
297
297
295
295
295
3266
295
295
294
295
295
295
295
295
295
295
295
295
295
295
295
295
295
295
295
295
295
295
297
295
294
295
295
295
295
295
295
297
295
295
295
295
295
295
295
294
295
295
295
295
295
295
295
295
295
295
295
295
295
295
294
295
295
295
295
295
295
295
295
295
294
295
295
295
295
295
295
295
899
295
295
295
295
295
296
295
295
295
297
294
295
295
683
295
295
295
295
297
295
295
294
295
294
295
295
296
295
295
285
295
295
297
295
295
295
295
295
295
294
295
295
296
295
295
295
295
295
295
294
296
295
295
295
295
294
295
295
295
294
295
295
295
295
295
3266
295
294
295
295
295
296
295
295
295
295
295
295
295
295
297
295
295
295
295
295
298
294
295
295
295
295
295
295
295
295
1939
295
295
295
1258
295
295
295
295
295
295
295
295
295
295
295
297
295
295
295
294
295
295
899
295
295
295
295
295
295
295
295
3266
295
295
295
295
295
295
3266
295
295
295
295
296
295
295
295
294
295
296
294
297
295
294
3266
295
295
295
297
295
295
296
295
295
295
295
295
295
295
295
295
295
294
295
294
1649
295
297
295
297
295
295
295
295
295
295
294
295
295
295
295
295
295
3266
295
295
294
295
295
3266
295
294
295
294
297
295
295
295
295
295
294
295
297
295
297
295
295
294
295
294
295
295
298
295
295
294
294
294
295
294
295
295
296
295
295
295
296
295
295
295
295
295
295
295
295
295
294
295
294
295
295
295
295
295
295
296
295
295
295
295
295
295
295
295
297
295
295
294
295
295
296
295
295
295
295
295
297
295
295
295
295
295
295
295
295
297
295
295
295
295
295
296
294
295
295
295
295
2007
295
295
295
295
295
295
295
295
295
294
294
297
295
294
294
297
295
295
295
297
295
295
295
295
295
295
295
295
295
294
295
296
298
295
295
295
294
295
294
295
295
295
294
294
3266
296
295
297
294
295
295
295
295
295
295
295
295
295
297
295
295
294
295
295
295
295
295
294
295
295
1534
295
295
294
683
295
295
295
295
295
294
3266
294
295
295
295
295
295
295
295
295
295
296
294
295
295
295
294
295
295
295
295
294
295
295
295
295
1536
295
295
295
294
1942
295
295
295
294
296
295
3266
294
295
295
295
295
295
295
3266
295
295
294
297
295
295
295
297
295
295
295
295
295
295
295
295
295
297
295
295
295
3266
295
295
295
295
295
295
3266
295
1250
295
294
295
294
295
295
294
295
295
295
293
295
295
295
295
296
295
295
295
294
297
295
295
295
295
295
294
295
295
1941
295
295
297
295
295
295
295
294
295
1941
295
297
295
294
295
296
297
295
297
295
295
295
295
295
294
295
295
295
295
295
295
295
296
295
295
297
295
294
295
295
295
295
295
295
295
295
295
295
295
295
295
295
297
1656
295
295
295
295
295
295
295
295
295
295
295
297
295
294
297
295
295
297
295
297
295
295
295
295
295
295
295
295
296
295
294
295
295
295
295
295
295
295
295
295
3266
295
297
295
295
295
295
295
295
295
295
295
295
297
294
295
295
295
1508
3266
295
295
295
294
294
295
2007
295
3266
295
294
295
295
295
295
296
297
295
295
294
295
295
295
295
294
295
295
295
295
294
295
295
295
294
295
295
295
295
295
295
295
295
1942
295
294
295
295
295
295
295
295
295
295
295
295
295
295
297
294
295
1941
295
295
295
295
295
295
297
295
295
295
295
295
295
295
295
295
295
295
295
3266
294
295
295
295
295
295
295
295
295
295
296
295
295
295
295
295
3266
295
295
294
295
295
294
295
294
296
295
294
295
295
899
295
297
1522
294
295
295
295
295
295
295
295
295
295
297
295
295
295
295
295
295
295
295
295
297
295
295
295
295
295
295
295
3266
295
295
295
294
294
298
295
295
295
846
295
295
295
295
295
295
295
295
295
295
295
295
294
295
295
295
295
295
296
899
295
295
295
295
295
295
295
295
294
295
295
295
1650
295
1529
295
295
295
295
295
295
295
295
295
295
296
295
295
295
295
295
295
295
295
295
296
295
294
294
295
294
295
1944
295
295
295
295
295
297
295
1256
295
295
295
295
294
295
295
294
295
296
295
295
295
297
294
295
295
295
294
295
295
295
295
295
297
295
295
297
295
295
294
295
295
295
295
295
295
295
295
294
294
295
295
295
295
295
295
3266
295
295
295
295
295
295
296
295
295
295
295
295
295
294
295
295
295
295
295
295
295
297
295
295
295
295
294
295
295
295
295
297
295
295
296
295
295
295
295
294
295
295
295
295
295
295
3266
294
295
296
295
295
295
295
295
295
295
295
295
295
295
295
295
1941
296
295
295
295
297
295
295
295
295
295
294
295
294
295
295
295
295
295
295
295
295
294
295
296
295
295
295
294
297
295
295
294
295
297
296
295
295
3266
297
295
295
295
297
295
295
295
297
1533
295
294
295
295
295
294
295
295
295
295
295
295
295
294
295
295
295
295
294
297
297
295
295
295
295
295
295
295
295
295
295
295
294
296
295
295
295
3266
295
295
295
295
295
294
295
899
295
295
295
295
295
295
297
295
295
295
297
295
295
295
295
295
295
295
295
295
295
295
297
295
295
295
294
3266
295
295
295
295
295
295
295
899
295
294
295
295
295
294
295
295
297
295
295
294
295
295
295
295
295
295
295
297
294
295
295
295
295
295
294
295
295
295
3266
295
294
297
295
295
295
295
297
295
295
295
295
295
295
3266
295
295
298
295
294
295
298
295
295
294
295
295
295
295
295
295
294
295
295
295
297
295
2595
295
295
295
295
296
294
297
3266
295
295
295
294
295
294
295
295
295
295
294
2595
296
295
2594
295
3266
297
295
295
295
295
295
297
295
295
295
294
295
295
295
295
297
294
295
294
295
295
297
295
294
295
295
294
295
295
1941
295
295
295
297
295
296
296
295
295
295
295
295
295
295
295
294
295
295
295
3266
295
295
295
295
295
295
295
297
3266
296
295
295
297
295
295
295
295
294
295
295
295
294
295
295
295
295
295
295
296
295
295
295
294
295
3266
295
3266
295
899
298
294
295
295
295
295
295
295
295
295
295
295
1650
295
294
295
295
295
294
295
295
295
297
294
295
295
294
295
295
295
294
295
294
295
297
295
295
295
295
295
295
296
297
295
295
295
295
295
295
295
295
295
295
294
295
295
295
295
295
295
295
295
295
295
297
3266
294
295
295
295
295
294
295
295
295
295
297
295
295
3266
295
295
1225
297
1226
1267
295
296
295
298
294
295
295
3266
295
295
295
295
295
1509
295
295
295
295
295
295
295
295
295
295
294
295
295
295
295
295
295
294
3266
1941
295
295
296
295
294
296
295
295
295
295
295
295
295
295
295
295
3266
295
296
295
1225
295
297
295
295
295
3266
295
295
295
3266
294
295
295
297
295
294
294
295
295
294
295
295
297
295
294
1939
295
297
295
295
295
295
295
295
294
295
295
295
295
295
295
295
295
295
295
295
295
295
295
297
294
295
295
297
295
899
296
295
294
295
295
295
295
295
295
297
295
296
295
296
295
295
295
294
295
295
295
295
296
295
295
295
295
294
295
295
295
295
295
295
294
295
295
294
295
3266
296
3266
295
295
295
295
295
295
297
295
3266
295
295
295
294
295
295
295
295
295
295
295
296
295
295
295
295
1941
295
295
295
295
296
295
297
295
295
295
1942
2006
295
295
295
295
295
295
295
295
295
297
297
295
295
295
295
294
295
294
295
295
297
295
3266
295
1939
295
295
295
295
294
295
295
295
295
294
295
295
295
295
295
294
296
295
297
297
295
295
295
295
921
295
295
295
295
295
295
295
295
295
295
294
295
2004
295
295
295
295
294
295
295
295
295
295
296
295
294
295
295
294
295
297
295
294
295
296
295
296
295
295
295
295
295
295
294
297
297
295
297
295
294
296
295
295
295
295
295
295
295
2596
295
295
295
295
295
294
294
295
1654
1656
1658
1658
1218
1655
1655
1657
1251
1656
899
2741
1654
899
1655
1658
1655
802
1655
1263
295
898
1263
295
836
1655
1655
1657
899
1655
1657
2745
1657
1657
1657
899
1654
1655
1655
1658
1654
1655
1655
1658
1655
1654
1654
1656
1656
1654
1657
1654
1655
1654
1658
1655
1654
1655
1655
1655
1654
1258
1657
1655
1654
2003
1654
1657
1657
1655
899
899
1655
1529
1655
1528
899
1655
899
1658
1658
2003
1658
1654
1655
1654
1654
1655
1657
1658
1658
899
295
1655
2742
1655
1251
1655
1655
1654
1654
1256
1655
1259
1658
1657
1506
1655
1654
1658
1655
1654
899
1227
1655
1243
1268
1655
899
1654
1655
1658
1655
1655
1654
1657
1654
1655
1654
1654
1655
1658
1655
1654
1654
1657
1655
1657
1656
1655
1655
1656
1655
916
1657
1657
1658
899
1655
1654
1654
1655
1655
1655
1655
1654
1656
1655
1655
922
898
1654
899
1218
1655
1256
1655
1655
1655
1655
1260
1654
1654
1657
1657
1657
1549
1654
899
1657
1655
1655
1654
1654
1657
1536
2003
1656
1656
1655
1654
1655
1655
1658
1655
1658
1656
1654
1654
1657
1654
899
1655
899
1656
1655
1657
1250
1657
1655
1656
1655
1546
1655
899
1654
1654
1655
899
1657
1656
1654
1655
1654
1655
295
1655
1656
1655
1655
1655
1658
1655
1658
1658
1654
899
1657
899
1656
1654
1655
899
1528
1655
1553
2742
1658
802
1655
1655
1654
1657
1654
1657
1654
1657
1655
1536
1655
1655
1658
1654
1655
899
1654
1655
1657
1654
295
1654
899
1657
1655
1655
1654
1655
899
1658
1648
2003
1657
836
1656
1655
1254
1655
1261
1658
1654
1654
899
1654
1655
1655
1657
1654
1655
1658
2742
1655
1257
1257
1655
1654
1656
1655
1654
1655
1535
1655
1657
1655
704
1657
899
1538
1655
898
1654
1654
1655
1655
1654
1658
1657
1654
1658
1657
1655
1509
1657
1654
1507
899
1655
701
1654
1654
1655
1655
1654
1655
1654
1656
1654
1654
1491
1655
1655
1654
1539
1654
1655
2741
1658
808
1653
1654
1655
899
1655
1654
1658
1658
1654
1658
1658
1264
899
1266
1655
1533
1654
1655
1655
1655
1655
1654
1655
1657
1549
1655
1658
1658
899
1655
899
1656
1654
1658
1251
1657
1656
1655
1259
1654
1657
1226
1654
1655
1655
1654
1655
1655
1655
899
1655
899
1654
1226
1536
1658
1655
1658
1492
1241
1658
1654
704
1223
1655
1655
1655
1655
1655
899
898
1535
1655
1655
1655
1510
1655
1657
1654
1655
1655
1658
1655
1658
1655
1656
1654
1655
1654
1658
1657
2005
1654
1541
1655
1657
1655
1655
1657
1553
1655
295
1657
1655
899
1657
1654
1657
2742
899
1646
1654
1509
1654
1657
1654
1658
1654
1654
1658
1654
1654
899
1657
1654
1658
295
2741
1657
1654
1655
899
1655
1655
295
1658
1654
899
1218
1654
1658
1656
1655
1657
1654
1654
1655
1655
1531
1263
1251
1532
1658
1655
1657
1655
1654
1656
899
1657
2741
2742
1529
1655
1655
2741
1654
696
1655
899
1226
1655
1656
1658
1655
1655
1654
1658
1550
1654
1656
1655
1655
899
1266
1654
1654
1655
1655
1656
1657
1654
1655
701
1547
1655
1657
899
1655
1657
1657
1655
1654
1654
1654
1655
1657
1250
1653
1226
1657
1654
1655
1656
1536
1658
1655
1654
1251
1654
1655
1654
1654
1250
1655
899
1655
899
2468
898
899
1654
1655
899
1655
1655
899
1657
1654
1654
1657
1654
1654
1550
899
1655
2742
1654
1655
1655
1657
1654
1654
1656
1655
1656
1654
899
1549
1655
1654
1658
1658
1654
1657
899
1656
1241
1655
1655
1263
1654
1657
2741
1655
806
1657
1657
1654
1655
899
1654
1656
1531
1655
899
1655
899
1654
1655
1655
1655
1657
1654
1655
1655
1654
1654
1655
1656
1654
1225
1657
1654
1655
1654
1655
899
1654
1519
1655
1654
899
1657
1655
1656
1654
1657
1657
1656
1657
899
1538
1656
1654
1657
1658
1508
1655
1654
1655
1654
295
1655
2006
1655
1654
1655
1655
1654
1657
1655
1655
899
899
1654
1654
1658
1655
1654
1654
1655
1655
1655
1655
1654
1657
1259
1654
1655
1654
1655
1251
1658
899
1553
1655
1655
899
1658
899
899
1655
1655
1654
899
1657
1654
1654
1657
1658
899
2742
1657
1654
899
1654
1655
1654
1654
899
1655
1655
1654
1656
1654
1654
899
1655
1658
1656
1655
1656
899
1654
1654
1550
899
723
1658
899
1655
1654
1654
1657
1544
1654
1655
899
1654
1655
1655
1655
1656
1655
1545
1655
1654
1657
1658
1514
1657
1649
2742
1654
673
1655
1655
1655
1529
1654
1657
1223
899
1655
1658
1223
1655
1655
1654
1657
1658
1654
1654
1654
1654
1657
1654
1654
1657
1251
1657
1655
1656
899
1257
1655
1654
1655
1655
1655
1654
295
899
1657
1655
1657
1655
1655
1554
899
1654
1657
1545
1656
2007
703
1654
2005
1655
3266
899
1655
860
1654
1658
1657
800
1535
1654
1653
1654
1508
1654
1655
899
1654
1655
1654
1655
898
1654
899
1655
1223
1655
1655
2744
1655
899
2744
1657
1654
1658
1250
899
1548
1655
1654
1654
1658
1655
1654
1658
1654
1655
1654
1655
1657
1654
1655
1654
1657
922
1655
2741
1655
1551
899
899
1541
1654
1654
1657
1658
1655
1537
1656
1654
1654
1657
1658
899
1658
899
1654
1655
1654
1655
899
1658
1655
1655
1507
899
1655
899
1656
1655
899
1654
1225
1536
2596
1657
296
1658
1657
1657
1654
1654
1263
1657
1655
295
1657
1655
1658
1654
899
1655
1658
1654
1655
1656
1654
1655
899
1656
899
2742
704
1657
1654
899
1657
1656
1654
1655
1655
1655
899
1654
1655
1225
1658
1657
1656
1658
1655
1654
1655
1656
899
1655
1654
1548
1654
899
1656
1656
2742
1654
1654
1655
1655
1655
1655
1218
1654
899
1655
1654
1655
1655
899
898
1654
1658
1655
1263
1221
1263
295
849
295
1655
1654
1654
1654
295
1655
1655
1654
1658
1658
1658
1506
1658
1529
1657
899
1655
1655
1654
899
1655
1655
1227
1657
1655
1506
1654
1654
1657
1654
2742
1656
1250
1654
1655
1654
1654
899
899
1655
701
1265
1658
1655
1654
1658
1656
1654
1654
1658
1656
1654
1655
1250
1657
899
1654
1654
1532
1656
1658
1655
1655
899
1223
1657
899
1655
1655
1654
1655
1655
1657
899
1654
1657
1654
1655
1654
899
2742
1654
1655
1655
1657
1654
1654
1655
1657
899
898
1655
1655
1655
1658
1655
1655
1657
1512
1656
899
1655
1654
1657
1656
1655
1654
1655
1657
1654
1657
1655
1658
1531
1657
1655
1654
1654
1658
1656
2742
1654
1509
899
1218
1654
899
899
1655
1655
1655
1654
1657
295
1654
1655
1658
1655
1654
1655
1657
1261
1654
1540
1657
1655
1655
1654
1655
1654
1655
1654
2742
1655
1658
1657
1655
1779
1655
1655
1657
1654
1654
1657
1654
1654
1656
1509
1655
1655
1658
1654
1655
1223
1654
1250
1655
1534
1655
1658
1654
1658
1657
1654
1657
1655
1655
1657
1657
1654
1654
1658
1655
1654
1657
1655
1658
1656
1657
1655
1655
1655
1655
2741
1655
1538
899
1658
1656
1657
1656
1654
1655
1654
1654
1655
1655
1655
1655
1536
1655
1654
2742
294
899
1658
1656
1655
1654
899
1657
1654
1654
1656
899
1250
899
1655
899
899
1655
1654
701
1654
2744
1655
1655
295
899
1656
1655
1658
1654
1654
1655
916
1655
1655
1655
1657
1658
1658
1655
1655
1654
1655
1655
899
1657
2742
1655
1535
899
1655
1654
1509
1658
1657
1655
1655
1654
1655
684
1655
1656
1658
1654
1655
1657
1657
1655
2003
2742
1658
1655
1654
899
1508
899
1655
1654
1654
1512
899
1654
899
899
1658
1508
1658
1655
1654
1655
295
899
1264
1657
1655
1657
1655
1655
1655
1654
1655
1655
1657
1655
295
1654
2741
1654
1655
1657
1508
1655
1657
1655
1657
1657
1654
1654
1657
1655
827
1655
1658
1655
1654
1513
1658
1655
1654
1656
1654
1654
899
899
1655
1655
1261
1655
1753
1655
1654
1655
1655
1218
807
1658
1655
1654
1509
1654
1654
1654
1656
1656
1655
1655
827
1654
1654
1655
899
1655
1654
1658
1657
2742
1657
922
899
1658
1654
1655
1655
1655
1655
2742
899
1656
1655
1654
1657
899
899
1657
1654
1542
1655
1223
1656
1654
899
1655
1658
2742
1657
1257
1655
1654
899
1658
1658
2744
1657
1655
1654
1655
899
1655
1655
1658
1655
1654
1654
899
899
1656
1655
1653
1654
1658
899
1655
1655
1655
899
1654
1657
1655
2741
1655
1654
1655
1654
1654
899
1654
1655
1657
1654
1654
1655
1658
1655
1658
1654
1657
1655
1657
1655
899
1655
1654
899
2742
1657
2742
2741
1654
1656
1264
899
1261
1654
1655
1654
723
1654
1655
1656
1655
1657
1656
1655
1655
1655
1655
1509
1655
1657
1658
1658
1654
1657
1654
1655
1655
1655
899
704
899
1658
1654
1654
1265
1656
1656
1657
1654
1655
1655
701
1657
1654
1655
1654
1654
1656
1250
1654
1656
1657
1657
1548
1654
899
2003
1657
2742
1655
899
1654
1657
1654
1654
1657
1658
1656
1657
1655
1657
1655
1654
1655
1654
1655
806
1655
898
1654
1655
1654
899
1656
1655
1654
1655
1654
1657
1657
1654
2742
1223
1655
1654
1655
1654
1655
799
1225
1657
1655
1654
1654
1656
1655
1654
1241
1654
1655
1655
1654
1250
1658
1654
1656
1655
1654
1654
1654
1654
1655
1654
1540
1655
1225
1655
899
1657
1657
899
1654
1657
1656
1654
724
1655
1655
1654
1658
701
1658
1655
1654
1654
1657
1654
899
1658
899
1658
1658
1654
1655
899
1654
1655
1657
899
1657
1654
899
694
2742
1655
1655
1655
1654
695
1655
1657
899
2003
1655
1654
1654
1658
899
1654
1655
1656
1656
1656
1655
1654
1656
704
899
1654
1654
1655
1654
1226
1657
1658
1654
1657
703
1655
1654
1654
1654
1655
1654
1654
1655
1654
1655
1654
1655
1535
1654
1250
1654
1658
1654
899
1655
1654
1655
1658
1654
1658
1656
1655
899
1655
1654
899
1218
1655
1654
1655
1656
1656
1654
1655
1255
1657
1658
1655
1654
1657
1657
898
722
722
1657
1654
1218
899
1640
3266
1655
1657
1655
1658
1656
2742
1656
1655
1654
1654
1654
898
1654
899
295
1657
1551
1654
1261
1654
1655
1654
1535
1654
899
1658
1656
1259
1655
1657
1655
1655
1264
1657
1657
1257
1226
1656
1654
1654
899
1655
1654
1553
1657
1654
1657
1654
899
1654
1657
922
1654
1655
701
1257
1655
1656
1657
899
1656
807
1657
1657
1655
1655
1655
1655
1655
1654
1655
899
1655
704
1655
1658
1250
1655
1657
899
1656
898
1658
1655
1535
918
2742
1509
1657
1658
899
1655
1654
899
1657
1655
1655
1657
1656
1655
1654
1655
1654
1655
1655
1657
1657
1531
1492
1655
1657
1658
1654
1657
1657
1655
1657
1260
1655
1655
1654
1655
1654
1655
1654
1655
1655
1657
1263
1658
1655
295
1654
1656
2741
1655
1657
1655
1654
1654
2003
1654
1655
1518
899
1655
899
899
1654
1264
1658
1657
1655
1250
1655
1655
1655
295
1507
899
1656
1655
1654
1655
1655
1218
1546
899
1654
1657
898
899
1658
2742
1654
899
1657
1654
1257
1641
899
1657
1536
1654
1657
1655
1655
1658
1655
899
1655
673
1656
1655
1654
687
1537
702
1654
2742
1657
1654
1654
295
1654
1656
1654
1654
1655
1655
1656
1656
1655
1654
919
1656
1655
2741
1654
1655
1655
1654
1658
1533
1656
1655
1654
1657
1655
1654
1656
1533
1655
1657
899
2003
1251
1658
1655
1655
2742
1654
1654
1658
1654
1655
899
1655
1655
1655
1658
1655
1654
1654
1550
1654
899
1657
1655
1654
1658
899
1655
1218
1658
1655
1655
1654
1655
899
899
899
1655
1531
1654
1655
1655
1654
829
1257
1657
1655
1655
1658
1658
1654
1654
1545
1656
1654
701
1655
1658
1546
1658
1265
1655
899
1655
1655
1657
1655
899
1654
1655
1657
1658
1655
1654
1654
1658
1512
829
1654
1654
899
1250
1658
1656
1654
1658
1218
1654
1658
1223
1657
1654
1655
1655
1656
899
1655
1657
1655
1656
1654
1654
1657
1655
1654
1655
1654
1655
2744
1654
2742
1654
1654
1654
899
1507
1250
1655
1654
899
1654
1654
1657
899
1657
1654
1654
1654
2744
1658
295
1655
1655
1658
899
1657
1658
2742
1654
1529
899
1654
1655
1655
1655
1658
1654
1549
1251
1656
1654
1655
898
1655
1654
1658
1656
1654
1655
1658
1654
899
1654
1535
1657
1655
295
1250
1658
2003
1655
1262
1655
1658
1654
1226
1657
1656
1656
1655
1654
1657
1655
1658
1655
899
899
1658
1656
1654
1655
1655
673
898
1654
1658
1654
1658
1654
1657
1658
1654
1655
1655
1654
1655
1657
1655
899
899
1657
1655
1654
1654
1657
1657
1654
295
1250
899
682
1223
1658
1654
1654
899
1658
1654
1655
1656
1658
2003
1658
2741
1654
1654
1657
1657
1657
1655
1655
1654
1655
1656
1657
1654
1658
1656
1260
1655
1654
1658
1654
1654
1265
1656
1656
1655
1654
1655
1534
1655
1655
1534
1655
1654
1654
2594
295
832
293
295
1225
1655
1655
1657
2742
899
1654
1656
899
1655
1655
1655
2742
3266
1656
1654
1657
1654
899
899
1657
1654
1655
1655
2003
1654
1655
295
1654
1655
1654
1655
1657
1654
1655
1655
899
1654
1655
1657
1658
1654
1655
899
1267
899
1655
1654
1644
899
1539
1654
1657
1655
1658
2003
1654
1508
1655
1654
1657
1656
1654
1251
1655
899
1655
1656
673
1654
1655
1654
1251
1654
1256
295
704
1655
1655
1654
1658
1654
1657
1655
1658
829
1654
1655
1656
899
1654
1658
1656
1655
899
1656
1654
1654
1654
292
1657
1654
1218
1654
1658
1654
1657
799
1654
2742
1250
1657
1657
1658
1260
1658
899
1654
1654
1654
1644
899
2003
1655
899
1655
1658
1655
1655
1656
1658
1654
1658
1654
1655
1654
701
1658
1654
1656
1654
1654
1655
1522
1655
1655
1655
1657
1654
1655
1655
1657
1654
1654
1652
1511
1655
1654
1654
1654
1655
1654
1657
1654
899
1657
1654
1511
1655
1657
1655
1655
1506
1657
1655
1658
1656
1655
701
1655
1655
1655
899
899
1656
1656
1654
1658
1655
1655
1655
899
1656
1657
899
1654
1654
1657
1655
295
1654
1655
1655
1657
1658
1507
1655
899
1654
1658
2742
899
1657
1654
1655
1655
1654
1654
1655
1656
1654
1547
1657
1264
1654
1655
1655
1655
1654
1264
1655
1554
1509
681
1654
1550
1655
1657
899
1658
295
1654
1654
1655
1655
1655
899
1654
1654
899
1654
1657
1491
1655
1658
1654
1658
1655
1531
1657
1656
1264
1655
1657
1655
899
1654
1654
1655
1539
1656
294
1654
1654
1656
899
1655
1658
899
1654
1654
1654
1655
1655
1655
1654
2742
916
1655
1655
1658
1654
1259
1655
1657
1657
1654
1654
1654
1506
1654
1655
1656
1656
1657
1655
1655
1250
1263
1655
899
1657
2742
1657
1654
1655
1654
1655
1654
1656
1656
1655
1658
1657
1656
1658
1655
1654
1658
1657
1657
899
1655
1656
1658
1655
1654
1657
1655
1657
1257
899
1655
1658
295
1658
1527
2741
293
1225
1654
1655
1657
1655
899
1654
1257
1655
1657
1656
1658
1655
1657
1531
704
1658
1654
1655
1654
1655
1657
1655
899
1654
899
1654
1657
1656
1226
1656
1654
899
1655
1654
2003
1654
1658
1655
1654
899
801
1529
1658
1654
1658
1656
687
2742
1654
899
1656
1658
1655
1654
1658
899
1655
1550
899
1658
1654
2741
899
899
1657
695
1654
1262
1658
1654
1654
1655
1655
1655
1654
2742
1654
899
1656
1654
1654
1654
1656
1657
1655
1658
2740
1655
1263
1513
899
1655
701
1654
1656
1655
1658
1655
1654
899
1226
802
899
1656
1654
1658
1657
1656
899
1658
1654
899
1657
1658
899
1655
1654
899
1654
1654
1654
1655
1655
899
1654
1655
1223
1657
899
1657
1654
1655
1540
1655
1655
1654
1654
1508
899
1654
1656
1658
1654
1654
899
1654
1654
1658
2742
1658
1645
1655
899
1654
1649
1654
1656
1654
1655
899
1654
899
1654
1655
1658
2741
1655
1654
1508
1658
1656
1655
1655
1654
899
1655
822
1655
1654
1655
1654
1655
899
1658
1655
1654
1655
1655
1654
1655
1655
1654
1654
1655
1655
2742
1263
1655
1655
1535
1657
1536
1654
1657
899
1654
1656
1654
1539
1654
899
1654
1655
1658
1657
1507
1654
922
899
1655
1655
1654
1654
1655
1550
1655
1535
1657
1654
899
1655
1654
1654
1657
1654
899
899
1654
1658
899
899
1258
1655
1654
1654
1656
2742
1654
1655
899
1658
1657
1655
1655
1655
1655
1263
2742
1654
1656
1655
1655
1655
1654
1655
1532
2742
1509
1654
1654
1491
1656
1655
1655
1655
1262
1655
1655
1654
1655
1654
1658
1655
899
1655
1654
899
918
899
1655
1654
1656
1655
1657
1655
1655
1655
1655
1655
1655
1655
1655
1656
1654
1657
1654
1658
1654
1658
1654
1654
701
1530
1218
1656
1654
1655
1657
2742
1513
1654
1658
1658
1655
1655
1655
1657
1658
1655
1655
1655
1656
916
1652
1654
899
1655
1654
1655
1654
1657
1654
1655
1657
1655
1655
1654
1654
1655
1656
1654
1654
1657
899
1655
1657
1654
1655
899
1263
295
1655
1655
1658
899
1655
1655
1654
1654
1654
1655
701
1655
899
1655
899
1654
1655
1657
1657
1657
1655
1654
1655
1655
1655
899
1539
1261
1654
1656
1654
899
1657
1655
1654
1656
1655
1654
1654
1655
2742
1654
1654
1654
899
1654
899
1656
1655
899
2740
1657
1655
1655
899
1658
1656
1654
1654
1508
1654
1654
1654
1654
1250
899
1655
1654
1655
295
899
1654
1251
1655
899
1656
899
1658
1526
1546
1657
1531
1657
1655
1654
899
1257
1658
899
1261
1655
1657
1655
295
1654
1654
1658
1654
1654
899
899
1656
899
1654
1658
1654
899
1658
899
1654
1658
1655
899
1529
899
1654
1654
2741
3266
1531
2003
1657
1655
1658
1654
1654
1654
1539
898
1654
899
1655
1657
1267
1654
916
1655
899
1658
1655
1655
1657
1654
1507
1654
1655
1656
1658
2741
1654
899
899
899
1655
1263
1654
899
1655
1657
1654
1657
1654
2741
1655
1264
1655
899
899
899
1655
1223
1532
1656
1655
1654
1658
899
1657
1655
1658
1654
1655
1657
1554
2759
295
1631
298
1657
899
1657
1658
1655
702
1654
1655
1654
1654
899
1655
1658
1655
2003
1654
1655
1537
1655
1657
1657
1654
1655
1654
1657
1658
1655
1658
899
2003
1654
1658
1658
1654
1655
1658
1655
1654
1654
1655
1655
1658
1655
1654
1657
899
1657
1655
1654
1656
1655
1655
1657
918
1655
1653
899
1654
1655
1658
1655
1641
1655
899
899
1658
3266
683
295
1654
2003
1655
1654
1654
1654
296
1655
899
2003
1655
1257
1657
1658
1658
1658
1657
1541
1655
1250
1654
899
1654
899
2744
1542
1655
1655
1783
1655
1654
1657
1655
1657
1655
899
1655
295
1658
1654
1657
1656
899
1657
2595
1658
1654
1654
899
1654
2741
1266
1655
1656
1641
1654
899
1658
1655
825
1654
899
1529
1655
1655
1657
1218
1654
1655
1533
1654
1655
1538
1658
1510
1655
1656
1658
1654
1657
1658
1658
899
1654
899
1656
1657
1655
1655
1654
1654
1536
1655
1654
663
1655
1656
1655
1654
1655
687
1656
1654
1658
1655
1656
1655
1654
899
1657
1658
1658
1655
1655
1655
1655
899
1530
2742
1223
1654
1655
1654
1655
1654
2742
1655
1658
1658
1649
1218
1225
1654
1655
1655
1655
1654
1654
1658
1649
899
1654
1657
1654
899
1654
1654
701
1655
1655
1655
899
1492
1655
1654
899
899
799
827
1655
1655
1654
1654
1250
899
1655
1655
1656
1658
1654
1657
1554
1655
1655
1654
899
1657
899
1657
1654
899
1658
1658
1259
1654
1654
899
899
1656
1654
1655
1657
1655
1657
1654
1655
1654
899
1654
1654
1655
1655
1655
1657
1658
1654
1654
1257
1656
1655
899
1654
1509
899
1654
1654
1655
1655
1656
1658
1654
1654
2741
1530
1658
1640
899
2742
1656
1549
899
1245
1657
1657
1655
899
1657
1655
1655
1658
1507
1656
1655
1655
1658
1654
899
1658
1654
1657
1658
1253
1657
1656
1655
1655
1654
1654
1641
701
1655
1654
899
1655
1655
1654
1658
1656
2003
1261
2744
1657
1507
1257
1658
2742
1657
1655
1655
1655
1655
1654
1654
899
1654
1657
1655
899
2003
1658
1658
1655
1657
1654
295
1655
1658
1658
800
899
2744
1528
1657
899
1654
1654
1265
1655
1657
1250
1655
1655
1655
1656
1509
1654
899
1655
1507
899
1655
1655
1657
1654
1658
723
701
1654
1657
1498
1655
1532
1658
1655
1654
1658
1657
1655
1658
1655
1265
899
1656
1654
1656
1655
1658
1655
1654
1654
1654
1657
1655
1655
1655
1654
1250
1654
2760
683
683
1257
1657
899
1655
1654
1257
1654
1655
1655
1654
1655
1655
1532
1654
1657
1657
1656
1658
1655
899
1655
703
1655
1657
1656
899
899
1654
899
1655
899
899
1655
1654
1657
1656
1658
1655
899
1655
1656
1642
1658
1658
1528
1657
1655
1657
1657
1656
1655
1654
921
1654
1658
1655
1655
1658
1654
2741
1654
1657
799
1657
1655
1655
1654
1655
899
295
1654
1654
1511
1658
1654
1655
1251
2744
1655
1658
1654
1657
1509
1656
1655
1655
1656
1656
1654
1657
1655
1539
1654
1656
899
1655
1657
1655
1655
2005
1657
830
1657
1657
1658
1654
1658
1526
1654
899
1655
1655
1654
1654
2742
899
899
899
1655
1658
1655
1655
899
1655
1657
1658
1657
1655
1655
1655
1656
1654
899
1655
2744
1657
1655
1657
1655
1657
1655
295
1508
899
1655
1654
1658
1260
1657
1654
1654
1655
1654
1657
1654
1658
1654
1657
1654
1655
899
1658
1657
1654
1655
1656
1655
1655
1655
899
1657
899
704
899
702
1655
899
1552
1655
821
1655
1654
1654
1655
1654
1251
1657
1655
1657
1655
1658
1654
899
2742
1654
1654
899
1656
1658
1654
1655
1655
1654
1654
1655
1654
1654
899
1654
2741
1654
1511
1654
1655
1654
1655
1654
1655
1657
1656
1656
899
1654
1655
1657
1655
1654
1654
295
1657
1658
1657
1655
899
1658
1654
1537
1654
1657
1532
1655
1655
1655
295
1655
2742
1655
1656
1658
1656
1655
1657
1657
1654
1654
1657
899
1657
1655
1654
1655
1655
1655
1257
1655
1657
1266
1655
1655
1655
1655
899
1655
1658
1654
1654
2742
899
1658
1654
1657
2742
1654
1657
1656
1654
1655
1658
1656
899
1655
1657
1657
1531
1658
1655
1654
1656
1655
1656
1655
1658
1654
1658
1655
1655
1658
1657
1261
1654
1654
1654
1538
1655
1656
1658
1655
899
1654
899
1654
899
1654
1507
1655
1655
1654
899
1655
1657
1654
1654
1657
701
1654
1654
1657
899
1657
899
2007
1658
1260
1658
1654
1655
899
899
701
1655
1656
1655
1655
1655
1656
899
2742
1655
1655
1658
899
1658
1226
1658
1655
899
1655
1538
1655
1655
1655
1655
1655
1654
1654
1654
1654
1654
1654
802
1655
1655
1655
899
1262
1657
1656
1657
1658
1654
1657
1533
1658
899
1539
1654
2742
1654
1658
1656
899
1655
2744
1658
1654
899
1655
1658
1655
899
1654
1655
899
1654
701
1656
1531
704
1655
1655
1654
1654
1655
1654
1656
1263
1655
899
1655
1655
899
1259
1654
1654
1657
1656
1654
1655
1548
1658
1654
1218
899
899
1654
1655
1658
1654
1642
1656
1655
1655
1654
1655
1654
1256
1657
1654
1654
899
1654
1655
1260
1655
1655
1655
1655
1655
1655
1657
1658
1655
1655
1655
1657
1657
1658
1658
1657
1654
1655
1655
899
1658
1654
1654
1654
1654
1655
1250
899
1655
899
1654
1655
1654
1654
1654
1260
1654
1657
1655
1655
899
1655
1658
1654
1658
1655
1654
1657
1656
1654
1654
899
1535
1654
899
1654
1655
1654
899
1658
1655
1658
1226
1656
898
1226
1655
1655
1538
1655
1656
1657
2744
1655
1656
1657
899
1657
1262
1655
1654
1654
1657
1654
1655
1657
1655
1654
899
1658
899
898
1654
1654
1656
1655
1655
1657
1654
1534
2742
1654
899
1655
1658
1657
1657
1654
1658
1654
1654
1658
1658
1655
1654
1655
1655
1655
2004
1655
1655
1654
1654
1654
1655
1655
899
2742
1657
898
1654
1656
673
2744
1655
1655
1655
1655
1658
1654
899
1656
1654
1259
1655
1654
1656
1658
1259
1654
1654
2003
295
1655
1654
1655
1655
1654
1657
1654
1654
1258
1658
1657
1654
1654
1654
1654
1530
1533
2741
899
1658
899
1658
2741
1654
1655
1657
1654
899
1658
1657
1655
1655
1656
1655
1655
1655
1654
1655
1657
1655
1657
1654
899
1655
1658
1655
1510
1655
1657
1268
899
899
1657
1654
1654
899
1654
1655
1654
1655
1655
295
1655
1533
899
1658
899
899
1655
1658
1655
1657
1657
1654
899
1532
1655
1654
1530
1658
1654
1655
1655
2738
833
1657
2742
899
1657
1658
899
1509
1556
1654
1654
1658
1658
1655
295
1654
1654
1654
1654
1655
1655
1656
1654
1655
1655
1655
1656
1656
1654
1655
1654
1657
899
1251
1655
899
1654
1655
1655
1657
1654
1657
1654
1654
1658
1655
1658
297
1554
1657
1658
1654
1654
1654
1538
1655
899
1655
1655
1656
1655
1655
1654
1657
1655
1654
1654
1655
1510
1655
899
1655
1655
1657
1655
1654
1251
1658
1654
1655
1654
1655
2742
1654
899
899
1656
1655
1656
1657
295
899
1655
1654
1655
1654
1654
1654
1655
1655
1658
1654
295
1658
1658
1655
1655
1654
2740
1657
1658
1658
1654
1657
1657
1654
1652
1658
1655
1513
1657
1655
1655
1654
1655
1655
2007
1658
1658
1655
1658
1657
899
1655
1655
1658
1655
1657
1654
1224
1654
1655
1657
1654
1658
1263
1658
1654
1658
829
1655
1657
1508
1658
1655
1225
1546
1654
899
1658
1529
1654
1655
1655
2742
899
1654
899
1655
1658
1655
1656
1658
1535
1654
1655
1654
1256
1658
899
899
1654
1655
1654
1657
1510
1654
899
1656
1655
1251
1656
1654
1654
899
295
1654
899
899
1654
1656
1657
1250
1655
1656
1655
1657
899
1654
899
1657
1654
295
802
3266
1655
1654
1656
1658
1654
1654
1654
1655
1655
899
1654
1509
1657
1223
1655
1654
899
1657
1654
1656
1655
899
1658
1654
1655
1656
1655
1654
701
899
1224
1655
1655
2742
1654
1260
2742
1657
1250
1658
1655
1654
1528
1654
1656
1655
1658
1654
899
1654
1657
1657
295
1658
1655
1656
1654
1654
1218
1658
1655
1655
1655
1654
1533
1655
1654
1657
1654
1498
1656
2003
1658
1654
899
1655
1656
1655
1657
1218
1655
1657
1538
1658
1654
899
1655
1649
1655
1655
899
899
899
1656
1656
1655
701
1655
899
1656
1655
899
1654
899
899
2003
1657
1655
1658
1655
1655
1657
295
1654
1657
1654
1654
1654
701
899
1263
1654
1654
1654
1658
899
1654
899
1658
1658
1655
1658
1262
899
1654
1657
1655
1655
1658
899
1654
1655
1656
899
1656
1654
1654
1527
899
1655
294
1656
1658
899
1251
1654
1658
899
1657
1656
1657
1654
1654
1656
1655
899
1655
1654
1655
1655
1656
1657
1249
918
2003
1551
1535
1655
1257
1251
1655
898
1655
1535
1655
1655
1218
899
1654
1531
1657
899
1658
1658
1655
1655
2741
1654
1655
1654
1545
1655
799
1528
1654
295
1657
899
1657
2742
1654
898
1656
1656
1657
1654
1655
1655
1655
1658
1655
1654
1655
1655
899
2742
1655
1658
1655
899
899
1658
1657
1533
1656
1654
1658
1657
1250
1655
1655
1509
295
1656
899
1654
1498
1655
1654
1654
1654
1655
1657
704
1657
899
1658
1656
1656
1654
1654
1654
1539
1657
294
1656
1250
1657
1657
1657
1658
295
1535
1655
1657
1658
1658
1657
1655
1654
1658
1657
1657
1654
1656
899
1654
1657
1655
1654
1654
1654
1655
1654
1654
1654
1532
1654
1540
1657
1655
1655
899
1655
1655
1657
1251
2003
899
1655
1655
1654
1223
1655
1263
1657
1654
1655
1528
899
1508
1656
1655
1655
1655
1658
899
1655
899
1218
1655
1658
1657
1654
1655
1257
1655
1655
1654
899
1657
1654
1656
1259
1655
1654
1655
1654
899
1655
1655
1655
1655
899
1538
899
1656
1655
899
899
1655
1219
1654
1658
1543
1655
1656
1655
1655
1655
1655
1655
1655
1655
1654
1658
1655
1548
1654
1654
1657
1655
1656
1657
1657
1654
1654
1657
1261
1657
1656
1656
1655
1226
1529
1655
1655
1531
1657
1655
1657
1654
1654
1655
1655
1654
1657
1655
1658
1654
1654
1534
1655
1654
1655
1654
1658
1658
1655
1657
1654
1654
899
1656
1655
1654
899
1655
1509
1538
1654
1655
899
918
899
2744
1657
1654
1654
1655
1656
899
1655
2741
1654
1241
1654
1655
1655
1655
1655
1656
1654
1654
1656
1658
899
2742
1655
1655
295
1529
1655
1654
1658
1657
1655
1655
1655
1265
1658
1655
1655
1226
1655
1654
1654
899
1654
1654
1654
1657
1655
1658
1654
803
1657
1267
1657
899
1654
1655
1654
1658
1655
1655
1655
1655
1655
1655
1658
1657
1658
1656
1655
1655
1657
1655
1654
1655
1655
899
1654
1657
1655
1262
899
1655
1655
1655
1655
1655
1654
1654
1508
1654
1657
1655
2742
1655
1657
1655
1658
899
1655
1658
1655
1657
1654
1655
1654
1657
1656
1260
1654
1658
1655
899
1657
1655
1655
1658
899
1655
1655
1657
1654
1658
1655
899
1656
899
1267
1657
1658
1655
899
1654
1654
1657
1655
1655
1658
899
1654
1491
1658
295
1654
1658
1655
1262
1536
1654
1262
1656
2742
1654
1654
1658
1658
1654
899
1655
1658
1654
1654
1656
1656
1654
1253
1654
1654
1654
1656
1654
1654
1657
899
1654
1655
899
1655
899
295
1654
1657
295
1656
1654
899
1657
1654
899
1654
1654
899
1654
1655
1654
1654
1654
1657
1504
1655
1655
898
1658
1655
1657
1654
1657
2003
899
1218
1654
1658
1654
1654
1654
1656
899
1655
1654
1654
1513
1658
1655
1654
899
701
1657
1654
1654
899
1654
1654
1654
1654
1654
1658
1655
1218
1655
1658
1655
1657
1655
1657
1655
1658
1655
1655
1654
1655
899
1499
1655
1658
1657
1539
828
899
1655
899
1509
1658
1658
899
1656
1657
899
1654
1655
1654
899
899
1654
1656
1657
808
1655
1658
1657
1547
1655
1655
1657
1658
1655
1655
1251
1655
1656
1657
899
1655
1654
1654
1658
1654
899
1658
1657
899
1655
1655
1655
1266
1658
1531
899
1654
1655
1656
1655
1654
1654
1654
899
899
899
1655
1654
1655
1654
1655
1656
1657
1657
1656
1655
1655
1658
1654
3266
1655
1655
1655
1658
1655
1531
1655
1656
1654
899
1654
1655
899
899
899
1654
1658
1657
1658
1654
916
1654
1655
1533
1658
1655
1654
1654
1656
1658
1657
1658
1654
1655
1655
1654
1658
1657
1655
1657
1654
1553
1655
1657
1655
1655
1654
1657
1537
1251
1654
2742
1655
1656
1654
1657
1654
1657
1656
1250
1654
1544
1655
1655
1655
1655
1658
1654
1655
1654
1654
295
1657
1551
1654
701
1655
1655
899
1654
1655
1654
1657
1645
1657
1654
1657
1655
1657
1654
2005
1657
1656
1655
1654
1655
1657
1655
1655
1655
1657
1654
1654
1654
1655
1262
899
1655
1657
1657
1546
1257
1655
1655
1656
1657
1657
1655
899
1654
1656
1658
899
1657
1655
1654
1543
1654
1551
1657
1534
1655
1655
1655
1655
1654
1510
1655
1658
899
1657
1658
1654
1655
1658
1655
899
1658
1654
1655
1654
922
1541
899
1655
1657
1655
1657
1521
1654
899
1654
1655
2742
1555
1658
1655
1658
295
1655
1261
865
1658
1656
1657
1655
1655
1656
899
1654
1657
1656
1655
899
1654
1658
1655
1644
1655
1654
899
1657
1654
1533
899
1655
1655
1656
1655
1655
1655
1657
1654
1655
1657
1657
1655
1656
1655
1657
1654
1655
1654
1655
1657
1655
1656
1656
899
1658
899
1226
1654
1260
1658
1538
1654
1654
1658
1655
1654
1654
1655
899
1658
1656
1657
1491
1654
1654
899
1658
1657
899
295
1655
1654
294
1655
1657
1656
899
1654
723
1657
1655
1528
1218
1656
1552
899
1655
1655
1655
1654
1654
1656
1657
1265
1655
1655
1658
1658
1654
1654
1655
1655
1657
1654
1529
1654
1655
1258
1657
1656
1656
1654
899
1655
1654
899
1654
899
1655
1267
1539
1655
1654
1658
1655
1654
1654
1263
1657
1654
1656
1657
1657
899
899
1658
1655
1655
1654
1491
1657
1656
1655
1265
1654
1658
1654
1657
1538
1655
1654
1655
1528
1654
295
899
1655
1658
898
899
1658
1655
1530
921
1654
899
1656
1654
295
1654
1654
899
1656
1655
2742
1654
1654
1655
1657
1655
1654
1256
1654
1657
899
1655
1654
1654
1654
1654
1658
1656
1655
1655
1654
2003
1251
1264
695
1657
1547
2742
1655
1654
695
1658
1655
1654
1654
1654
295
1655
899
1528
899
1658
2742
1256
1657
1655
1654
1655
1658
1654
1529
1656
1654
1654
1656
1264
1654
1259
1655
1656
1529
1657
1655
1261
1654
1654
1655
899
1654
899
1656
1658
1654
1654
1655
1266
1655
1658
1655
798
1657
1529
1654
1654
1226
1654
1654
1658
2742
1658
1655
1655
1654
1655
899
1654
1655
1218
1655
899
1654
1655
2006
1655
1657
1654
1658
1511
899
1654
1654
1657
1655
1656
1657
1654
1655
1655
1658
1655
1508
1657
1655
1657
1654
1645
295
898
1658
704
1655
1655
1654
1655
1655
1658
1655
1655
899
1529
1655
1655
1658
1657
1657
899
899
1657
1655
1654
1509
1655
1655
1654
1655
1657
1655
1658
1654
899
1654
1253
1655
1655
1656
1512
1654
1655
1655
1657
1557
1655
1657
295
899
1657
1654
1654
1655
1529
1658
1655
1655
1655
1250
1658
1655
1655
1654
1657
1654
1655
1655
1654
1260
1658
1657
1658
899
1655
1538
1655
1655
1655
1526
1655
1655
899
1658
1655
1657
1655
1657
1655
1252
1657
1654
1656
1655
1655
1658
1654
1655
1655
1655
1655
1657
1655
1654
1657
1654
1654
1657
1654
1658
1655
899
899
1655
1655
1654
899
1656
899
1655
1658
1655
1655
1654
1654
1657
899
1658
1657
1654
1250
1656
1658
1258
899
1654
1654
1657
1658
1655
1538
2742
1657
1654
899
1539
899
1655
1655
1655
899
1657
1657
1655
1654
1655
1654
1654
1658
1654
1510
1654
1656
1658
1657
1658
1657
1226
1655
1658
1657
1656
1658
1655
1654
1655
1656
1644
1654
899
1655
1654
1550
1656
1655
1657
899
1508
1655
1550
1655
1653
1658
1655
1654
1657
1655
1657
1223
1655
2744
295
1658
1491
1654
681
1655
899
1654
1656
2742
1655
1656
899
1655
1656
1656
899
1654
1655
1654
1654
1654
1654
899
1655
1655
1658
1658
1654
1655
1657
899
1657
1531
1508
1655
2003
1655
1654
1657
2742
1654
1654
827
1657
1655
1658
723
1657
1654
1654
1658
899
1654
1655
1654
1654
2741
1657
1655
1654
1655
1655
1655
1655
1655
1657
1655
1656
1655
1658
1654
1655
899
1654
1654
1654
1257
1656
1654
1506
899
1658
1654
1655
1658
1655
295
1655
1654
1654
1654
1551
1655
1655
1655
1654
1654
1655
1655
1654
2004
1657
1654
1656
1654
1654
2742
1655
1654
1654
1657
1654
1654
1654
1655
1264
1655
1655
1250
899
1654
1654
1658
1658
1655
1657
1655
1525
1655
1658
1654
1655
1654
1657
1657
2744
1251
1655
1654
1654
1655
1656
1541
1654
899
1657
1654
1658
1654
1654
899
899
1656
1656
1650
1654
1655
1656
1550
1655
1654
899
1655
899
899
1654
1654
1655
1655
1655
1655
899
1655
2742
1654
1655
1531
899
1655
1658
1655
1655
1656
899
1655
1657
1654
1658
2742
1656
1654
2740
899
1657
1657
1654
1218
1656
1526
1654
1657
1655
1654
1655
1657
1654
1657
1654
1655
899
1655
1251
1658
1654
1657
1656
1655
1654
899
1654
1649
1657
1655
1654
1655
1658
1654
1655
1658
1655
1654
1657
1654
1654
1654
1655
1658
1657
1656
673
1657
1658
1654
1655
1655
899
1655
1655
1655
1655
1655
1263
1657
899
1654
899
1656
1654
1654
1658
1654
1657
1654
1655
1654
1654
1657
899
1655
1655
2005
1654
1655
1654
1654
1657
1655
1256
1654
1656
295
1655
1251
1654
1656
1654
1655
1655
899
1658
1655
1655
1656
1657
1654
2735
1658
1657
1656
1655
899
1654
899
1655
1654
1655
1657
2744
1655
1657
2005
1655
1654
899
1658
1655
1658
1654
1656
1657
1265
1657
2742
899
1654
1657
1655
1655
1258
1658
1655
1657
1655
1658
1656
1654
1655
1654
1654
1658
1655
1654
1654
1657
1657
1655
899
1655
1654
1655
1657
1654
1655
1655
1658
1654
1218
1654
899
899
1655
1654
3266
295
1655
1259
1655
1658
899
799
918
1527
1658
1658
899
1267
802
1654
1657
1654
1538
1654
1257
899
1655
1218
1655
1655
1655
1654
899
1657
1262
1654
1655
1654
1492
1250
899
1657
2742
1655
1655
1655
1658
1657
1655
1262
1657
1656
1656
1657
1654
1654
1654
1657
1655
899
1658
1654
1654
1655
1657
1657
1657
1654
1655
899
1656
1655
1657
899
2742
1658
1657
1655
899
1654
1657
1654
1655
1654
1655
1655
1654
918
2742
1654
2004
2742
1654
899
1225
852
1250
1491
899
899
1654
1654
1223
1656
1654
1655
899
1655
899
1656
1658
1656
1654
1654
1657
1654
1536
1655
1654
1654
1655
899
1655
2742
681
899
1656
1657
1654
1655
1654
1655
1654
1657
1655
1655
1658
899
899
899
1657
1657
1655
1655
1654
295
1655
1654
1658
1656
1536
1654
1655
2742
1654
1528
1654
899
1654
1655
1658
1655
1658
1657
1658
1655
899
1657
1655
1654
1655
1657
802
2597
704
1657
1655
1529
1655
899
1655
1657
1658
1658
1658
1655
1654
1658
2003
1530
1658
294
899
1655
1657
1654
899
1655
1655
1654
1654
1655
1655
1654
1656
1262
1654
1654
899
1655
1657
1654
1655
1658
1654
1657
1658
1655
1655
1654
1655
2742
1266
1658
1226
1654
1657
1655
899
1658
1655
1655
1250
1655
899
1655
1511
1656
1655
1543
1654
1658
1655
1657
1655
1657
1654
1654
1654
1654
1657
899
1654
1262
1658
1655
1654
1654
295
1655
1658
899
1654
899
295
899
1655
1654
899
1654
1655
1654
1654
1654
1534
295
1654
1656
1655
899
1657
1655
1654
899
1655
1655
899
1654
1656
1654
1656
2003
1655
1655
1655
1655
923
1654
1655
1655
2743
1655
899
1654
1654
1657
1656
1267
1655
1657
1654
1655
1657
1655
1658
1655
1655
1264
1654
1265
1657
1656
1655
1657
1657
1654
1658
1654
1655
1655
1658
1655
1655
1657
1657
1654
1655
1655
1655
1657
1655
899
1657
1258
1657
1655
1655
1656
1259
2742
1655
2742
2744
2741
1657
1655
1655
1655
1655
2742
1655
1654
1655
1658
1654
1655
1654
1655
1506
1654
1654
899
1655
1657
2003
1654
1657
1657
1654
1655
1655
1655
1653
899
1657
2742
1657
1257
1657
1654
1657
1658
2741
1655
1657
1657
1657
1654
1655
899
1655
1655
899
295
1657
1654
1654
899
1658
1657
1655
1657
899
1656
1654
1655
1654
1657
1655
1657
1656
1658
1654
1655
1265
1654
1654
1658
1655
1655
899
899
1656
1654
1655
1655
1655
1654
1654
1654
1657
899
899
899
1263
1656
1654
2742
1654
1655
1655
899
899
1655
1658
1655
899
1654
1257
1655
1655
1658
1537
1655
2742
1655
1654
1657
1654
1655
1224
1655
1654
1655
1655
1655
899
1655
1655
1658
1654
899
1657
1657
1654
1507
899
1657
1655
1657
1268
1655
1654
1655
1511
1655
1654
1655
1655
1655
1658
899
2742
1656
1657
1538
1656
1641
1654
1654
1655
1655
1655
1645
1655
1655
1654
1654
1655
1654
2742
1654
1656
1657
2742
1655
1654
1655
1655
1654
1658
1656
1654
1655
899
1657
1655
1658
1654
1654
1657
1656
1654
1658
1654
1261
1654
1655
1654
916
1654
1658
1241
1655
1654
1655
1658
899
899
1654
1655
1658
1655
899
2744
1654
1655
1655
899
704
2742
1657
